'10801',1338101,142740,0,'University',0,10000,0,'University',0,10000,0,'University',0,10000,0,'University',0,10000,0,'University',0
'1201',1338101,85640,0,'University',0,57100,0,'University',0,10000,0,'University',0,10000,0,'University',0,10000,0,'University',0,10000,0,'University',0
'1',1338101,62750,0,'University',0,2990,0,'University',0,7000,0,'University',0,3000,0,'University',0,7000,0,'University',0,3000,0,'University',0,7000,0,'University',0,3000,0,'University',0,7000,0,'University',0,3000,0,'University',0,7000,0,'University',0,3000,0,'University',0,7000,0,'University',0,3000,0,'University',0,7000,0,'University',0,3000,0,'University',0,10000,0,'University',0,10000,0,'University',0,10000,0,'University',0,10000,0,'University',0,10000,0,'University',0,15510,0,'University',0,10000,0,'University',0,10000,0,'University',0,10000,0,'University',0,10000,0,'University',0
'2',1338101,61300,0,'University',0,9950,0,'University',0,10000,0,'University',0,10000,0,'University',0,10000,0,'University',0,10000,0,'University',0,9980,0,'University',0,1510,0,'University',0,3000,0,'University',0,7000,0,'University',0,3000,0,'University',0,7000,0,'University',0,3000,0,'University',0,7000,0,'University',0,3000,0,'University',0,7000,0,'University',0,3000,0,'University',0,7000,0,'University',0,3000,0,'University',0,7000,0,'University',0,3000,0,'University',0,15510,0,'University',0,10000,0,'University',0,10000,0,'University',0,10000,0,'University',0,10000,0,'University',0
'3',1338101,91250,0,'University',0,10000,0,'University',0,10000,0,'University',0,10000,0,'University',0,10000,0,'University',0,10000,0,'University',0,10000,0,'University',0,10000,0,'University',0,10000,0,'University',0,10000,0,'University',0,10000,0,'University',0,10000,0,'University',0,10000,0,'University',0
'8001',1338101,142740,0,'University',0,10000,0,'University',0,10000,0,'University',0,10000,0,'University',0,10000,0,'University',0
'10801',1338801,162650,,'',0,1570,,'',0,7000,,'',0,1430,,'',0,1570,,'',0,8430,,'',0
'1201',1338801,162650,,'',0,1570,,'',0,7000,,'',0,1430,,'',0,1570,,'',0,8430,,'',0
'1',1338801,65650,,'',0,7000,,'',0,3000,,'',0,7000,,'',0,3000,,'',0,7000,,'',0,3000,,'',0,10000,,'',0,10000,,'',0,10000,,'',0,10000,,'',0,10000,,'',0,10000,,'',0,10000,,'',0,10000,,'',0,10000,,'',0,10000,,'',0,10000,,'',0,10000,,'',0,10000,,'',0,10000,,'',0
'2',1338801,65650,,'',0,10000,,'',0,10000,,'',0,10000,,'',0,10000,,'',0,10000,,'',0,10000,,'',0,10000,,'',0,10000,,'',0,10000,,'',0,10000,,'',0,10000,,'',0,10000,,'',0,10000,,'',0,10000,,'',0,10000,,'',0,10000,,'',0,10000,,'',0
'3',1338801,85650,,'',0,10000,,'',0,10000,,'',0,10000,,'',0,10000,,'',0,10000,,'',0,10000,,'',0,10000,,'',0,10000,,'',0,10000,,'',0,10000,,'',0,10000,,'',0,10000,,'',0
'8001',1338801,162650,,'',0,1570,,'',0,7000,,'',0,1430,,'',0,1570,,'',0,8430,,'',0
