'10801',1338001,154400,4,'',0
'1201',1338001,154400,4,'',0
'1',1338100,61400,4,'',0,200,,'',0,2800,4,'',0,200,,'',0,6800,4,'',0,200,,'',0,2800,4,'',0,200,,'',0,6800,4,'',0,200,,'',0,2800,4,'',0,200,,'',0,6800,4,'',0,200,,'',0,2800,4,'',0,200,,'',0,6800,4,'',0,200,,'',0,2800,4,'',0,200,,'',0,6800,4,'',0,200,,'',0,2800,4,'',0,200,,'',0,6800,4,'',0,200,,'',0,2800,4,'',0,200,,'',0,6800,4,'',0,200,,'',0,2800,4,'',0,200,,'',0,6800,4,'',0,200,,'',0,2800,4,'',0,200,,'',0,6800,4,'',0,200,,'',0,2800,4,'',0,200,,'',0,6800,4,'',0,200,,'',0,2800,4,'',0,200,,'',0,6800,4,'',0,200,,'',0,2800,4,'',0,200,,'',0,6800,4,'',0,200,,'',0,2800,4,'',0,200,,'',0,9800,4,'',0,200,,'',0,9800,4,'',0,200,,'',0,9800,4,'',0,200,,'',0,9800,4,'',0,200,,'',0,9800,4,'',0,300,,'',0,9200,4,'',0
'2',1338100,64400,4,'',0,200,,'',0,9800,4,'',0,200,,'',0,9800,4,'',0,200,,'',0,9800,4,'',0,200,,'',0,9800,4,'',0,200,,'',0,9800,4,'',0,200,,'',0,7000,,'',0,2800,4,'',0,200,,'',0,6800,4,'',0,200,,'',0,2800,4,'',0,200,,'',0,6800,4,'',0,200,,'',0,2800,4,'',0,200,,'',0,6800,4,'',0,200,,'',0,2800,4,'',0,200,,'',0,6800,4,'',0,200,,'',0,2800,4,'',0,200,,'',0,6800,4,'',0,200,,'',0,2800,4,'',0,200,,'',0,6800,4,'',0,200,,'',0,2800,4,'',0,200,,'',0,9800,4,'',0,200,,'',0,9800,4,'',0,200,,'',0,9800,4,'',0,200,,'',0,9800,4,'',0,200,,'',0,9800,4,'',0,300,,'',0,9200,4,'',0
'2',1338101,121400,4,'',0
'3',1338100,84400,4,'',0,200,,'',0,9800,4,'',0,200,,'',0,9800,4,'',0,200,,'',0,9800,4,'',0,200,,'',0,9800,4,'',0,200,,'',0,9800,4,'',0,200,,'',0,9800,4,'',0,200,,'',0,9800,4,'',0,200,,'',0,9800,4,'',0,200,,'',0,9800,4,'',0,200,,'',0,9800,4,'',0,200,,'',0,9800,4,'',0,200,,'',0,9800,4,'',0,300,,'',0,9200,4,'',0
'10801',1342100,124400,4,'',0,10000,4,'',0,10000,4,'',0,10000,4,'',0
'10801',1342101,114600,,'',0,10000,,'',0,10000,,'',0,10000,,'',0,16800,,'',0,3000,,'',0
'1201',1342100,124400,4,'',0,10000,4,'',0,10000,4,'',0,10000,4,'',0
'1201',1342101,114600,,'',0,10000,,'',0,10000,,'',0,10000,,'',0,16800,,'',0,3000,,'',0
'1',1342100,64400,4,'',0,7000,4,'',0,3000,4,'',0,7000,4,'',0,3000,4,'',0,7000,4,'',0,3000,4,'',0,7000,4,'',0,3000,4,'',0,7000,4,'',0,3000,4,'',0,7000,4,'',0,10000,4,'',0,10000,4,'',0,10000,4,'',0,10000,4,'',0,3000,4,'',0,7000,4,'',0,3000,4,'',0,7000,4,'',0,3000,4,'',0,7000,4,'',0,10000,4,'',0,10000,4,'',0,10000,4,'',0,10000,4,'',0,10000,4,'',0
'1',1342101,61600,,'',0,3000,,'',0,7000,,'',0,3000,,'',0,7000,,'',0,3000,,'',0,7000,,'',0,3000,,'',0,7000,,'',0,3000,,'',0,7000,,'',0,10000,,'',0,10000,,'',0,10000,,'',0,10000,,'',0,3000,,'',0,7000,,'',0,3000,,'',0,7000,,'',0,3000,,'',0,7000,,'',0,10000,,'',0,10000,,'',0,10000,,'',0,10000,,'',0,10000,,'',0,10100,,'',0
'2',1342100,71400,4,'',0,10000,4,'',0,10000,4,'',0,10000,4,'',0,10000,4,'',0,3000,4,'',0,7000,4,'',0,3000,4,'',0,7000,4,'',0,3000,4,'',0,7000,4,'',0,3000,4,'',0,7000,4,'',0,3000,4,'',0,7000,4,'',0,3000,4,'',0,7000,4,'',0,3000,4,'',0,7000,4,'',0,3000,4,'',0,7000,4,'',0,10000,4,'',0,10000,4,'',0,10000,4,'',0,10000,4,'',0,10000,4,'',0
'2',1342101,71600,,'',0,10000,,'',0,10000,,'',0,10000,,'',0,10000,,'',0,3000,,'',0,7000,,'',0,3000,,'',0,7000,,'',0,3000,,'',0,7000,,'',0,3000,,'',0,7000,,'',0,3000,,'',0,7000,,'',0,3000,,'',0,7000,,'',0,3000,,'',0,7000,,'',0,10000,,'',0,10000,,'',0,10000,,'',0,10000,,'',0,10000,,'',0,10100,,'',0
'3',1342100,91400,4,'',0,10000,4,'',0,10000,4,'',0,10000,4,'',0,10000,4,'',0,10000,4,'',0,10000,4,'',0,10000,4,'',0,10000,4,'',0,10000,4,'',0,10000,4,'',0,10000,4,'',0,10000,4,'',0
'3',1342101,91600,,'',0,10000,,'',0,10000,,'',0,10000,,'',0,10000,,'',0,10000,,'',0,10000,,'',0,10000,,'',0,10000,,'',0,10000,,'',0,10000,,'',0,10000,,'',0,10100,,'',0
'8001',1342100,124400,4,'',0,10000,4,'',0,10000,4,'',0,10000,4,'',0
'8001',1342101,114600,,'',0,10000,,'',0,10000,,'',0,10000,,'',0
'10801',1342500,65900,4,'',0,10000,4,'',0,9600,4,'',0,400,4,'',0,6600,4,'',0,3400,4,'',0,10000,4,'',0
'10801',1342501,70100,,'',0,10000,,'',0,10000,,'',0,10000,,'',0,54500,0,'Confederation Term',0,11200,0,'Confederation Term',0
'1201',1342500,65900,4,'',0,10000,4,'',0,10000,4,'',0,10000,4,'',0,10000,4,'',0
'1201',1342501,70100,,'',0,10000,,'',0,10000,,'',0,10000,,'',0,54500,0,'Confederation Term',0,11200,0,'Confederation Term',0
'1',1342500,62900,4,'',0,10000,4,'',0,10000,4,'',0,10000,4,'',0,10000,4,'',0,10000,4,'',0,3000,4,'',0,7000,4,'',0,3000,4,'',0,7000,4,'',0,3000,4,'',0,7000,4,'',0,3000,4,'',0,7000,4,'',0,3000,4,'',0,7000,4,'',0,3000,4,'',0,7000,4,'',0,3000,4,'',0,7000,4,'',0,3000,4,'',0,8500,4,'',0,10000,4,'',0,10000,4,'',0,10000,4,'',0,10000,4,'',0,9400,4,'',0
'1',1342501,63100,,'',0,10000,,'',0,10000,,'',0,10000,,'',0,10000,,'',0,7000,,'',0,3000,,'',0,7000,,'',0,3000,,'',0,7000,,'',0,3000,,'',0,7000,,'',0,3000,,'',0,7000,,'',0,3000,,'',0,7000,,'',0,3000,,'',0,7000,,'',0,3000,,'',0,7000,,'',0,3000,,'',0,1500,,'',0,10000,,'',0,10000,,'',0,10000,,'',0,10000,,'',0,10100,,'',0
'2201',1342500,85500,4,'',0,7000,4,'',0
'2',1342500,64400,4,'',0,10000,4,'',0,10000,4,'',0,10000,4,'',0,10000,4,'',0,8500,4,'',0,3000,4,'',0,7000,4,'',0,3000,4,'',0,7000,4,'',0,3000,4,'',0,7000,4,'',0,3000,4,'',0,7000,4,'',0,3000,4,'',0,7000,4,'',0,3000,4,'',0,7000,4,'',0,3000,4,'',0,7000,4,'',0,3000,4,'',0,8500,4,'',0,10000,4,'',0,10000,4,'',0,10000,4,'',0,10000,4,'',0,9400,4,'',0
'2',1342501,64600,,'',0,10000,,'',0,10000,,'',0,10000,,'',0,10000,,'',0,5500,,'',0,3000,,'',0,7000,,'',0,3000,,'',0,7000,,'',0,3000,,'',0,7000,,'',0,3000,,'',0,7000,,'',0,3000,,'',0,7000,,'',0,3000,,'',0,7000,,'',0,3000,,'',0,7000,,'',0,3000,,'',0,1500,,'',0,10000,,'',0,10000,,'',0,10000,,'',0,10000,,'',0,10100,,'',0
'3',1342500,84400,4,'',0,10000,4,'',0,10000,4,'',0,10000,4,'',0,10000,4,'',0,10000,4,'',0,10000,4,'',0,10000,4,'',0,10000,4,'',0,10000,4,'',0,10000,4,'',0,10000,4,'',0,10000,4,'',0,9400,4,'',0
'3',1342501,84600,,'',0,10000,,'',0,10000,,'',0,10000,,'',0,10000,,'',0,10000,,'',0,10000,,'',0,10000,,'',0,10000,,'',0,10000,,'',0,10000,,'',0,10000,,'',0,10100,,'',0
'8001',1342500,65900,4,'',0,10000,4,'',0,10000,4,'',0,10000,4,'',0,10000,4,'',0
'8001',1342501,70100,,'',0,10000,,'',0,10000,,'',0,10000,,'',0
