1348600,4303,1,0
1348600,3621,2,0
1348600,3630,3,0
1348600,3627,4,0
1348600,3029,5,0
1348600,4484,6,1
1348600,4485,7,0
1348600,4486,8,0
1348600,3984,9,0
1348600,5956,10,0
1348600,5524,11,0
1348600,5490,12,0
1348600,3885,13,0
1348600,3889,14,0
1348600,3888,15,0
1348600,3886,16,0
1348600,3983,17,0
1348600,5896,18,0
1348600,4066,19,0
1348600,4047,20,0
1348600,4051,21,0
1348600,3324,22,0
1348600,3332,23,0
1348600,3358,24,0
1348600,3344,25,0
1348600,4287,26,0
1348600,3276,27,0
1348600,3279,28,0
1348600,3281,29,0
1348600,5899,30,1
1348601,5412,1,0
1348601,5414,2,0
1348601,3280,3,0
1348601,3278,4,0
1348601,3275,5,0
1348601,4000,6,0
1348601,3345,7,0
1348601,3357,8,0
1348601,3333,9,0
1348601,4053,10,0
1348601,4050,11,0
1348601,4046,12,0
1348601,5824,13,0
1348601,5339,14,0
1348601,3179,15,0
1348601,3182,16,0
1348601,4302,17,0
1348601,3356,18,0
1348601,4301,19,0
1348601,4303,20,1
1348700,5413,1,0
1348700,3078,2,0
1348700,3077,3,0
1348700,3123,4,0
1348700,3083,5,0
1348700,3087,6,0
1348700,3091,7,0
1348700,3096,8,0
1348700,3101,9,0
1348700,3104,10,0
1348700,3106,11,0
1348700,3108,12,0
1348700,3112,13,0
1348700,4014,14,0
1348700,4004,15,0
1348700,4003,16,0
1348700,3413,17,0
1348700,3973,18,0
1348700,3415,19,0
1348700,3533,20,0
1348700,3071,21,0
1348700,3501,22,0
1348700,3118,23,0
1348700,3116,24,0
1348700,4169,25,0
1348700,3907,26,0
1348700,5912,27,1
1348701,5912,1,0
1348701,4174,2,0
1348701,3652,3,0
1348701,5731,4,0
1348701,5732,5,0
1348701,5733,6,0
1348701,5734,7,0
1348701,5730,8,0
1348701,5729,9,0
1348701,5735,10,0
1348701,5368,11,0
1348701,5736,12,0
1348701,3115,13,0
1348701,3113,14,0
1348701,3109,15,0
1348701,3107,16,0
1348701,3105,17,0
1348701,3102,18,0
1348701,3098,19,0
1348701,3095,20,0
1348701,3092,21,0
1348701,3088,22,0
1348701,3084,23,0
1348701,4287,24,0
1348701,3276,25,0
1348701,3279,26,0
1348701,3281,27,0
1348701,5413,28,1
1348800,5415,1,0
1348800,3138,2,0
1348800,3139,3,0
1348800,5830,4,0
1348800,5831,5,0
1348800,5832,6,0
1348800,5833,7,0
1348800,5792,8,0
1348800,3189,9,0
1348800,4431,10,0
1348800,3190,11,0
1348800,4437,12,0
1348800,4438,13,0
1348800,3957,14,0
1348800,3935,15,0
1348800,4436,16,0
1348800,5714,17,0
1348800,5374,18,1
1348801,5374,1,0
1348801,3497,2,0
1348801,3495,3,0
1348801,5364,4,0
1348801,3494,5,0
1348801,5715,6,0
1348801,4116,7,0
1348801,4158,8,0
1348801,5843,9,0
1348801,5800,10,0
1348801,5834,11,0
1348801,5835,12,0
1348801,5836,13,0
1348801,5837,14,0
1348801,3140,15,0
1348801,3076,16,0
1348801,3159,17,0
1348801,5414,18,1
1348901,5868,1,0
1348901,5869,2,0
1348901,5873,3,0
1348901,5599,4,0
1348901,3993,5,0
1348901,5597,6,0
1348901,3739,7,0
1348901,4166,8,0
1348901,5935,9,0
1348901,4163,10,0
1348901,3187,11,0
1348901,3176,12,0
1348901,3294,13,0
1348901,3292,14,0
1348901,3586,15,0
1348901,5899,16,1
1348901,5415,17,1
1349000,3168,1,0
1349000,3169,2,0
1349000,3586,3,0
1349000,5413,4,0
1349000,3143,5,0
1349000,3160,6,0
1349000,3162,7,0
1349000,4333,8,0
1349000,3158,9,0
1349000,3146,10,0
1349000,3150,11,0
1349000,5833,12,0
1349000,5792,13,0
1349000,5793,14,0
1349000,3133,15,0
1349000,3666,16,0
1349000,3664,17,0
1349000,3661,18,0
1349000,3660,19,0
1349000,3658,20,0
1349000,5551,21,0
1349000,3193,22,0
1349000,3500,23,0
1349000,3620,24,0
1349000,3650,25,0
1349000,3141,26,0
1349000,4169,27,0
1349000,3907,28,0
1349000,5912,29,1
1349000,5911,30,1
1349000,5415,31,1
1349000,5897,32,1
1349001,5912,1,0
1349001,4174,2,0
1349001,5794,3,0
1349001,5795,4,0
1349001,5788,5,0
1349001,5796,6,0
1349001,5797,7,0
1349001,5799,8,0
1349001,3657,9,0
1349001,3659,10,0
1349001,3662,11,0
1349001,3663,12,0
1349001,3653,13,0
1349001,3665,14,0
1349001,3669,15,0
1349001,5800,16,0
1349001,5804,17,0
1349001,5957,18,0
1349001,3145,19,0
1349001,4332,20,0
1349001,3163,21,0
1349001,3161,22,0
1349001,3159,23,0
1349001,5413,24,1
1349001,5414,25,0
1349001,3293,26,0
1349001,3168,27,1
1349001,5900,28,1
1349100,5900,1,0
1349100,3280,2,0
1349100,3278,3,0
1349100,3275,4,0
1349100,4000,5,0
1349100,3345,6,0
1349100,3357,7,0
1349100,3333,8,0
1349100,4053,9,0
1349100,4050,10,0
1349100,4046,11,0
1349100,5824,12,0
1349100,4065,13,0
1349100,4059,14,0
1349100,4057,15,0
1349100,4055,16,0
1349100,4063,17,0
1349100,3198,18,0
1349100,3513,19,0
1349100,3508,20,0
1349100,3511,21,0
1349100,3514,22,0
1349100,5809,23,0
1349100,5810,24,0
1349100,5811,25,0
1349100,3806,26,0
1349100,5812,27,0
1349100,5606,28,0
1349100,5813,29,0
1349100,5519,30,0
1349100,5473,31,0
1349100,5906,32,0
1349100,3873,33,0
1349100,3875,34,0
1349100,3426,35,0
1349100,3419,36,0
1349100,3588,37,0
1349100,3167,38,0
1349100,3165,39,0
1349100,3166,40,0
1349100,3188,41,0
1349100,3420,42,0
1349100,3428,43,0
1349100,5822,44,0
1349100,5607,45,0
1349100,5823,46,0
1349100,3510,47,0
1349100,3506,48,0
1349100,3507,49,0
1349100,3883,50,0
1349100,3416,51,0
1349100,3560,52,0
1349100,4016,53,0
1349100,5453,54,0
1349100,4064,55,0
1349100,4056,56,0
1349100,4058,57,0
1349100,4060,58,0
1349100,4066,59,0
1349100,4047,60,0
1349100,4051,61,0
1349100,3324,62,0
1349100,3332,63,0
1349100,3358,64,0
1349100,3344,65,0
1349100,3074,66,0
1349100,3075,67,0
1349100,3076,68,0
1349100,3159,69,0
1349100,5902,70,1
1349101,5906,1,0
1349101,3873,2,0
1349101,3875,3,0
1349101,5721,4,0
1349101,5722,5,0
1349101,5612,6,0
1349101,5805,7,0
1349101,5826,8,0
1349101,5806,9,0
1349101,5807,10,0
1349101,5808,11,0
1349101,3315,12,0
1349101,4215,13,0
1349101,3353,14,0
1349101,3746,15,0
1349101,4166,16,0
1349101,5935,17,0
1349101,4163,18,0
1349101,3187,19,0
1349101,3176,20,0
1349101,3200,21,0
1349101,5902,22,0
1349101,3282,23,0
1349101,3170,24,0
1349101,3172,25,0
1349101,3173,26,0
1349101,3175,27,0
1349101,3186,28,0
1349101,4162,29,0
1349101,5904,30,0
1349101,5391,31,0
1349101,5392,32,0
1349101,4161,33,0
1349101,3747,34,0
1349101,4487,35,0
1349101,4218,36,0
1349101,4002,37,0
1349101,3314,38,0
1349101,4349,39,0
1349101,3313,40,0
1349101,3423,41,0
1349101,5728,42,0
1349101,3429,43,0
1349101,3427,44,0
1349101,3426,45,0
1349101,3419,46,0
1349101,3588,47,0
1349101,3167,48,0
1349101,3165,49,0
1349101,3166,50,0
1349101,3188,51,0
1349101,3420,52,0
1349101,3428,53,0
1349101,5473,54,0
1349101,5900,55,1
1349200,5899,1,0
1349200,3807,2,0
1349200,4324,3,0
1349200,4325,4,0
1349200,4326,5,0
1349200,3241,6,0
1349200,3222,7,0
1349200,3224,8,0
1349200,3225,9,0
1349200,3229,10,0
1349200,3232,11,0
1349200,3622,12,0
1349200,3233,13,0
1349200,3237,14,0
1349200,5764,15,0
1349200,5765,16,0
1349200,5766,17,0
1349200,5767,18,0
1349200,5710,19,0
1349200,3447,20,0
1349200,4383,21,0
1349200,4384,22,0
1349200,4385,23,0
1349200,4354,24,0
1349200,4316,25,0
1349200,4368,26,0
1349200,4320,27,0
1349200,4305,28,0
1349200,4307,29,0
1349200,4373,30,0
1349200,4321,31,0
1349200,5770,32,0
1349200,3526,33,0
1349200,3948,34,0
1349200,4176,35,0
1349200,4178,36,0
1349200,3907,37,0
1349200,5912,38,1
1349201,5912,1,0
1349201,4179,2,0
1349201,4177,3,0
1349201,4175,4,0
1349201,3527,5,0
1349201,3525,6,0
1349201,3524,7,0
1349201,3912,8,0
1349201,3913,9,0
1349201,3257,10,0
1349201,3255,11,0
1349201,3256,12,0
1349201,3258,13,0
1349201,4282,14,0
1349201,5768,15,0
1349201,5769,16,0
1349201,5785,17,0
1349201,5770,18,0
1349201,5771,19,0
1349201,5725,20,0
1349201,5772,21,0
1349201,3242,22,0
1349201,5782,23,0
1349201,3235,24,0
1349201,3238,25,0
1349201,3234,26,0
1349201,3239,27,0
1349201,3231,28,0
1349201,3230,29,0
1349201,3226,30,0
1349201,3223,31,0
1349201,3221,32,0
1349201,4315,33,0
1349201,4313,34,0
1349201,5608,35,0
1349201,4312,36,0
1349201,4311,37,0
1349201,4310,38,0
1349201,3163,39,0
1349201,3161,40,0
1349201,3159,41,0
1349201,5412,42,1
1349201,5414,43,1
1349300,5901,1,0
1349300,3078,2,0
1349300,3077,3,0
1349300,5756,4,0
1349300,3072,5,0
1349300,4043,6,0
1349300,4041,7,0
1349300,4061,8,0
1349300,4371,9,0
1349300,3362,10,0
1349300,3330,11,0
1349300,3339,12,0
1349300,3321,13,0
1349300,3363,14,0
1349300,3349,15,0
1349300,3359,16,0
1349300,3328,17,0
1349300,3341,18,0
1349300,3354,19,0
1349300,5737,20,0
1349300,3351,21,0
1349300,3334,22,0
1349300,4448,23,0
1349300,3323,24,0
1349300,5557,25,0
1349300,5909,26,1
1349301,5910,1,0
1349301,5556,2,0
1349301,4172,3,0
1349301,3335,4,0
1349301,3352,5,0
1349301,3338,6,0
1349301,3355,7,0
1349301,3342,8,0
1349301,3329,9,0
1349301,3337,10,0
1349301,3360,11,0
1349301,3350,12,0
1349301,3327,13,0
1349301,5738,14,0
1349301,3340,15,0
1349301,3331,16,0
1349301,4052,17,0
1349301,4062,18,0
1349301,4042,19,0
1349301,3073,20,0
1349301,3276,21,0
1349301,3279,22,0
1349301,3281,23,0
1349301,5901,24,1
1349400,5414,1,0
1349400,3280,2,0
1349400,3278,3,0
1349400,3275,4,0
1349400,4000,5,0
1349400,5663,6,0
1349400,5758,7,0
1349400,5759,8,0
1349400,5760,9,0
1349400,3474,10,0
1349400,3472,11,0
1349400,3470,12,0
1349400,3063,13,0
1349400,3067,14,0
1349400,3489,15,0
1349400,3486,16,0
1349400,3491,17,0
1349400,3609,18,0
1349400,3608,19,0
1349400,5761,20,0
1349400,3606,21,0
1349400,3604,22,0
1349400,3499,23,0
1349400,3967,24,0
1349400,3219,25,0
1349400,4390,26,0
1349400,4391,27,0
1349400,4492,28,0
1349400,3085,29,0
1349400,5384,30,0
1349400,5525,31,0
1349400,5426,32,0
1349400,5864,33,0
1349400,3798,34,0
1349400,3800,35,0
1349400,3799,36,0
1349400,4212,37,0
1349400,3745,38,0
1349400,4243,39,0
1349400,4244,40,0
1349400,4242,41,0
1349400,3114,42,0
1349400,5571,43,0
1349400,5567,44,0
1349400,3762,45,0
1349400,3765,46,0
1349400,3758,47,0
1349400,3757,48,0
1349400,3759,49,0
1349400,4117,50,0
1349400,3994,51,0
1349400,4251,52,0
1349400,3069,53,0
1349400,4202,54,0
1349400,4422,55,0
1349400,3907,56,0
1349400,5912,57,1
1349400,5911,58,1
1349401,5912,1,0
1349401,4174,2,0
1349401,4074,3,0
1349401,4054,4,0
1349401,3053,5,0
1349401,3707,6,0
1349401,4365,7,0
1349401,3756,8,0
1349401,5370,9,0
1349401,5449,10,0
1349401,4069,11,0
1349401,3197,12,0
1349401,5570,13,0
1349401,3213,14,0
1349401,5388,15,0
1349401,5389,16,0
1349401,5546,17,0
1349401,5383,18,0
1349401,3119,19,0
1349401,4072,20,0
1349401,5561,21,0
1349401,5562,22,0
1349401,5563,23,0
1349401,5564,24,0
1349401,5565,25,0
1349401,3038,26,0
1349401,3034,27,0
1349401,3031,28,0
1349401,4001,29,0
1349401,3603,30,0
1349401,5762,31,0
1349401,3607,32,0
1349401,3492,33,0
1349401,5753,34,0
1349401,3488,35,0
1349401,3068,36,0
1349401,3467,37,0
1349401,4344,38,0
1349401,3473,39,0
1349401,5752,40,0
1349401,5743,41,0
1349401,5755,42,0
1349401,5756,43,0
1349401,3276,44,0
1349401,3279,45,0
1349401,3281,46,0
1349401,5899,47,1
1349401,5415,48,1
1349500,5415,1,0
1349500,3199,2,0
1349500,3201,3,0
1349500,5558,4,0
1349500,3725,5,0
1349500,3723,6,0
1349500,3721,7,0
1349500,3309,8,0
1349500,3311,9,0
1349500,3305,10,0
1349500,3303,11,0
1349500,4419,12,0
1349500,3273,13,0
1349500,5372,14,0
1349500,4425,15,0
1349500,5656,16,0
1349500,3134,17,0
1349500,3254,18,0
1349500,3252,19,0
1349500,3253,20,0
1349500,3248,21,0
1349500,3480,22,0
1349500,4398,23,0
1349500,4399,24,0
1349500,4396,25,0
1349500,4386,26,0
1349500,5560,27,0
1349500,5828,28,0
1349500,5829,29,0
1349500,5404,30,0
1349500,5914,31,0
1349500,5916,32,0
1349500,5653,33,0
1349500,5844,34,1
1349501,5844,1,0
1349501,5401,2,0
1349501,5840,3,0
1349501,5642,4,0
1349501,5643,5,0
1349501,5644,6,0
1349501,5645,7,0
1349501,3288,8,0
1349501,5627,9,0
1349501,3443,10,0
1349501,3446,11,0
1349501,3445,12,0
1349501,3444,13,0
1349501,3442,14,0
1349501,4394,15,0
1349501,4395,16,0
1349501,3268,17,0
1349501,3483,18,0
1349501,3250,19,0
1349501,3249,20,0
1349501,3247,21,0
1349501,5750,22,0
1349501,5700,23,0
1349501,5657,24,0
1349501,5655,25,0
1349501,5373,26,0
1349501,4433,27,0
1349501,3304,28,0
1349501,3306,29,0
1349501,3312,30,0
1349501,3310,31,0
1349501,3722,32,0
1349501,4366,33,0
1349501,3437,34,0
1349501,3978,35,0
1349501,3285,36,0
1349501,3283,37,0
1349501,5897,38,1
1349501,5414,39,1
1349501,5415,40,1
1349600,5412,1,0
1349600,3282,2,0
1349600,3171,3,0
1349600,4370,4,0
1349600,3727,5,0
1349600,3723,6,0
1349600,3721,7,0
1349600,3309,8,0
1349600,3311,9,0
1349600,3305,10,0
1349600,3303,11,0
1349600,3301,12,0
1349600,3775,13,0
1349600,3774,14,0
1349600,3777,15,0
1349600,3771,16,0
1349600,3399,17,0
1349600,4480,18,0
1349600,3409,19,0
1349600,3405,20,0
1349600,3403,21,0
1349600,3401,22,0
1349600,4447,23,0
1349600,4446,24,0
1349600,4292,25,0
1349600,3441,26,0
1349600,3440,27,0
1349600,3985,28,0
1349600,3717,29,0
1349600,4108,30,0
1349600,4107,31,0
1349600,3998,32,0
1349600,3433,33,0
1349600,3435,34,0
1349600,3616,35,0
1349600,5846,36,0
1349600,3926,37,0
1349600,3928,38,0
1349600,3755,39,0
1349600,5847,40,0
1349600,3731,41,0
1349600,3732,42,0
1349600,3736,43,0
1349600,5908,44,1
1349601,5908,1,0
1349601,3733,2,0
1349601,3754,3,0
1349601,3925,4,0
1349601,3927,5,0
1349601,5848,6,0
1349601,3619,7,0
1349601,3438,8,0
1349601,3431,9,0
1349601,3996,10,0
1349601,3997,11,0
1349601,3430,12,0
1349601,3436,13,0
1349601,3432,14,0
1349601,3439,15,0
1349601,4293,16,0
1349601,4445,17,0
1349601,3407,18,0
1349601,3400,19,0
1349601,3402,20,0
1349601,3406,21,0
1349601,3410,22,0
1349601,4227,23,0
1349601,3772,24,0
1349601,3778,25,0
1349601,3773,26,0
1349601,3776,27,0
1349601,3302,28,0
1349601,3304,29,0
1349601,3306,30,0
1349601,3312,31,0
1349601,3310,32,0
1349601,3722,33,0
1349601,4366,34,0
1349601,3437,35,0
1349601,3978,36,0
1349601,3285,37,0
1349601,3283,38,0
1349601,5897,39,1
1349700,5453,1,0
1349700,4064,2,0
1349700,4056,3,0
1349700,4058,4,0
1349700,4060,5,0
1349700,4066,6,0
1349700,4047,7,0
1349700,4051,8,0
1349700,3362,9,0
1349700,3330,10,0
1349700,3339,11,0
1349700,4135,12,0
1349700,4148,13,0
1349700,4121,14,0
1349700,4124,15,0
1349700,4141,16,0
1349700,4149,17,0
1349700,4162,18,0
1349700,5903,19,0
1349700,4076,20,0
1349700,3787,21,0
1349700,3991,22,0
1349700,4328,23,0
1349700,4379,24,0
1349700,4378,25,0
1349700,3992,26,0
1349700,3532,27,0
1349700,3737,28,0
1349700,5907,29,0
1349700,3733,30,0
1349700,3754,31,0
1349700,5852,32,0
1349700,3700,33,0
1349700,3709,34,0
1349700,3706,35,0
1349700,3708,36,0
1349700,3713,37,0
1349700,3904,38,0
1349700,3596,39,0
1349700,3602,40,0
1349700,3598,41,0
1349700,5853,42,0
1349700,5854,43,0
1349700,5428,44,0
1349700,3644,45,0
1349700,3641,46,0
1349700,3734,47,0
1349700,3731,48,0
1349700,3732,49,0
1349700,3736,50,0
1349700,5908,51,1
1349701,5908,1,0
1349701,3735,2,0
1349701,3531,3,0
1349701,3993,4,0
1349701,4374,5,0
1349701,4375,6,0
1349701,4329,7,0
1349701,3990,8,0
1349701,4343,9,0
1349701,4077,10,0
1349701,4078,11,0
1349701,5742,12,0
1349701,5741,13,0
1349701,5904,14,0
1349701,4163,15,0
1349701,4154,16,0
1349701,4142,17,0
1349701,4123,18,0
1349701,4120,19,0
1349701,4118,20,0
1349701,4136,21,0
1349701,3327,22,0
1349701,5738,23,0
1349701,3340,24,0
1349701,4053,25,0
1349701,4050,26,0
1349701,4046,27,0
1349701,5824,28,0
1349701,4065,29,0
1349701,4059,30,0
1349701,4057,31,0
1349701,4055,32,0
1349701,3688,33,0
1349701,3504,34,0
1349701,3505,35,0
1349701,3512,36,0
1349701,3509,37,0
1349701,5453,38,1
1349800,5415,1,0
1349800,3199,2,0
1349800,3201,3,0
1349800,3287,4,0
1349800,3523,5,0
1349800,3273,6,0
1349800,5380,7,0
1349800,5381,8,0
1349800,3479,9,0
1349800,3274,10,0
1349800,5379,11,0
1349800,4221,12,0
1349800,4220,13,0
1349800,3793,14,0
1349800,3538,15,0
1349800,4266,16,0
1349800,4006,17,0
1349800,4007,18,0
1349800,4008,19,0
1349800,4009,20,0
1349800,3812,21,0
1349800,3808,22,0
1349800,3811,23,0
1349800,3299,24,0
1349800,3459,25,0
1349800,4216,26,0
1349800,3460,27,0
1349800,5602,28,1
1349801,5602,1,0
1349801,3710,2,0
1349801,4372,3,0
1349801,3485,4,0
1349801,3809,5,0
1349801,3296,6,0
1349801,3999,7,0
1349801,3300,8,0
1349801,3801,9,0
1349801,3803,10,0
1349801,3805,11,0
1349801,4380,12,0
1349801,4382,13,0
1349801,4441,14,0
1349801,4381,15,0
1349801,3810,16,0
1349801,3522,17,0
1349801,3520,18,0
1349801,5416,19,0
1349801,4093,20,0
1349801,4263,21,0
1349801,4434,22,0
1349801,3728,23,0
1349801,3729,24,0
1349801,5382,25,0
1349801,3697,26,0
1349801,3477,27,0
1349801,3683,28,0
1349801,5373,29,0
1349801,3289,30,0
1349801,3290,31,0
1349801,3209,32,0
1349801,3202,33,0
1349801,3200,34,0
1349801,3283,35,0
1349801,5415,36,1
1349801,5902,37,1
1349900,5913,1,0
1349900,3279,2,0
1349900,5413,3,1
1349900,5415,4,1
1349900,3164,5,1
1349901,3164,1,0
1349901,5913,2,1
1350000,5935,1,0
1350000,4163,2,0
1350000,4154,3,0
1350000,4142,4,0
1350000,4123,5,0
1350000,4120,6,0
1350000,4118,7,0
1350000,4136,8,0
1350000,4134,9,0
1350000,4132,10,0
1350000,4127,11,0
1350000,4152,12,0
1350000,4143,13,0
1350000,3370,14,0
1350000,5678,15,0
1350000,5676,16,0
1350000,5680,17,0
1350000,5682,18,0
1350000,5485,19,0
1350000,5683,20,0
1350000,3466,21,0
1350000,5626,22,0
1350000,5483,23,0
1350000,5532,24,0
1350000,5531,25,0
1350000,5675,26,0
1350000,5674,27,0
1350000,5520,28,0
1350000,5554,29,0
1350000,4345,30,0
1350000,5333,31,0
1350000,3714,32,1
1350001,3714,1,0
1350001,3715,2,0
1350001,3716,3,0
1350001,3719,4,0
1350001,5475,5,0
1350001,5476,6,0
1350001,5482,7,0
1350001,3465,8,0
1350001,5681,9,0
1350001,5679,10,0
1350001,4156,11,0
1350001,5677,12,0
1350001,4150,13,0
1350001,4144,14,0
1350001,4153,15,0
1350001,4128,16,0
1350001,4130,17,0
1350001,4133,18,0
1350001,4135,19,0
1350001,4148,20,0
1350001,4121,21,0
1350001,4124,22,0
1350001,4141,23,0
1350001,4149,24,0
1350001,4162,25,0
1350001,5931,26,0
1350001,4444,27,1
1350100,5909,1,0
1350100,5751,2,0
1350100,3372,3,0
1350100,3382,4,0
1350100,3378,5,0
1350100,3389,6,0
1350100,5429,7,0
1350100,3375,8,0
1350100,3374,9,0
1350100,3366,10,0
1350100,3386,11,0
1350100,5757,12,0
1350100,5744,13,0
1350100,5745,14,0
1350100,5746,15,0
1350100,4030,16,0
1350100,3911,17,0
1350100,4472,18,0
1350100,3910,19,0
1350100,3909,20,0
1350100,5747,21,0
1350100,5748,22,0
1350100,5749,23,0
1350100,4479,24,0
1350100,5919,25,0
1350100,4417,26,0
1350100,4416,27,0
1350100,4413,28,0
1350100,4414,29,0
1350100,3001,30,0
1350100,3003,31,0
1350100,4228,32,0
1350100,4229,33,0
1350100,4231,34,0
1350100,4232,35,0
1350100,3007,36,0
1350100,3006,37,0
1350100,3739,38,0
1350100,4166,39,0
1350100,5935,40,1
1350101,4444,1,0
1350101,4161,2,0
1350101,3008,3,0
1350101,3005,4,0
1350101,4234,5,0
1350101,4230,6,0
1350101,3002,7,0
1350101,3004,8,0
1350101,4410,9,0
1350101,4411,10,0
1350101,4412,11,0
1350101,4415,12,0
1350101,4418,13,0
1350101,5920,14,0
1350101,4033,15,0
1350101,4035,16,0
1350101,4031,17,0
1350101,5458,18,0
1350101,5459,19,0
1350101,5460,20,0
1350101,5461,21,0
1350101,4196,22,0
1350101,4199,23,0
1350101,4197,24,0
1350101,4198,25,0
1350101,3822,26,0
1350101,3387,27,0
1350101,3367,28,0
1350101,3379,29,0
1350101,3376,30,0
1350101,3365,31,0
1350101,3377,32,0
1350101,3381,33,0
1350101,3371,34,0
1350101,5909,35,1
1350200,5910,1,0
1350200,3380,2,0
1350200,3369,3,0
1350200,3579,4,0
1350200,3429,5,0
1350200,5432,6,0
1350200,5433,7,0
1350200,5434,8,0
1350200,5435,9,0
1350200,5821,10,0
1350200,3829,11,0
1350200,5906,12,0
1350200,5855,13,0
1350200,3844,14,0
1350200,5856,15,0
1350200,5857,16,0
1350200,3639,17,0
1350200,3631,18,0
1350200,4010,19,0
1350200,4011,20,0
1350200,4013,21,0
1350200,3688,22,0
1350200,4337,23,0
1350200,5859,24,0
1350200,3885,25,0
1350200,3889,26,0
1350200,3888,27,0
1350200,3886,28,0
1350200,3884,29,0
1350200,3898,30,0
1350200,3895,31,0
1350200,3891,32,0
1350200,3074,33,0
1350200,3075,34,0
1350200,3076,35,0
1350200,3159,36,0
1350200,5412,37,1
1350201,5897,1,0
1350201,3078,2,0
1350201,3077,3,0
1350201,3890,4,0
1350201,3893,5,0
1350201,3220,6,0
1350201,3896,7,0
1350201,3897,8,0
1350201,3024,9,0
1350201,3026,10,0
1350201,3027,11,0
1350201,3028,12,0
1350201,5456,13,0
1350201,3986,14,0
1350201,3157,15,0
1350201,4167,16,0
1350201,4081,17,0
1350201,4168,18,0
1350201,3638,19,0
1350201,3632,20,0
1350201,3626,21,0
1350201,3636,22,0
1350201,5858,23,0
1350201,3878,24,0
1350201,3970,25,0
1350201,3743,26,0
1350201,3392,27,0
1350201,3830,28,0
1350201,5906,29,1
1350201,5905,30,0
1350201,3873,31,0
1350201,3875,32,0
1350201,3874,33,0
1350201,3872,34,0
1350201,3871,35,0
1350201,3422,36,0
1350201,5721,37,0
1350201,3578,38,0
1350201,3390,39,0
1350201,3368,40,0
1350201,3383,41,0
1350201,3388,42,0
1350201,5910,43,1
1350300,3164,1,0
1350300,3143,2,0
1350300,3160,3,0
1350300,3162,4,0
1350300,4324,5,0
1350300,4325,6,0
1350300,4326,7,0
1350300,4314,8,0
1350300,3241,9,0
1350300,3222,10,0
1350300,3224,11,0
1350300,3225,12,0
1350300,3229,13,0
1350300,3232,14,0
1350300,3622,15,0
1350300,3233,16,0
1350300,3237,17,0
1350300,4005,18,0
1350300,3690,19,0
1350300,3691,20,0
1350300,3692,21,0
1350300,4129,22,0
1350300,3262,23,0
1350300,3261,24,0
1350300,3551,25,0
1350300,4071,26,0
1350300,3236,27,0
1350300,4354,28,0
1350300,4316,29,0
1350300,4368,30,0
1350300,4320,31,0
1350300,4305,32,0
1350300,4307,33,0
1350300,4373,34,0
1350300,4321,35,0
1350300,5770,36,0
1350300,3526,37,0
1350300,3948,38,0
1350300,4176,39,0
1350300,4178,40,0
1350300,3907,41,0
1350300,5911,42,1
1350301,5912,1,0
1350301,4179,2,0
1350301,4177,3,0
1350301,4175,4,0
1350301,3527,5,0
1350301,3525,6,0
1350301,3524,7,0
1350301,3912,8,0
1350301,3913,9,0
1350301,3257,10,0
1350301,3255,11,0
1350301,3256,12,0
1350301,3258,13,0
1350301,4282,14,0
1350301,3490,15,0
1350301,3503,16,0
1350301,3263,17,0
1350301,3260,18,0
1350301,3259,19,0
1350301,3689,20,0
1350301,3685,21,0
1350301,3264,22,0
1350301,4019,23,0
1350301,4018,24,0
1350301,3235,25,0
1350301,3238,26,0
1350301,3234,27,0
1350301,3239,28,0
1350301,3231,29,0
1350301,3230,30,0
1350301,3226,31,0
1350301,3223,32,0
1350301,3221,33,0
1350301,4315,34,0
1350301,4313,35,0
1350301,5608,36,0
1350301,4312,37,0
1350301,4311,38,0
1350301,4310,39,0
1350301,3163,40,0
1350301,3161,41,0
1350301,3159,42,0
1350301,5902,43,1
1350400,3459,1,0
1350400,3461,2,0
1350400,4164,3,0
1350400,4029,4,0
1350400,4028,5,0
1350400,5592,6,0
1350400,4089,7,0
1350400,3346,8,0
1350400,3347,9,0
1350400,4086,10,0
1350400,4087,11,0
1350400,5584,12,0
1350400,5590,13,0
1350400,5589,14,0
1350400,5588,15,1
1350401,5588,1,0
1350401,5587,2,0
1350401,5585,3,0
1350401,4213,4,0
1350401,5579,5,0
1350401,5577,6,0
1350401,5575,7,0
1350401,5573,8,0
1350401,4381,9,0
1350401,3804,10,0
1350401,5866,11,0
1350401,3802,12,0
1350401,3812,13,0
1350401,3808,14,0
1350401,3811,15,0
1350401,3299,16,0
1350401,3459,17,1
1350500,5904,1,0
1350500,4076,2,0
1350500,4077,3,0
1350500,3008,4,0
1350500,3005,5,0
1350500,4233,6,0
1350500,4236,7,0
1350500,4239,8,0
1350500,3013,9,0
1350500,3019,10,0
1350500,3011,11,0
1350500,4352,12,0
1350500,4407,13,0
1350500,4408,14,0
1350500,4409,15,0
1350500,4404,16,0
1350500,5773,17,0
1350500,4309,18,0
1350500,5888,19,1
1350501,5888,1,0
1350501,5889,2,0
1350501,5872,3,0
1350501,5605,4,0
1350501,3023,5,0
1350501,3015,6,0
1350501,3020,7,0
1350501,3022,8,0
1350501,3010,9,0
1350501,4241,10,0
1350501,4240,11,0
1350501,4237,12,0
1350501,3007,13,0
1350501,3006,14,0
1350501,5427,15,0
1350501,4078,16,0
1350501,5742,17,0
1350501,5741,18,0
1350501,5904,19,1
1350600,5904,1,0
1350600,5391,2,0
1350600,5392,3,0
1350600,4161,4,0
1350600,4106,5,0
1350600,4096,6,0
1350600,4100,7,0
1350600,4104,8,0
1350600,3623,9,0
1350600,4358,10,0
1350600,4432,11,0
1350600,5595,12,0
1350600,3696,13,0
1350600,3929,14,0
1350600,3813,15,0
1350600,4281,16,0
1350600,3152,17,0
1350600,3153,18,0
1350600,3149,19,0
1350600,4160,20,0
1350600,4194,21,0
1350600,3155,22,0
1350600,3156,23,0
1350600,3617,24,0
1350600,3900,25,0
1350600,3901,26,0
1350600,3902,27,0
1350600,5491,28,0
1350600,5493,29,0
1350600,5497,30,0
1350600,5705,31,1
1350600,4195,32,1
1350601,5705,1,0
1350601,5707,2,0
1350601,5709,3,0
1350601,3482,4,0
1350601,3481,5,0
1350601,3921,6,0
1350601,3137,7,0
1350601,4195,8,0
1350601,4254,9,0
1350601,4327,10,0
1350601,3148,11,0
1350601,3286,12,0
1350601,3307,13,0
1350601,3694,14,0
1350601,3695,15,0
1350601,5599,16,0
1350601,5763,17,0
1350601,4304,18,0
1350601,4095,19,0
1350601,4105,20,0
1350601,4101,21,0
1350601,4097,22,0
1350601,4410,23,0
1350601,5742,24,0
1350601,5741,25,0
1350601,5904,26,1
1350700,5897,1,0
1350700,3143,2,0
1350700,3160,3,0
1350700,3162,4,0
1350700,4325,5,0
1350700,4314,6,0
1350700,5373,7,0
1350700,3532,8,0
1350700,3737,9,0
1350700,5907,10,0
1350700,3733,11,0
1350700,3754,12,0
1350700,3925,13,0
1350700,3927,14,0
1350700,5848,15,0
1350700,3618,16,0
1350700,3752,17,0
1350700,3700,18,0
1350700,3709,19,0
1350700,3706,20,0
1350700,3708,21,0
1350700,3713,22,0
1350700,3904,23,0
1350700,3596,24,0
1350700,3602,25,0
1350700,3598,26,0
1350700,5853,27,0
1350700,5854,28,0
1350700,5428,29,0
1350700,3644,30,0
1350700,3641,31,0
1350700,3734,32,0
1350700,3731,33,0
1350700,3732,34,0
1350700,3736,35,0
1350700,5908,36,1
1350701,5908,1,0
1350701,3735,2,0
1350701,3531,3,0
1350701,3273,4,0
1350701,5372,5,0
1350701,4315,6,0
1350701,4312,7,0
1350701,4318,8,0
1350701,4098,9,0
1350701,3283,10,0
1350701,5897,11,1
1350701,5415,12,1
1350801,3220,1,0
1350801,3895,2,0
1350801,3891,3,0
1350801,3345,4,0
1350801,3357,5,0
1350801,3333,6,0
1350801,4052,7,0
1350801,3969,8,0
1350801,4062,9,0
1350801,4042,10,0
1350801,3073,11,0
1350801,3276,12,0
1350801,3279,13,0
1350801,3281,14,0
1350801,5413,15,1
1350801,3074,16,0
1350801,3075,17,0
1350801,3076,18,0
1350801,3159,19,0
1350801,5902,20,1
1351100,3890,1,0
1351100,3893,2,0
1351100,3896,3,0
1351100,3897,4,0
1351100,3179,5,0
1351100,3182,6,0
1351100,4302,7,0
1351100,3356,8,0
1351100,4301,9,0
1351100,4303,10,0
1351100,3621,11,0
1351100,3630,12,0
1351100,3627,13,0
1351100,3885,14,0
1351100,3889,15,0
1351100,3888,16,0
1351100,3886,17,0
1351100,3983,18,0
1351100,5896,19,0
1351100,3577,20,0
1351100,3574,21,0
1351100,3567,22,0
1351100,3976,23,0
1351100,3563,24,0
1351100,3553,25,0
1351100,3558,26,0
1351100,3569,27,0
1351100,4032,28,0
1351100,3561,29,0
1351100,3572,30,0
1351100,4348,31,0
1351100,3828,32,1
1351101,4348,1,0
1351101,3828,2,0
1351101,3830,3,0
1351101,5855,4,0
1351101,3814,5,0
1351101,3568,6,0
1351101,3575,7,0
1351101,3552,8,0
1351101,3557,9,0
1351101,3562,10,0
1351101,3550,11,0
1351101,3548,12,0
1351101,3573,13,0
1351101,5339,14,0
1351101,3179,15,0
1351101,3182,16,0
1351101,4302,17,0
1351101,3356,18,0
1351101,4301,19,0
1351101,4303,20,0
1351101,3621,21,0
1351101,3630,22,0
1351101,3627,23,0
1351101,3885,24,0
1351101,3889,25,0
1351101,3888,26,0
1351101,3886,27,0
1351101,3884,28,0
1351101,3898,29,0
1351101,3895,30,0
1351101,3891,31,1
1351200,5792,1,0
1351200,5793,2,0
1351200,3133,3,0
1351200,3666,4,0
1351200,3664,5,0
1351200,3661,6,0
1351200,3660,7,0
1351200,3658,8,0
1351200,3136,9,0
1351200,4393,10,0
1351200,3118,11,0
1351200,3116,12,0
1351200,3141,13,0
1351200,4169,14,0
1351200,3907,15,0
1351200,5911,16,1
1351201,5912,1,0
1351201,4174,2,0
1351201,3652,3,0
1351201,5591,4,0
1351201,3657,5,0
1351201,3659,6,0
1351201,3662,7,0
1351201,3663,8,0
1351201,3653,9,0
1351201,3665,10,0
1351201,3669,11,0
1351201,5800,12,1
1351301,4052,1,0
1351301,3969,2,0
1351301,4062,3,0
1351301,4042,4,0
1351301,3073,5,0
1351301,3276,6,0
1351301,3279,7,0
1351301,3281,8,0
1351301,5413,9,1
1351301,5415,10,1
1351400,3164,1,0
1351400,4500,2,1
1351401,4500,1,0
1351401,3164,2,1
1351500,5910,1,0
1351500,3380,2,0
1351500,3369,3,0
1351500,3579,4,0
1351500,3590,5,0
1351500,3373,6,0
1351500,3554,7,0
1351500,3556,8,0
1351500,3571,9,0
1351500,3559,10,0
1351500,3814,11,0
1351500,3568,12,0
1351500,3575,13,0
1351500,3552,14,0
1351500,3557,15,0
1351500,3562,16,0
1351500,3550,17,1
1351501,3976,1,0
1351501,3563,2,0
1351501,3553,3,0
1351501,3558,4,0
1351501,3569,5,0
1351501,4032,6,0
1351501,3561,7,0
1351501,3572,8,0
1351501,4348,9,0
1351501,5355,10,0
1351501,3578,11,0
1351501,3390,12,0
1351501,3368,13,0
1351501,3383,14,0
1351501,3388,15,0
1351501,5909,16,1
1351600,5593,1,0
1351600,5594,2,0
1351600,3936,3,0
1351600,3939,4,0
1351600,3937,5,0
1351600,3938,6,0
1351600,3934,7,0
1351600,5387,8,0
1351600,3686,9,0
1351600,3933,10,0
1351600,3931,11,0
1351600,3932,12,0
1351600,3790,13,0
1351600,3245,14,0
1351600,3789,15,0
1351600,3580,16,0
1351600,3582,17,0
1351600,3820,18,0
1351600,3579,19,0
1351600,3590,20,0
1351600,3373,21,0
1351600,3554,22,0
1351600,3556,23,1
1351600,3828,24,1
1351601,4348,1,0
1351601,5355,2,0
1351601,3578,3,0
1351601,5845,4,0
1351601,5593,5,0
1351601,5594,6,0
1351601,3936,7,0
1351601,3939,8,0
1351601,3937,9,0
1351601,3938,10,0
1351601,3934,11,0
1351601,5387,12,0
1351601,3686,13,0
1351601,3933,14,0
1351601,3931,15,0
1351601,3932,16,0
1351601,3790,17,0
1351601,3245,18,0
1351601,3789,19,0
1351601,3580,20,0
1351601,3582,21,0
1351601,3820,22,1
1351700,5897,1,0
1351700,3143,2,0
1351700,3160,3,0
1351700,3162,4,0
1351700,4325,5,0
1351700,4314,6,0
1351700,5373,7,0
1351700,3532,8,0
1351700,3737,9,0
1351700,5907,10,0
1351700,3733,11,0
1351700,3730,12,0
1351700,4423,13,0
1351700,4424,14,0
1351700,3646,15,0
1351700,3643,16,0
1351700,3645,17,0
1351700,3648,18,0
1351700,3671,19,0
1351700,3395,20,0
1351700,3396,21,0
1351700,3393,22,0
1351700,3601,23,0
1351700,3594,24,0
1351700,3591,25,0
1351700,3597,26,0
1351700,3593,27,0
1351700,3903,28,0
1351700,5891,29,0
1351700,5892,30,0
1351700,5893,31,0
1351700,3734,32,0
1351700,3731,33,0
1351700,3732,34,0
1351700,3736,35,0
1351700,5908,36,1
1351701,5908,1,0
1351701,3735,2,0
1351701,3531,3,0
1351701,3273,4,0
1351701,5372,5,0
1351701,4315,6,0
1351701,4312,7,0
1351701,4318,8,0
1351701,4098,9,0
1351701,3283,10,0
1351701,5897,11,1
1351800,5744,1,0
1351800,5745,2,0
1351800,5746,3,0
1351800,4030,4,0
1351800,3911,5,0
1351800,4472,6,0
1351800,3910,7,0
1351800,3909,8,0
1351800,5747,9,0
1351800,5748,10,0
1351800,5749,11,0
1351800,4479,12,0
1351800,3001,13,0
1351800,3003,14,0
1351800,4228,15,0
1351800,4229,16,0
1351800,4231,17,0
1351800,4232,18,0
1351800,4233,19,0
1351800,4236,20,0
1351800,4239,21,0
1351800,3013,22,0
1351800,3019,23,0
1351800,3011,24,0
1351800,5781,25,0
1351800,5873,26,1
1351801,5873,1,0
1351801,3020,2,0
1351801,3022,3,0
1351801,3010,4,0
1351801,4241,5,0
1351801,4240,6,0
1351801,4237,7,0
1351801,4234,8,0
1351801,4230,9,0
1351801,3002,10,0
1351801,3004,11,0
1351801,4410,12,0
1351801,4033,13,0
1351801,4035,14,0
1351801,4031,15,0
1351801,5458,16,0
1351801,5459,17,0
1351801,5460,18,0
1351801,5461,19,0
1351801,4196,20,0
1351801,4199,21,0
1351801,4197,22,0
1351801,4198,23,0
1351801,3822,24,0
1351801,3387,25,0
1351801,3367,26,0
1351801,3379,27,0
1351801,3376,28,0
1351801,3365,29,0
1351801,3377,30,0
1351801,3381,31,0
1351801,3371,32,0
1351801,5909,33,1
1351900,5902,1,0
1351900,5378,2,1
1351901,5378,1,0
1351901,4189,2,0
1351901,4449,3,0
1351901,4188,4,0
1351901,4193,5,0
1351901,4442,6,0
1351901,4163,7,0
1351901,3187,8,0
1351901,3176,9,0
1351901,3285,10,0
1351901,3283,11,0
1351901,5413,12,1
1352000,5899,1,0
1352000,3282,2,0
1352000,3170,3,0
1352000,3172,4,0
1352000,3173,5,0
1352000,3175,6,0
1352000,3186,7,0
1352000,4162,8,0
1352000,5931,9,0
1352000,5932,10,0
1352000,4161,11,0
1352000,5569,12,0
1352000,5596,13,0
1352000,3992,14,0
1352000,5598,15,0
1352000,5781,16,0
1352000,5775,17,0
1352000,5344,18,0
1352000,5713,19,0
1352000,3900,20,0
1352000,3901,21,0
1352000,3902,22,0
1352000,5491,23,0
1352000,5493,24,0
1352000,5497,25,0
1352000,5705,26,1
1352001,5705,1,0
1352001,5707,2,0
1352001,5709,3,0
1352001,3482,4,0
1352001,3481,5,0
1352001,3484,6,0
1352001,5868,7,1
1352100,5899,1,0
1352100,3282,2,0
1352100,3170,3,0
1352100,3172,4,0
1352100,3173,5,0
1352100,3175,6,0
1352100,3186,7,0
1352100,4162,8,0
1352100,5931,9,0
1352100,5932,10,0
1352100,4161,11,0
1352100,5569,12,0
1352100,5596,13,0
1352100,3992,14,0
1352100,5598,15,0
1352100,5781,16,0
1352100,5775,17,0
1352100,5344,18,0
1352100,5774,19,0
1352100,5526,20,0
1352100,4289,21,0
1352100,4290,22,0
1352100,4291,23,0
1352100,4296,24,0
1352100,3454,25,0
1352100,3457,26,0
1352100,3458,27,1
1352101,3458,1,0
1352101,5867,2,0
1352101,4255,3,0
1352101,4253,4,0
1352101,5363,5,0
1352101,5868,6,1
1352200,5899,1,0
1352200,3282,2,0
1352200,3170,3,0
1352200,3172,4,0
1352200,3173,5,0
1352200,3175,6,0
1352200,3186,7,0
1352200,4162,8,0
1352200,5931,9,0
1352200,5932,10,0
1352200,4161,11,0
1352200,5569,12,0
1352200,5596,13,0
1352200,3992,14,0
1352200,5598,15,0
1352200,5781,16,0
1352200,5775,17,0
1352200,5344,18,0
1352200,5371,19,0
1352200,5863,20,0
1352200,3018,21,0
1352200,3963,22,0
1352200,3960,23,0
1352200,5894,24,0
1352200,4363,25,0
1352200,4451,26,0
1352200,4452,27,0
1352200,4453,28,0
1352200,4454,29,0
1352200,4455,30,0
1352200,4463,31,1
1352201,4463,1,0
1352201,4464,2,0
1352201,4465,3,0
1352201,4466,4,0
1352201,5601,5,0
1352201,5603,6,0
1352201,5604,7,0
1352201,5895,8,0
1352201,5498,9,0
1352201,5890,10,0
1352201,5868,11,1
1352300,5899,1,0
1352300,3282,2,0
1352300,3170,3,0
1352300,3172,4,0
1352300,3173,5,0
1352300,3175,6,0
1352300,3186,7,0
1352300,4162,8,0
1352300,5931,9,0
1352300,5932,10,0
1352300,4161,11,0
1352300,5569,12,0
1352300,5596,13,0
1352300,3992,14,0
1352300,5598,15,0
1352300,5781,16,0
1352300,5775,17,0
1352300,5344,18,0
1352300,5371,19,0
1352300,5863,20,0
1352300,5605,21,0
1352300,3023,22,0
1352300,3015,23,0
1352300,3020,24,0
1352300,3022,25,0
1352300,4095,26,0
1352300,4406,27,0
1352300,4407,28,0
1352300,4408,29,0
1352300,4409,30,1
1352301,4409,1,0
1352301,5952,2,0
1352301,5951,3,0
1352301,4457,4,0
1352301,4458,5,0
1352301,4460,6,0
1352301,5950,7,0
1352301,5895,8,0
1352301,5498,9,0
1352301,5890,10,0
1352301,5868,11,1
1352400,5904,1,0
1352400,5391,2,0
1352400,5392,3,0
1352400,4161,4,0
1352400,5557,5,0
1352400,3877,6,0
1352400,3348,7,0
1352400,3361,8,0
1352400,3196,9,0
1352400,5875,10,0
1352400,5877,11,0
1352400,4022,12,0
1352400,4295,13,0
1352400,4300,14,0
1352400,5593,15,0
1352400,5594,16,0
1352400,3936,17,0
1352400,3939,18,0
1352400,3937,19,0
1352400,3938,20,0
1352400,3934,21,1
1352401,3934,1,0
1352401,5387,2,0
1352401,3529,3,0
1352401,3530,4,0
1352401,3528,5,0
1352401,3789,6,0
1352401,3580,7,0
1352401,3582,8,0
1352401,3820,9,0
1352401,3817,10,0
1352401,3823,11,0
1352401,4364,12,0
1352401,3819,13,0
1352401,3629,14,0
1352401,3343,15,0
1352401,3975,16,0
1352401,3605,17,0
1352401,5556,18,0
1352401,5742,19,0
1352401,5741,20,0
1352401,5904,21,1
1352600,5898,1,0
1352600,4314,2,0
1352600,3804,3,0
1352600,5866,4,0
1352600,3802,5,0
1352600,3812,6,0
1352600,3808,7,0
1352600,3811,8,0
1352600,3299,9,0
1352600,3459,10,0
1352600,4216,11,0
1352600,3460,12,0
1352600,5602,13,0
1352600,4164,14,0
1352600,4029,15,0
1352600,4028,16,0
1352600,5592,17,0
1352600,4089,18,0
1352600,3346,19,0
1352600,3347,20,0
1352600,4086,21,0
1352600,4087,22,0
1352600,5584,23,0
1352600,5590,24,0
1352600,5589,25,0
1352600,5588,26,1
1352601,5898,1,0
1352601,3532,2,0
1352601,5907,3,0
1352601,3735,4,0
1352601,3812,5,0
1352601,3808,6,0
1352601,3811,7,0
1352601,3299,8,0
1352601,3809,9,0
1352601,3296,10,0
1352601,3999,11,0
1352601,3300,12,0
1352601,3801,13,0
1352601,3803,14,0
1352601,3805,15,0
1352601,4380,16,0
1352601,4382,17,0
1352601,4441,18,0
1352601,4381,19,1
1352800,5904,1,0
1352800,5391,2,0
1352800,5392,3,0
1352800,4161,4,0
1352800,5557,5,0
1352800,3877,6,0
1352800,3348,7,0
1352800,3361,8,0
1352800,3196,9,0
1352800,5875,10,0
1352800,5877,11,0
1352800,4022,12,0
1352800,4295,13,0
1352800,4300,14,0
1352800,3818,15,0
1352800,4223,16,0
1352800,4224,17,0
1352800,4225,18,0
1352800,3686,19,0
1352800,3933,20,0
1352800,3931,21,0
1352800,3932,22,0
1352800,5882,23,0
1352800,5883,24,0
1352800,5884,25,0
1352800,4246,26,0
1352800,4248,27,1
1352801,4248,1,0
1352801,5452,2,0
1352801,3243,3,0
1352801,3244,4,0
1352801,3790,5,0
1352801,3245,6,0
1352801,3789,7,0
1352801,3580,8,0
1352801,3582,9,0
1352801,3820,10,0
1352801,3817,11,0
1352801,3823,12,0
1352801,4364,13,0
1352801,3819,14,0
1352801,3629,15,0
1352801,3343,16,0
1352801,3975,17,0
1352801,3605,18,0
1352801,5556,19,0
1352801,5742,20,0
1352801,5741,21,0
1352801,5904,22,1
1353000,4222,1,0
1353000,3392,2,0
1353000,3830,3,0
1353000,5905,4,0
1353000,5466,5,0
1353000,5467,6,0
1353000,5468,7,0
1353000,5469,8,0
1353000,4036,9,0
1353000,5874,10,0
1353000,3977,11,0
1353000,3972,12,0
1353000,5668,13,0
1353000,5482,14,0
1353000,3465,15,1
1353100,4208,1,0
1353100,4203,2,0
1353100,4210,3,0
1353100,4205,4,0
1353100,3277,5,0
1353100,4200,6,0
1353100,3907,7,0
1353100,5912,8,0
1353100,4174,9,0
1353100,3142,10,0
1353100,3135,11,0
1353100,3132,12,0
1353100,3128,13,0
1353100,3968,14,0
1353100,5835,15,0
1353100,5837,16,0
1353100,3140,17,0
1353100,3076,18,0
1353100,3159,19,0
1353100,5900,20,1
1353100,5911,21,1
1353101,5900,1,0
1353101,3126,2,0
1353101,3138,3,0
1353101,3139,4,0
1353101,5830,5,0
1353101,5876,6,0
1353101,3017,7,0
1353101,3127,8,0
1353101,3131,9,0
1353101,3136,10,0
1353101,3141,11,0
1353101,4169,12,0
1353101,3907,13,0
1353101,5911,14,0
1353101,4179,15,0
1353101,4177,16,0
1353101,4175,17,0
1353101,3947,18,0
1353101,3946,19,0
1353101,3955,20,0
1353101,3951,21,0
1353101,3952,22,0
1353101,3585,23,0
1353101,3583,24,0
1353101,4208,25,1
1353200,5465,1,0
1353200,5661,2,0
1353200,5660,3,0
1353200,5664,4,0
1353200,5625,5,0
1353200,4169,6,0
1353200,3907,7,0
1353200,5911,8,1
1353201,5911,1,0
1353201,4174,2,0
1353201,4362,3,0
1353201,5662,4,0
1353201,5465,5,1
1353300,5533,1,0
1353300,5535,2,0
1353300,5537,3,0
1353300,4080,4,0
1353300,4082,5,0
1353300,4083,6,0
1353300,4084,7,0
1353300,5633,8,0
1353300,5631,9,0
1353300,5517,10,0
1353300,5552,11,0
1353300,5538,12,0
1353300,4284,13,0
1353300,4283,14,0
1353300,5767,15,0
1353300,5710,16,0
1353300,5711,17,0
1353300,3851,18,0
1353300,5718,19,0
1353300,5719,20,0
1353300,4178,21,0
1353300,3907,22,0
1353300,5911,23,1
1353301,5911,1,0
1353301,4179,2,0
1353301,4177,3,0
1353301,5720,4,0
1353301,3849,5,0
1353301,5723,6,0
1353301,5724,7,0
1353301,5725,8,0
1353301,5712,9,0
1353301,3537,10,0
1353301,3549,11,0
1353301,4265,12,0
1353301,3690,13,0
1353301,3691,14,0
1353301,3692,15,0
1353301,4129,16,0
1353301,4021,17,0
1353301,4023,18,0
1353301,5533,19,1
1353400,3839,1,0
1353400,3195,2,0
1353400,3835,3,0
1353400,3762,4,0
1353400,5450,5,0
1353400,4392,6,0
1353400,4249,7,0
1353400,4202,8,0
1353400,4422,9,0
1353400,3907,10,0
1353400,5912,11,1
1353400,5911,12,1
1353401,5911,1,0
1353401,4174,2,0
1353401,3069,3,0
1353401,4247,4,0
1353401,3843,5,0
1353401,3838,6,0
1353401,3847,7,0
1353401,3841,8,0
1353401,3840,9,0
1353401,3845,10,0
1353401,4361,11,0
1353401,5362,12,0
1353401,3839,13,1
1353500,4208,1,0
1353500,4203,2,0
1353500,4210,3,0
1353500,4205,4,0
1353500,3277,5,0
1353500,4200,6,0
1353500,3907,7,0
1353500,5912,8,0
1353500,4174,9,0
1353500,3142,10,0
1353500,3135,11,0
1353500,3132,12,0
1353500,3128,13,0
1353500,3968,14,0
1353500,5835,15,0
1353500,5837,16,0
1353500,3140,17,0
1353500,3076,18,0
1353500,3159,19,0
1353500,5900,20,1
1353500,5911,21,1
1353501,5900,1,0
1353501,3126,2,0
1353501,3138,3,0
1353501,3139,4,0
1353501,5830,5,0
1353501,5876,6,0
1353501,3017,7,0
1353501,3127,8,0
1353501,3131,9,0
1353501,3136,10,0
1353501,3141,11,0
1353501,4169,12,0
1353501,3907,13,0
1353501,5911,14,0
1353501,3908,15,0
1353501,4085,16,0
1353501,4092,17,0
1353501,4090,18,0
1353501,4088,19,0
1353501,4091,20,0
1353501,4094,21,0
1353501,3748,22,0
1353501,3749,23,0
1353501,5703,24,0
1353501,3750,25,0
1353501,4211,26,0
1353501,4208,27,1
1353600,5901,1,0
1353600,3078,2,0
1353600,3077,3,0
1353600,5756,4,0
1353600,3072,5,0
1353600,4043,6,0
1353600,4041,7,0
1353600,4061,8,0
1353600,4371,9,0
1353600,3362,10,0
1353600,3330,11,0
1353600,3339,12,0
1353600,3321,13,0
1353600,3363,14,0
1353600,3349,15,0
1353600,3359,16,0
1353600,3328,17,0
1353600,3341,18,0
1353600,3354,19,0
1353600,5737,20,0
1353600,3351,21,0
1353600,3334,22,0
1353600,4448,23,0
1353600,3323,24,0
1353600,5557,25,0
1353600,5909,26,0
1353600,3380,27,0
1353600,3369,28,0
1353600,3579,29,0
1353600,3590,30,0
1353600,3373,31,0
1353600,3554,32,0
1353600,3556,33,0
1353600,3571,34,0
1353600,3559,35,0
1353600,3814,36,0
1353600,3568,37,0
1353600,4181,38,0
1353600,4183,39,0
1353600,3979,40,0
1353600,4186,41,0
1353600,4191,42,0
1353600,4189,43,0
1353600,5936,44,0
1353600,5933,45,0
1353600,5931,46,0
1353600,4444,47,1
1353601,4442,1,0
1353601,5934,2,0
1353601,4450,3,0
1353601,4180,4,0
1353601,4190,5,0
1353601,4185,6,0
1353601,4184,7,0
1353601,4182,8,0
1353601,3569,9,0
1353601,4032,10,0
1353601,3561,11,0
1353601,3572,12,0
1353601,4348,13,0
1353601,5953,14,0
1353601,5355,15,0
1353601,3578,16,0
1353601,3390,17,0
1353601,3368,18,0
1353601,3383,19,0
1353601,3388,20,0
1353601,5910,21,1
1353601,5909,22,1
1353700,5901,1,0
1353700,3078,2,0
1353700,3077,3,0
1353700,5756,4,0
1353700,3072,5,0
1353700,4043,6,0
1353700,4041,7,0
1353700,4061,8,0
1353700,4371,9,0
1353700,3362,10,0
1353700,3330,11,0
1353700,3339,12,0
1353700,3321,13,0
1353700,3363,14,0
1353700,3349,15,0
1353700,3359,16,0
1353700,3328,17,0
1353700,3341,18,0
1353700,3354,19,0
1353700,5737,20,0
1353700,3351,21,0
1353700,3334,22,0
1353700,4448,23,0
1353700,3323,24,0
1353700,5557,25,0
1353700,5909,26,0
1353700,5751,27,0
1353700,3372,28,0
1353700,3382,29,0
1353700,3378,30,0
1353700,3389,31,0
1353700,5332,32,0
1353700,3418,33,0
1353700,3425,34,0
1353700,3867,35,0
1353700,3855,36,0
1353700,3860,37,0
1353700,3857,38,0
1353700,3863,39,0
1353700,3858,40,0
1353700,3861,41,0
1353700,5787,42,0
1353700,4191,43,0
1353700,4189,44,0
1353700,4449,45,0
1353700,4188,46,0
1353700,4193,47,0
1353700,4442,48,1
1353701,4444,1,0
1353701,5431,2,0
1353701,4192,3,0
1353701,4187,4,0
1353701,4450,5,0
1353701,4180,6,0
1353701,5802,7,0
1353701,5786,8,0
1353701,3864,9,0
1353701,3859,10,0
1353701,4369,11,0
1353701,3856,12,0
1353701,3865,13,0
1353701,3866,14,0
1353701,3868,15,0
1353701,3424,16,0
1353701,3417,17,0
1353701,3062,18,0
1353701,3365,19,0
1353701,3377,20,0
1353701,3381,21,0
1353701,3371,22,0
1353701,5910,23,1
1353701,5909,24,1
1353800,5684,1,0
1353800,5626,2,0
1353800,5667,3,0
1353800,5665,4,0
1353800,5669,5,0
1353800,4323,6,0
1353800,4020,7,0
1353800,5472,8,0
1353800,5519,9,0
1353800,5473,10,0
1353800,3743,11,0
1353800,3744,12,0
1353800,3740,13,0
1353800,4348,14,0
1353800,5953,15,0
1353800,5355,16,0
1353800,3578,17,0
1353800,3390,18,0
1353800,3368,19,0
1353800,3383,20,0
1353800,3388,21,0
1353800,5910,22,1
1353801,5909,1,0
1353801,3380,2,0
1353801,3369,3,0
1353801,3579,4,0
1353801,3590,5,0
1353801,3373,6,0
1353801,3554,7,0
1353801,4222,8,0
1353801,3392,9,0
1353801,3830,10,0
1353801,5905,11,0
1353801,5466,12,0
1353801,5467,13,0
1353801,5468,14,0
1353801,5469,15,0
1353801,4036,16,0
1353801,5874,17,0
1353801,3977,18,0
1353801,3972,19,0
1353801,5668,20,0
1353801,5482,21,0
1353801,5683,22,0
1353801,5684,23,1
1353900,5901,1,0
1353900,3078,2,0
1353900,3077,3,0
1353900,5756,4,0
1353900,3072,5,0
1353900,4043,6,0
1353900,4041,7,0
1353900,4061,8,0
1353900,4371,9,0
1353900,3362,10,0
1353900,3330,11,0
1353900,3339,12,0
1353900,3321,13,0
1353900,3363,14,0
1353900,3349,15,0
1353900,3359,16,0
1353900,3328,17,0
1353900,3341,18,0
1353900,3354,19,0
1353900,5737,20,0
1353900,3351,21,0
1353900,3334,22,0
1353900,4448,23,0
1353900,3323,24,0
1353900,5557,25,0
1353900,5909,26,0
1353900,3769,27,0
1353900,3768,28,0
1353900,3794,29,0
1353900,3795,30,0
1353900,3348,31,0
1353900,3361,32,0
1353900,3364,33,0
1353900,4037,34,0
1353900,4387,35,0
1353900,4388,36,0
1353900,4039,37,0
1353900,4109,38,0
1353900,5614,39,1
1353901,5614,1,0
1353901,5615,2,0
1353901,5616,3,0
1353901,5617,4,0
1353901,5618,5,0
1353901,5619,6,0
1353901,4388,7,0
1353901,5789,8,0
1353901,5790,9,0
1353901,5791,10,0
1353901,3343,11,0
1353901,3975,12,0
1353901,3796,13,0
1353901,3766,14,0
1353901,3388,15,0
1353901,5910,16,1
1353901,5909,17,1
1354000,5901,1,0
1354000,3078,2,0
1354000,3077,3,0
1354000,5756,4,0
1354000,3072,5,0
1354000,4043,6,0
1354000,4041,7,0
1354000,4061,8,0
1354000,4371,9,0
1354000,3362,10,0
1354000,3330,11,0
1354000,3339,12,0
1354000,3321,13,0
1354000,3363,14,0
1354000,3349,15,0
1354000,3359,16,0
1354000,3328,17,0
1354000,3341,18,0
1354000,3354,19,0
1354000,5737,20,0
1354000,3351,21,0
1354000,3334,22,0
1354000,4448,23,0
1354000,3323,24,0
1354000,5557,25,0
1354000,5909,26,0
1354000,3380,27,0
1354000,3369,28,0
1354000,5845,29,0
1354000,3817,30,0
1354000,4022,31,0
1354000,3178,32,0
1354000,5878,33,0
1354000,5879,34,0
1354000,5880,35,0
1354000,5881,36,0
1354000,3183,37,0
1354000,3129,38,0
1354000,3130,39,0
1354000,5803,40,1
1354001,5803,1,0
1354001,5395,2,0
1354001,4489,3,0
1354001,5396,4,0
1354001,5397,5,0
1354001,3086,6,0
1354001,5398,7,0
1354001,5882,8,0
1354001,5883,9,0
1354001,5884,10,0
1354001,5885,11,0
1354001,5886,12,0
1354001,5887,13,0
1354001,3284,14,0
1354001,4298,15,0
1354001,4294,16,0
1354001,4295,17,0
1354001,4300,18,0
1354001,3390,19,0
1354001,3368,20,0
1354001,3383,21,0
1354001,3388,22,0
1354001,5910,23,1
1354001,5909,24,1
1365500,5902,1,0
1365500,3282,2,0
1365500,3170,3,0
1365500,3172,4,0
1365500,3173,5,0
1365500,3175,6,0
1365500,3186,7,0
1365500,4162,8,0
1365500,5904,9,0
1365500,5391,10,0
1365500,5392,11,0
1365500,4161,12,0
1365500,3747,13,0
1365500,4487,14,0
1365500,4218,15,0
1365500,4002,16,0
1365500,3314,17,0
1365500,4349,18,0
1365500,3313,19,0
1365500,3423,20,0
1365500,5728,21,0
1365500,3429,22,0
1365500,3427,23,0
1365500,3426,24,0
1365500,3419,25,0
1365500,3588,26,0
1365500,3167,27,0
1365500,3165,28,0
1365500,3166,29,0
1365500,3188,30,0
1365500,3420,31,0
1365500,3428,32,0
1365500,5473,33,0
1365500,5906,34,1
1365501,5906,1,0
1365501,3873,2,0
1365501,3875,3,0
1365501,5721,4,0
1365501,5722,5,0
1365501,5612,6,0
1365501,5805,7,0
1365501,5826,8,0
1365501,5806,9,0
1365501,5807,10,0
1365501,5808,11,0
1365501,3315,12,0
1365501,4215,13,0
1365501,3353,14,0
1365501,3746,15,0
1365501,4166,16,0
1365501,5935,17,0
1365501,4163,18,0
1365501,3187,19,0
1365501,3176,20,0
1365501,3200,21,0
1365501,5902,22,1
1365501,5900,23,1
