'10801',1338101,140620,0,'University',0,10000,0,'University',0,10000,0,'University',0,10000,0,'University',0,10000,0,'University',0
'1201',1338101,83520,0,'University',0,57100,0,'University',0,10000,0,'University',0,10000,0,'University',0,10000,0,'University',0,10000,0,'University',0
'1',1338101,60750,0,'University',0,2870,0,'University',0,7000,0,'University',0,3000,0,'University',0,7000,0,'University',0,3000,0,'University',0,7000,0,'University',0,3000,0,'University',0,7000,0,'University',0,3000,0,'University',0,7000,0,'University',0,3000,0,'University',0,7000,0,'University',0,3000,0,'University',0,7000,0,'University',0,3000,0,'University',0,10000,0,'University',0,10000,0,'University',0,10000,0,'University',0,10000,0,'University',0,10000,0,'University',0,11800,0,'University',0,10000,0,'University',0,10000,0,'University',0,10000,0,'University',0,10000,0,'University',0
'2201',1338101,90600,,'',0
'2',1338101,55550,0,'University',0,9870,0,'University',0,10000,0,'University',0,10000,0,'University',0,10000,0,'University',0,10000,0,'University',0,10000,0,'University',0,5200,0,'University',0,3000,0,'University',0,7000,0,'University',0,3000,0,'University',0,7000,0,'University',0,3000,0,'University',0,7000,0,'University',0,3000,0,'University',0,7000,0,'University',0,3000,0,'University',0,7000,0,'University',0,3000,0,'University',0,7000,0,'University',0,3000,0,'University',0,11800,0,'University',0,10000,0,'University',0,10000,0,'University',0,10000,0,'University',0,10000,0,'University',0
'3',1338101,85250,0,'University',0,10170,0,'University',0,10000,0,'University',0,10000,0,'University',0,10000,0,'University',0,10000,0,'University',0,10000,0,'University',0,10000,0,'University',0,10000,0,'University',0,10000,0,'University',0,10000,0,'University',0,10000,0,'University',0,10000,0,'University',0
'8001',1338101,140620,0,'University',0,10000,0,'University',0,10000,0,'University',0,10000,0,'University',0,10000,0,'University',0
'1',1339201,63900,,'',0,7000,,'',0,3000,,'',0,7000,,'',0,3000,,'',0,7000,,'',0,3000,,'',0,7000,,'',0,3000,,'',0,7000,,'',0,3000,,'',0,7000,,'',0,3000,,'',0,7000,,'',0,3000,,'',0,7000,,'',0,3000,,'',0,7000,,'',0,3000,,'',0,7000,,'',0,3000,,'',0,7000,,'',0,3000,,'',0,7000,,'',0,3000,,'',0,10000,,'',0,10000,,'',0,10000,,'',0,10000,,'',0,10000,,'',0
'2',1339201,64000,,'',0,9900,,'',0,10000,,'',0,10000,,'',0,10000,,'',0,7100,,'',0,2900,,'',0,7000,,'',0,3000,,'',0,7000,,'',0,3000,,'',0,7000,,'',0,3000,,'',0,7000,,'',0,3000,,'',0,7000,,'',0,3000,,'',0,7000,,'',0,3000,,'',0,7000,,'',0,3000,,'',0,10000,,'',0,10000,,'',0,10000,,'',0,10000,,'',0,10000,,'',0
'3',1339201,83900,,'',0,10000,,'',0,10000,,'',0,10000,,'',0,10000,,'',0,10000,,'',0,10000,,'',0,10000,,'',0,10000,,'',0,10000,,'',0,10000,,'',0,10000,,'',0,10000,,'',0
