'10801',1342200,80000,,'',0,800,,'',0,1200,,'',0,1000,,'',0,1000,,'',0,67900,,'',0,300,,'',0,2000,,'',0,1100,,'',0,5500,,'',0,3000,,'',0,1500,,'',0,10000,,'',0,17000,,'',0,10000,,'',0,10000,,'',0,10000,,'',0,10000,,'',0,9900,,'',0
'10801',1342201,80000,4,'',0,800,4,'',0,1200,4,'',0,1000,4,'',0,1000,4,'',0,71000,4,'',0,5500,4,'',0,3000,4,'',0,1500,4,'',0,10000,4,'',0,17000,4,'',0,10000,4,'',0,10000,4,'',0,10000,4,'',0,10000,4,'',0,10000,4,'',0
'1201',1342200,80000,,'',0,800,,'',0,1200,,'',0,2000,,'',0,67900,,'',0,300,0,'Hampton Vlg',0,2000,,'',0,1100,,'',0,5500,,'',0,3000,,'',0,1500,,'',0,10000,,'',0,17000,,'',0,10000,,'',0,10000,,'',0,10000,,'',0,10000,,'',0,9900,,'',0
'1201',1342201,80000,4,'',0,800,4,'',0,1200,4,'',0,1000,4,'',0,1000,4,'',0,71000,4,'',0,5500,4,'',0,3000,4,'',0,1500,4,'',0,10000,4,'',0,17000,4,'',0,10000,4,'',0,10000,4,'',0,10000,4,'',0,10000,4,'',0,10000,4,'',0
'1',1342200,62300,,'',0,3000,,'',0,7000,,'',0,3000,,'',0,7000,,'',0,3000,,'',0,7000,,'',0,3000,,'',0,7000,,'',0,3000,,'',0,7000,,'',0,3000,,'',0,7000,,'',0,3000,,'',0,7000,,'',0,3000,,'',0,7000,,'',0,3000,,'',0,7000,,'',0,10000,,'',0,10000,,'',0,10000,,'',0,2400,,'',0
'1',1342201,62000,4,'',0,3000,4,'',0,7000,4,'',0,3000,4,'',0,7300,4,'',0,2700,4,'',0,7000,4,'',0,3000,4,'',0,7000,4,'',0,3000,4,'',0,7000,4,'',0,3000,4,'',0,7000,4,'',0,3000,4,'',0,7000,4,'',0,3000,4,'',0,7000,4,'',0,3000,4,'',0,7000,4,'',0,10000,4,'',0,10000,4,'',0,10000,4,'',0,2700,4,'',0
'2201',1342200,83000,,'',0
'2701',1342200,83000,,'',0
'2',1342200,62300,,'',0,10000,,'',0,10000,,'',0,10000,,'',0,10000,,'',0,10000,,'',0,3000,,'',0,7000,,'',0,3000,,'',0,7000,,'',0,3000,,'',0,7000,,'',0,3000,,'',0,7000,,'',0,3000,,'',0,7000,,'',0,3000,,'',0,7000,,'',0,3000,,'',0,7000,,'',0,2400,,'',0,7600,,'',0,10000,,'',0,10000,,'',0,10000,,'',0,10000,,'',0,9900,,'',0
'2',1342201,62000,4,'',0,10000,4,'',0,10000,4,'',0,10000,4,'',0,10000,4,'',0,10000,4,'',0,3000,4,'',0,7000,4,'',0,3000,4,'',0,7000,4,'',0,3000,4,'',0,7000,4,'',0,3000,4,'',0,7000,4,'',0,3000,4,'',0,7000,4,'',0,3000,4,'',0,7000,4,'',0,3000,4,'',0,7000,4,'',0,2700,4,'',0,7300,4,'',0,10000,4,'',0,10000,4,'',0,10000,4,'',0,10000,4,'',0,10000,4,'',0
'3',1342200,82300,,'',0,10000,,'',0,10000,,'',0,10000,,'',0,10000,,'',0,10000,,'',0,10000,,'',0,10000,,'',0,10000,,'',0,10000,,'',0,10000,,'',0,10000,,'',0,10000,,'',0,9900,,'',0
'3',1342201,82300,4,'',0,9700,4,'',0,10000,4,'',0,10000,4,'',0,10000,4,'',0,10000,4,'',0,10000,4,'',0,10000,4,'',0,10000,4,'',0,10000,4,'',0,10000,4,'',0,10000,4,'',0,10000,4,'',0,10000,4,'',0
'8001',1342200,80800,,'',0,3000,,'',0,71500,,'',0,5500,,'',0,3000,,'',0,1500,,'',0,10000,,'',0,17000,,'',0,10000,,'',0,10000,,'',0,10000,,'',0,10000,,'',0,9900,,'',0
'8001',1342201,80500,4,'',0,3000,4,'',0,71500,4,'',0,5500,4,'',0,3000,4,'',0,1500,4,'',0,10000,4,'',0,17000,4,'',0,10000,4,'',0,10000,4,'',0,10000,4,'',0,10000,4,'',0,10000,4,'',0
