'1201',1350000,72400,4,'',0,20000,4,'',0,20000,4,'',0,30000,4,'',0,20000,4,'',0,20000,4,'',0
'1201',1350001,72400,,'',0,20000,,'',0,20000,,'',0,30000,,'',0,20000,,'',0
'1',1350000,55400,4,'',0,7000,4,'',0,3000,4,'',0,10000,4,'',0,7000,4,'',0,3000,4,'',0,10000,4,'',0,7000,4,'',0,3000,4,'',0,10000,4,'',0,7000,4,'',0,3000,4,'',0,7000,4,'',0,3000,4,'',0,10000,4,'',0,7000,4,'',0,3000,4,'',0,10000,4,'',0,7000,4,'',0,3000,4,'',0,9800,4,'',0,10000,4,'',0,10000,4,'',0,10000,4,'',0,10000,4,'',0,10000,4,'',0,9100,4,'',0
'1',1350001,55400,,'',0,7000,,'',0,3000,,'',0,10000,,'',0,7000,,'',0,3000,,'',0,10000,,'',0,7000,,'',0,3000,,'',0,10000,,'',0,7000,,'',0,3000,,'',0,7000,,'',0,3000,,'',0,10000,,'',0,7000,,'',0,3000,,'',0,10000,,'',0,7000,,'',0,3000,,'',0,10000,,'',0,10000,,'',0,10000,,'',0,10000,,'',0,10000,,'',0,10000,,'',0
'2901',1350000,72400,4,'',0,20000,4,'',0,20000,4,'',0,30000,4,'',0,20000,4,'',0,20000,4,'',0
'2901',1350001,72400,,'',0,20000,,'',0,20000,,'',0,30000,,'',0,20000,,'',0
'2',1350000,55400,4,'',0,10000,4,'',0,10000,4,'',0,10000,4,'',0,10000,4,'',0,10000,4,'',0,7000,4,'',0,3000,4,'',0,7000,4,'',0,3000,4,'',0,7000,4,'',0,3000,4,'',0,7000,4,'',0,3000,4,'',0,7000,4,'',0,3000,4,'',0,7000,4,'',0,3000,4,'',0,7000,4,'',0,3000,4,'',0,7000,4,'',0,2800,4,'',0,10000,4,'',0,10000,4,'',0,10000,4,'',0,10000,4,'',0,10000,4,'',0,9100,4,'',0
'2',1350001,55400,,'',0,10000,,'',0,10000,,'',0,10000,,'',0,10000,,'',0,10000,,'',0,7000,,'',0,3000,,'',0,7000,,'',0,3000,,'',0,7000,,'',0,3000,,'',0,7000,,'',0,3000,,'',0,7000,,'',0,3000,,'',0,7000,,'',0,3000,,'',0,7000,,'',0,3000,,'',0,10000,,'',0,10000,,'',0,10000,,'',0,10000,,'',0,10000,,'',0,10000,,'',0
'3',1350000,85400,4,'',0,9800,4,'',0,10000,4,'',0,10000,4,'',0,10000,4,'',0,10000,4,'',0,10000,4,'',0,10000,4,'',0,10000,4,'',0,10000,4,'',0,10000,4,'',0,10000,4,'',0,10000,4,'',0,9100,4,'',0
'3',1350001,85400,,'',0,10000,,'',0,10000,,'',0,10000,,'',0,10000,,'',0,10000,,'',0,10000,,'',0,10000,,'',0,10000,,'',0,10000,,'',0,10000,,'',0,10000,,'',0,10000,,'',0
