'1',1343100,61400,4,'',0,3000,4,'',0,7000,4,'',0,3000,4,'',0,7000,4,'',0,3000,4,'',0,7000,4,'',0,3000,4,'',0,7000,4,'',0,3000,4,'',0,7000,4,'',0,3000,4,'',0,7000,4,'',0,3000,4,'',0,7000,4,'',0,3000,4,'',0,7000,4,'',0,3000,4,'',0,7000,4,'',0,3000,4,'',0,7000,4,'',0,3000,4,'',0,7000,4,'',0,3000,4,'',0,7000,4,'',0,3000,4,'',0,7000,4,'',0,10000,4,'',0,10000,4,'',0,10000,4,'',0,10000,4,'',0,10000,4,'',0
'2',1343100,71600,4,'',0,9800,4,'',0,10000,4,'',0,10000,4,'',0,10000,4,'',0,3000,4,'',0,7000,4,'',0,3000,4,'',0,7000,4,'',0,3000,4,'',0,7000,4,'',0,3000,4,'',0,7000,4,'',0,3000,4,'',0,7000,4,'',0,3000,4,'',0,7000,4,'',0,3000,4,'',0,7000,4,'',0,3000,4,'',0,7000,4,'',0,10000,4,'',0,10000,4,'',0,10000,4,'',0,10000,4,'',0,10000,4,'',0
'3',1343100,91400,4,'',0,10000,4,'',0,10000,4,'',0,10000,4,'',0,10000,4,'',0,10000,4,'',0,10000,4,'',0,10000,4,'',0,10000,4,'',0,10000,4,'',0,10000,4,'',0,10000,4,'',0,10000,4,'',0
'1201',1343401,75400,4,'',0,15000,4,'',0,52000,4,'',0,10000,4,'',0,11000,4,'',0,11000,4,'',0
'1',1343401,61400,4,'',0,1000,4,'',0,1000,4,'',0,1000,4,'',0,1000,4,'',0,5000,4,'',0,1000,4,'',0,1000,4,'',0,1000,4,'',0,7000,4,'',0,1000,4,'',0,1000,4,'',0,1000,4,'',0,1000,4,'',0,1000,4,'',0,6000,4,'',0,1000,4,'',0,1000,4,'',0,1000,4,'',0,1000,4,'',0,5000,4,'',0,1000,4,'',0,1000,4,'',0,1000,4,'',0,1000,4,'',0,1000,4,'',0,5000,4,'',0,1000,4,'',0,1000,4,'',0,1000,4,'',0,1000,4,'',0,1000,4,'',0,5000,4,'',0,1000,4,'',0,1000,4,'',0,1000,4,'',0,1000,4,'',0,1000,4,'',0,5000,4,'',0,1000,4,'',0,1000,4,'',0,1000,4,'',0,1000,4,'',0,1000,4,'',0,5000,4,'',0,1000,4,'',0,2000,4,'',0,1000,4,'',0,1000,4,'',0,5000,4,'',0,1000,4,'',0,2000,4,'',0,1000,4,'',0,1000,4,'',0,5000,4,'',0,1000,4,'',0,1000,4,'',0,2000,4,'',0,1000,4,'',0,5000,4,'',0,1000,4,'',0,1000,4,'',0,1000,4,'',0,2000,4,'',0,5000,4,'',0,1000,4,'',0,1000,4,'',0,1000,4,'',0,1000,4,'',0,1000,4,'',0,5000,4,'',0,4000,4,'',0,7000,4,'',0,3000,4,'',0,7000,4,'',0,3000,4,'',0,7000,4,'',0,3000,4,'',0,7000,4,'',0,3000,4,'',0,7000,4,'',0,2400,4,'',0
'2201',1343401,93300,4,'',0
'2',1343401,64400,4,'',0,7000,4,'',0,3000,4,'',0,7000,4,'',0,3000,4,'',0,7000,4,'',0,3000,4,'',0,7000,4,'',0,3000,4,'',0,10000,4,'',0,6000,4,'',0,2000,4,'',0,2000,4,'',0,6000,4,'',0,2000,4,'',0,2000,4,'',0,6000,4,'',0,2000,4,'',0,2000,4,'',0,6000,4,'',0,2000,4,'',0,2000,4,'',0,6000,4,'',0,2000,4,'',0,2000,4,'',0,6000,4,'',0,2000,4,'',0,2000,4,'',0,6000,4,'',0,2000,4,'',0,2000,4,'',0,6000,4,'',0,2000,4,'',0,2000,4,'',0,7000,4,'',0,3000,4,'',0,7000,4,'',0,3000,4,'',0,7000,4,'',0,3000,4,'',0,7000,4,'',0,3000,4,'',0,7000,4,'',0,2400,4,'',0
'3',1343401,91400,4,'',0,3000,4,'',0,7000,4,'',0,3000,4,'',0,7000,4,'',0,3000,4,'',0,7000,4,'',0,3000,4,'',0,7000,4,'',0,3000,4,'',0,7000,4,'',0,3000,4,'',0,7000,4,'',0,3000,4,'',0,7000,4,'',0,3000,4,'',0,7000,4,'',0,3000,4,'',0,7000,4,'',0,3000,4,'',0,7000,4,'',0,3000,4,'',0,7000,4,'',0,3000,4,'',0,7000,4,'',0,2400,4,'',0
'8001',1343401,90400,4,'',0,52000,4,'',0,10000,4,'',0,11000,4,'',0,11000,4,'',0
'1',1343700,61600,,'',0,3000,,'',0,7000,,'',0,3000,,'',0,7000,,'',0,3000,,'',0,7000,,'',0,3000,,'',0,7000,,'',0,3000,,'',0,7000,,'',0,3000,,'',0,7000,,'',0,3000,,'',0,7000,,'',0,3000,,'',0,7000,,'',0,3000,,'',0,7000,,'',0,3000,,'',0,7000,,'',0,3000,,'',0,7000,,'',0,3000,,'',0,7000,,'',0,10000,,'',0,10000,,'',0,10000,,'',0,10000,,'',0,10000,,'',0,10100,,'',0
'2',1343700,71600,,'',0,10000,,'',0,10000,,'',0,10000,,'',0,10000,,'',0,3000,,'',0,7000,,'',0,3000,,'',0,7000,,'',0,3000,,'',0,7000,,'',0,3000,,'',0,7000,,'',0,3000,,'',0,7000,,'',0,3000,,'',0,7000,,'',0,3000,,'',0,7000,,'',0,10000,,'',0,10000,,'',0,10000,,'',0,10000,,'',0,10000,,'',0,10100,,'',0
'3',1343700,91600,,'',0,10000,,'',0,10000,,'',0,10000,,'',0,10000,,'',0,10000,,'',0,10000,,'',0,10000,,'',0,10000,,'',0,10000,,'',0,10000,,'',0,10000,,'',0,10100,,'',0
'1',1343901,191400,4,'',0
'2',1343901,191400,4,'',0
'1201',1346500,75600,,'',0,88000,,'',0
'1',1346500,63600,,'',0,8000,,'',0,12000,,'',0,8000,,'',0,4000,,'',0,8000,,'',0,8000,,'',0,4000,,'',0,8000,,'',0,8000,,'',0,4000,,'',0,8000,,'',0,12000,,'',0,16000,,'',0,4000,,'',0
'8001',1346500,75600,,'',0,88000,,'',0
'1201',1346600,132600,,'',0,12000,,'',0,8000,,'',0
'1',1346600,64600,,'',0,8000,,'',0,8000,,'',0,4000,,'',0,8000,,'',0,8000,,'',0,4000,,'',0,8000,,'',0,8000,,'',0,4000,,'',0,16000,,'',0,20000,,'',0,4000,,'',0,8000,,'',0,8000,,'',0,11000,,'',0,10000,,'',0,10000,,'',0,10000,,'',0,10000,,'',0,10100,,'',0
'2',1346600,71600,,'',0,10000,,'',0,10000,,'',0,10000,,'',0,9000,,'',0,4000,,'',0,8000,,'',0,8000,,'',0,4000,,'',0,8000,,'',0,8000,,'',0,4000,,'',0,8000,,'',0,8000,,'',0,4000,,'',0,8000,,'',0,9000,,'',0,10000,,'',0,10000,,'',0,10000,,'',0,10000,,'',0,10100,,'',0
'3',1346600,81600,,'',0,10000,,'',0,10000,,'',0,10000,,'',0,10000,,'',0,10000,,'',0,10000,,'',0,10000,,'',0,10000,,'',0,10000,,'',0,10000,,'',0,10000,,'',0,10000,,'',0,10100,,'',0
'8001',1346600,132600,,'',0,12000,,'',0,8000,,'',0
'1',1346700,61600,,'',0,4000,,'',0,8000,,'',0,8000,,'',0,4000,,'',0,8000,,'',0,8000,,'',0,4000,,'',0,8000,,'',0,8000,,'',0,4000,,'',0,8000,,'',0,8000,,'',0,4000,,'',0,6000,,'',0,2000,,'',0,8000,,'',0,4000,,'',0,8000,,'',0,8000,,'',0,3000,,'',0,10000,,'',0,10000,,'',0,10000,,'',0,10000,,'',0,10100,,'',0
'2',1346700,64600,,'',0,10000,,'',0,10000,,'',0,10000,,'',0,10000,,'',0,8000,,'',0,8000,,'',0,4000,,'',0,8000,,'',0,8000,,'',0,4000,,'',0,8000,,'',0,8000,,'',0,4000,,'',0,8000,,'',0,8000,,'',0,4000,,'',0,10000,,'',0,10000,,'',0,10000,,'',0,10000,,'',0,10100,,'',0
'3',1346700,84600,,'',0,10000,,'',0,10000,,'',0,10000,,'',0,10000,,'',0,10000,,'',0,10000,,'',0,10000,,'',0,10000,,'',0,10000,,'',0,10000,,'',0,10000,,'',0,10100,,'',0
'1201',1346800,142600,,'',0,32000,,'',0
'1',1346800,62600,,'',0,8000,,'',0,4000,,'',0,8000,,'',0,8000,,'',0,4000,,'',0,8000,,'',0,8000,,'',0,4000,,'',0,8000,,'',0,8000,,'',0,4000,,'',0,16000,,'',0,4000,,'',0,8000,,'',0,8000,,'',0,12000,,'',0
'8001',1346800,142600,,'',0,32000,,'',0
