'1',1338300,243000,4,'',0
'2',1338300,243000,4,'',0
'10801',1339100,62500,,'',0,20000,,'',0,20000,,'',0,30000,,'',0,20000,,'',0,20000,,'',0
'10801',1339101,82000,4,'',0,20000,4,'',0,50000,4,'',0,20000,4,'',0
'1201',1339100,62500,,'',0,20000,,'',0,20000,,'',0,30000,,'',0,20000,,'',0,20000,,'',0
'1201',1339101,82000,4,'',0,20000,4,'',0,50000,4,'',0,20000,4,'',0
'1',1339100,55500,,'',0,10000,,'',0,7000,,'',0,3000,,'',0,10000,,'',0,7000,,'',0,3000,,'',0,10000,,'',0,7000,,'',0,3000,,'',0,7000,,'',0,3000,,'',0,10000,,'',0,7000,,'',0,3000,,'',0,10000,,'',0,7000,,'',0,3000,,'',0,10000,,'',0,6600,,'',0,3400,,'',0,10000,,'',0,10000,,'',0,10000,,'',0,10000,,'',0,10000,,'',0
'1',1339101,65000,4,'',0,7000,4,'',0,3000,4,'',0,10000,4,'',0,7000,4,'',0,3000,4,'',0,10000,4,'',0,7000,4,'',0,3000,4,'',0,7000,4,'',0,3000,4,'',0,7000,4,'',0,3000,4,'',0,7000,4,'',0,3000,4,'',0,10000,4,'',0,7000,4,'',0,3000,4,'',0,10000,4,'',0,7000,4,'',0,3000,4,'',0,10000,4,'',0,10000,4,'',0,10000,4,'',0,10000,4,'',0,10000,4,'',0,9100,4,'',0
'2',1339100,55500,,'',0,10000,,'',0,10000,,'',0,10000,,'',0,10000,,'',0,10000,,'',0,7000,,'',0,3000,,'',0,7000,,'',0,3000,,'',0,7000,,'',0,3000,,'',0,7000,,'',0,3000,,'',0,7000,,'',0,3000,,'',0,7000,,'',0,3000,,'',0,7000,,'',0,3000,,'',0,6600,,'',0,3400,,'',0,10000,,'',0,10000,,'',0,10000,,'',0,10000,,'',0,10000,,'',0
'2',1339101,65000,4,'',0,10000,4,'',0,10000,4,'',0,10000,4,'',0,10000,4,'',0,7000,4,'',0,3000,4,'',0,7000,4,'',0,3000,4,'',0,7000,4,'',0,3000,4,'',0,7000,4,'',0,3000,4,'',0,7000,4,'',0,3000,4,'',0,7000,4,'',0,3000,4,'',0,7000,4,'',0,3000,4,'',0,7000,4,'',0,3000,4,'',0,10000,4,'',0,10000,4,'',0,10000,4,'',0,10000,4,'',0,10000,4,'',0,9100,4,'',0
'3',1339100,85500,,'',0,10000,,'',0,10000,,'',0,10000,,'',0,10000,,'',0,10000,,'',0,10000,,'',0,10000,,'',0,10000,,'',0,10000,,'',0,10000,,'',0,10000,,'',0,10000,,'',0
'3',1339101,85100,4,'',0,9900,4,'',0,10000,4,'',0,10000,4,'',0,10000,4,'',0,10000,4,'',0,10000,4,'',0,10000,4,'',0,10000,4,'',0,10000,4,'',0,10000,4,'',0,10000,4,'',0,10000,4,'',0,9100,4,'',0
'8001',1339100,62500,,'',0,20000,,'',0,20000,,'',0,30000,,'',0,20000,,'',0,20000,,'',0
'8001',1339101,82000,4,'',0,20000,4,'',0,50000,4,'',0,20000,4,'',0
'10801',1340501,154000,4,'',0
'1201',1340501,154000,4,'',0
'10801',1340801,155500,4,'',0
'1201',1340801,155500,4,'',0
'10801',1342600,101000,4,'',0,500,,'',0,9500,4,'',0,500,,'',0
'1201',1342600,101000,4,'',0,500,,'',0,9500,4,'',0,500,,'',0
'1',1342600,61500,,'',0,3000,,'',0,7000,,'',0,3000,,'',0,6500,4,'',0,500,,'',0,2500,4,'',0,500,,'',0,6500,4,'',0,500,,'',0,2500,4,'',0,500,,'',0,9500,4,'',0,500,,'',0,9500,4,'',0,500,,'',0,6500,4,'',0,500,,'',0,2500,,'',0,7000,4,'',0,500,,'',0,2500,4,'',0,500,,'',0,6500,4,'',0,500,,'',0,2500,4,'',0,500,,'',0,6800,4,'',0,200,,'',0,2800,4,'',0,200,,'',0,6800,4,'',0,200,,'',0,2800,4,'',0,200,,'',0,6800,4,'',0,200,,'',0,2800,4,'',0,200,,'',0,6800,4,'',0,500,,'',0,2200,,'',0,6500,4,'',0,500,,'',0,9500,4,'',0,500,,'',0,9500,4,'',0,500,,'',0,9500,4,'',0,500,,'',0,9500,4,'',0,500,,'',0,9500,,'',0
'1',1342601,243800,4,'',0
'2',1342600,61000,,'',0,9500,4,'',0,500,,'',0,9500,4,'',0,500,,'',0,9500,4,'',0,500,,'',0,9500,4,'',0,500,,'',0,9500,4,'',0,500,,'',0,2500,4,'',0,500,,'',0,6500,4,'',0,500,,'',0,2500,4,'',0,500,,'',0,6500,4,'',0,500,,'',0,2500,4,'',0,500,,'',0,6500,4,'',0,500,,'',0,2500,4,'',0,500,,'',0,7000,,'',0,2500,4,'',0,500,,'',0,6500,4,'',0,500,,'',0,2500,4,'',0,500,,'',0,6500,4,'',0,500,,'',0,2500,4,'',0,500,,'',0,6500,4,'',0,500,,'',0,2500,4,'',0,500,,'',0,6500,4,'',0,500,,'',0,9500,4,'',0,500,,'',0,9500,4,'',0,500,,'',0,9500,4,'',0,500,,'',0,9500,4,'',0,500,,'',0,9500,,'',0
'2',1342601,64800,4,'',0,179000,4,'',0
'3',1342600,90500,4,'',0,500,,'',0,9500,4,'',0,500,,'',0,9500,4,'',0,500,,'',0,9500,4,'',0,500,,'',0,9500,4,'',0,500,,'',0,9500,4,'',0,500,,'',0,9500,4,'',0,500,,'',0,9500,4,'',0,500,,'',0,9500,4,'',0,500,,'',0,9500,4,'',0,500,,'',0,9500,4,'',0,500,,'',0,9500,4,'',0,500,,'',0,9500,4,'',0,500,,'',0
'3',1342601,84800,4,'',0,129000,4,'',0
'8001',1342600,101000,4,'',0,500,,'',0,9500,4,'',0,500,,'',0
'10801',1342701,110000,4,'',0,10000,4,'',0
'1201',1342701,110000,4,'',0,10000,4,'',0,25800,4,'',0
'1',1342700,62500,,'',0,2000,4,'',0,1000,,'',0,6000,4,'',0,1000,,'',0,2500,4,'',0,500,,'',0,6500,4,'',0,900,,'',0,2100,4,'',0,500,,'',0,6500,4,'',0,500,,'',0,2500,4,'',0,500,,'',0,6500,4,'',0,500,,'',0,2500,4,'',0,500,,'',0,6500,4,'',0,500,,'',0,2500,4,'',0,500,,'',0,6500,4,'',0,500,,'',0,2500,4,'',0,500,,'',0,6500,4,'',0,500,,'',0,2500,4,'',0,500,,'',0,6500,4,'',0,500,,'',0,2500,4,'',0,500,,'',0,6800,4,'',0,200,,'',0,2800,4,'',0,200,,'',0,6800,4,'',0,200,,'',0,2800,4,'',0,200,,'',0,6800,4,'',0,200,,'',0,2800,4,'',0,200,,'',0,6800,4,'',0,200,,'',0,2800,4,'',0,400,,'',0,10000,,'',0,10000,,'',0,10000,,'',0,10000,,'',0,10000,,'',0
'1',1342701,70000,4,'',0,3000,4,'',0,7000,4,'',0,3000,4,'',0,7000,4,'',0,3000,4,'',0,7000,4,'',0,3000,4,'',0,10000,4,'',0,10000,4,'',0,7000,4,'',0,3000,4,'',0,7000,4,'',0,3000,4,'',0,7000,4,'',0,3000,4,'',0,7000,4,'',0,3000,4,'',0,7000,4,'',0,3000,4,'',0,7000,4,'',0,3000,4,'',0,2300,4,'',0,10000,4,'',0,10000,4,'',0,10000,4,'',0,10000,4,'',0,10000,4,'',0
'2',1342700,65700,,'',0,10000,,'',0,10000,,'',0,10000,,'',0,9800,,'',0,6500,4,'',0,500,,'',0,2500,4,'',0,500,,'',0,6500,4,'',0,500,,'',0,2500,4,'',0,500,,'',0,6500,4,'',0,500,,'',0,2500,4,'',0,500,,'',0,6500,4,'',0,500,,'',0,2500,4,'',0,500,,'',0,6500,4,'',0,500,,'',0,2500,4,'',0,500,,'',0,6500,4,'',0,500,,'',0,2500,4,'',0,500,,'',0,6500,4,'',0,500,,'',0,2500,4,'',0,500,,'',0,6500,4,'',0,500,,'',0,2500,4,'',0,700,,'',0,10000,,'',0,10000,,'',0,10000,,'',0,10000,,'',0,10000,,'',0
'2',1342701,75300,4,'',0,10000,4,'',0,10000,4,'',0,10000,4,'',0,80000,4,'',0,10000,4,'',0,10000,4,'',0,10000,4,'',0,10000,4,'',0,10000,4,'',0
'3',1342700,85700,,'',0,10000,,'',0,10000,,'',0,10000,,'',0,10000,,'',0,10000,,'',0,10000,,'',0,10000,,'',0,10000,,'',0,10000,,'',0,10000,,'',0,10000,,'',0,10000,,'',0
'3',1342701,85300,4,'',0,10000,4,'',0,10000,4,'',0,10000,4,'',0,10000,4,'',0,10000,4,'',0,10000,4,'',0,10000,4,'',0,10000,4,'',0,10000,4,'',0,10000,4,'',0,10000,4,'',0,10000,4,'',0
'8001',1342701,110000,4,'',0,10000,4,'',0
'10801',1342801,110000,,'',0,10000,,'',0
'1201',1342801,110000,,'',0,10000,,'',0
'1',1342801,70000,,'',0,3000,,'',0,7000,,'',0,3000,,'',0,7000,,'',0,3000,,'',0,7000,,'',0,3000,,'',0,10000,,'',0,10000,,'',0,7000,,'',0,3000,,'',0,7000,,'',0,3000,,'',0,7300,,'',0,3000,,'',0,7000,,'',0,3000,,'',0,7000,,'',0,3000,,'',0,7000,,'',0,3000,,'',0
'8001',1342801,110000,,'',0,10000,,'',0
'10801',1342900,100000,,'',0,30000,,'',0
'1201',1342900,100000,,'',0,30000,,'',0
'1',1342900,63000,,'',0,7000,,'',0,3000,,'',0,7000,,'',0,3000,,'',0,7000,,'',0,3000,,'',0,10000,,'',0,7000,,'',0,3000,,'',0,7000,,'',0,3000,,'',0,10000,,'',0,7000,,'',0,3000,,'',0,7300,,'',0,3400,,'',0,6600,,'',0,3000,,'',0,7000,,'',0,3000,,'',0,7000,,'',0,3000,,'',0,10200,,'',0,10000,,'',0,10000,,'',0,10000,,'',0,10000,,'',0
'1',1342901,195300,4,'',0,10000,4,'',0,10000,4,'',0,10000,4,'',0,10000,4,'',0
'2',1342900,63500,,'',0,10000,,'',0,10000,,'',0,10000,,'',0,10000,,'',0,7500,,'',0,3000,,'',0,7000,,'',0,3000,,'',0,7000,,'',0,3000,,'',0,7000,,'',0,3000,,'',0,7000,,'',0,3000,,'',0,7000,,'',0,3000,,'',0,7000,,'',0,3000,,'',0,7000,,'',0,2500,,'',0,10000,,'',0,10000,,'',0,10000,,'',0,10000,,'',0,10000,,'',0
'2',1342901,65300,4,'',0,10000,4,'',0,10000,4,'',0,10000,4,'',0,10000,4,'',0,8200,4,'',0,7500,4,'',0,3000,4,'',0,7000,4,'',0,3000,4,'',0,7000,4,'',0,3000,4,'',0,7000,4,'',0,3000,4,'',0,7000,4,'',0,3000,4,'',0,7000,4,'',0,3000,4,'',0,6500,4,'',0,3000,4,'',0,11800,4,'',0,10000,4,'',0,10000,4,'',0,10000,4,'',0,10000,4,'',0
'3',1342900,93500,,'',0,10000,,'',0,10000,,'',0,10000,,'',0,10000,,'',0,10000,,'',0,10000,,'',0,10000,,'',0,10000,,'',0,10000,,'',0,10000,,'',0,10000,,'',0,10000,,'',0
'3',1342901,85300,4,'',0,10000,4,'',0,10000,4,'',0,10000,4,'',0,10000,4,'',0,10000,4,'',0,10000,4,'',0,10000,4,'',0,10000,4,'',0,10000,4,'',0,10000,4,'',0,10000,4,'',0,10000,4,'',0,10000,4,'',0
'8001',1342900,100000,,'',0,30000,,'',0
'10801',1343000,93000,4,'',0,500,,'',0,29500,,'',0
'10801',1343001,95900,4,'',0,30000,4,'',0
'1201',1343000,93000,4,'',0,500,,'',0,29500,,'',0
'1201',1343001,95900,4,'',0,30000,4,'',0
'1',1343000,60500,,'',0,2500,4,'',0,500,,'',0,6500,4,'',0,500,,'',0,2500,4,'',0,500,,'',0,6500,,'',0,3000,4,'',0,500,,'',0,6500,4,'',0,500,,'',0,9500,,'',0,3000,,'',0,7000,,'',0,3000,,'',0,7000,,'',0,10000,,'',0,3000,,'',0,7000,,'',0,3000,,'',0,7300,4,'',0,200,,'',0,2800,4,'',0,200,,'',0,6800,4,'',0,200,,'',0,2800,4,'',0,200,,'',0,6800,4,'',0,200,,'',0,2800,4,'',0,200,,'',0,6800,4,'',0,200,,'',0,2800,4,'',0,200,,'',0,2000,,'',0,10000,,'',0,10000,,'',0,10000,,'',0,10000,,'',0,10000,,'',0
'1',1343001,62900,4,'',0,3000,4,'',0,7000,4,'',0,3000,4,'',0,7000,4,'',0,3000,4,'',0,7000,4,'',0,10000,4,'',0,3000,4,'',0,7000,4,'',0,3000,4,'',0,7000,4,'',0,10000,4,'',0,3000,4,'',0,7000,4,'',0,3000,4,'',0,7000,4,'',0,3000,4,'',0,7000,4,'',0,3000,4,'',0,7000,4,'',0,3000,4,'',0,7000,4,'',0,3000,4,'',0
'2',1343000,65500,,'',0,10000,,'',0,10000,,'',0,10000,,'',0,10000,,'',0,8000,,'',0,7000,,'',0,3000,,'',0,7000,,'',0,3000,,'',0,7000,,'',0,3000,,'',0,7000,,'',0,3000,,'',0,7000,,'',0,3000,,'',0,7000,,'',0,3000,,'',0,7000,,'',0,3000,,'',0,2000,,'',0,10000,,'',0,10000,,'',0,10000,,'',0,10000,,'',0,10000,,'',0
'2',1343001,120400,4,'',0,3000,4,'',0,7000,4,'',0,3000,4,'',0,7000,4,'',0,3000,4,'',0,7000,4,'',0,3000,4,'',0,7000,4,'',0,3000,4,'',0,7000,4,'',0,3000,4,'',0,7000,4,'',0,3000,4,'',0,7000,4,'',0
'3',1343000,85500,,'',0,10000,,'',0,10000,,'',0,10000,,'',0,10000,,'',0,10000,,'',0,10000,,'',0,10000,,'',0,10000,,'',0,10000,,'',0,10000,,'',0,10000,,'',0,10000,,'',0
'8001',1343000,93000,4,'',0,500,,'',0,29500,,'',0
'8001',1343001,95900,4,'',0,30000,4,'',0
