'1',1405501,70100,,'',0,3000,,'',0,2800,,'',0,7000,,'',0,3000,4,'',0,75100,,'',0,2900,,'',0,7000,,'',0,3000,,'',0
'1201',1405800,133800,,'',0,10000,,'',0,10000,,'',0,10000,,'',0,10000,,'',0,9900,,'',0
'12101',1405800,133800,,'',0,10000,,'',0,10000,,'',0,10000,,'',0,10000,,'',0,9900,,'',0
'1',1405800,63800,,'',0,7000,,'',0,3000,,'',0,7000,,'',0,3000,,'',0,7000,,'',0,3000,,'',0,7000,,'',0,3000,,'',0,7000,,'',0,3000,,'',0,7000,,'',0,3000,,'',0,7000,,'',0,10000,,'',0,10000,,'',0,10000,,'',0,10000,,'',0,10000,,'',0,11500,,'',0,10000,,'',0,10000,,'',0,10000,,'',0,10000,,'',0,10000,,'',0
'2',1405800,62300,,'',0,10000,,'',0,10000,,'',0,10000,,'',0,10000,,'',0,10000,,'',0,1500,,'',0,7000,,'',0,3000,,'',0,7000,,'',0,3000,,'',0,7000,,'',0,3000,,'',0,7000,,'',0,3000,,'',0,7000,,'',0,3000,,'',0,7000,,'',0,3000,,'',0,7000,,'',0,2900,,'',0,8600,,'',0,10000,,'',0,10000,,'',0,10000,,'',0,10000,,'',0,10000,,'',0
'3',1405800,82300,,'',0,10000,,'',0,10000,,'',0,10000,,'',0,10000,,'',0,10000,,'',0,10000,,'',0,10000,,'',0,10000,,'',0,10000,,'',0,10000,,'',0,10000,,'',0,10000,,'',0,10000,,'',0
'1',1406400,60800,,'',0,4000,,'',0,8000,,'',0,8000,,'',0,4000,,'',0,8000,,'',0,8000,,'',0,4000,,'',0,8000,,'',0,8000,,'',0,4000,,'',0,8000,,'',0,8000,,'',0,4000,,'',0,8000,,'',0,8000,,'',0,4000,,'',0,8000,,'',0,8000,,'',0,4000,,'',0,8000,,'',0,8000,,'',0,4000,,'',0,8000,,'',0,8000,,'',0,4000,,'',0,8000,,'',0,8000,,'',0
'1',1406401,64500,4,'',0,8000,4,'',0,8000,4,'',0,4000,4,'',0,8000,4,'',0,8000,4,'',0,4000,4,'',0,8000,4,'',0,8000,4,'',0,4000,4,'',0,8000,4,'',0,8000,4,'',0,4000,4,'',0,8000,4,'',0,8000,4,'',0,4000,4,'',0,8000,4,'',0,8000,4,'',0,4000,4,'',0,8000,4,'',0,8000,4,'',0,4000,4,'',0,8000,4,'',0,8000,4,'',0,4000,4,'',0,8000,4,'',0,8000,4,'',0,4000,4,'',0
'2',1406400,60800,,'',0,4000,,'',0,8000,,'',0,8000,,'',0,4000,,'',0,8000,,'',0,8000,,'',0,4000,,'',0,8000,,'',0,8000,,'',0,4000,,'',0,8000,,'',0,8000,,'',0,4000,,'',0,8000,,'',0,8000,,'',0,4000,,'',0,8000,,'',0,8000,,'',0,4000,,'',0,8000,,'',0,8000,,'',0,4000,,'',0,8000,,'',0,8000,,'',0,4000,,'',0,8000,,'',0,8000,,'',0
'2',1406401,64500,4,'',0,8000,4,'',0,8000,4,'',0,4000,4,'',0,8000,4,'',0,8000,4,'',0,4000,4,'',0,8000,4,'',0,8000,4,'',0,4000,4,'',0,8000,4,'',0,8000,4,'',0,4000,4,'',0,8000,4,'',0,8000,4,'',0,4000,4,'',0,8000,4,'',0,8000,4,'',0,4000,4,'',0,8000,4,'',0,8000,4,'',0,4000,4,'',0,8000,4,'',0,8000,4,'',0,4000,4,'',0,8000,4,'',0,8000,4,'',0,4000,4,'',0
'3',1406400,92800,,'',0,8000,,'',0,4000,,'',0,8000,,'',0,8000,,'',0,4000,,'',0,8000,,'',0,8000,,'',0,4000,,'',0,8000,,'',0,8000,,'',0,4000,,'',0,8000,,'',0,8000,,'',0,4000,,'',0,8000,,'',0,8000,,'',0,4000,,'',0,8000,,'',0
'3',1406401,92500,4,'',0,8000,4,'',0,4000,4,'',0,8000,4,'',0,8000,4,'',0,4000,4,'',0,8000,4,'',0,8000,4,'',0,4000,4,'',0,8000,4,'',0,8000,4,'',0,4000,4,'',0,8000,4,'',0,8000,4,'',0,4000,4,'',0,8000,4,'',0,8000,4,'',0,4000,4,'',0,8000,4,'',0,2900,4,'',0
'1',1406500,60800,0,'Silverspring',0,4000,0,'Silverspring',0,8000,0,'Silverspring',0,8000,0,'Silverspring',0,4000,0,'Silverspring',0,8000,0,'Silverspring',0,8000,0,'Silverspring',0,4000,0,'Silverspring',0,8000,0,'Silverspring',0,8000,0,'Silverspring',0,4000,0,'Silverspring',0,8000,0,'Silverspring',0,8000,0,'Silverspring',0,4000,0,'Silverspring',0,8000,0,'Silverspring',0,8000,0,'Silverspring',0,4000,0,'Silverspring',0,8000,0,'Silverspring',0,8000,0,'Silverspring',0,10000,,'',0,10000,,'',0,10000,,'',0,10000,,'',0,10000,,'',0,10000,,'',0
'1',1406501,60700,4,'',0,4000,4,'',0,8000,4,'',0,8000,4,'',0,4000,4,'',0,8000,4,'',0,8000,4,'',0,4000,4,'',0,8000,4,'',0,8000,4,'',0,4000,4,'',0,8000,4,'',0,8000,4,'',0,4000,4,'',0,8000,4,'',0,8000,4,'',0,4000,4,'',0,8000,4,'',0,8000,4,'',0,4000,4,'',0,15800,4,'',0,10000,4,'',0,10000,4,'',0,10000,4,'',0,10000,4,'',0
'2',1406500,70800,,'',0,10000,,'',0,10000,,'',0,10000,,'',0,10000,,'',0,10000,,'',0,10000,,'',0,10000,,'',0,10000,,'',0,10000,,'',0,10000,,'',0,10000,,'',0,10000,,'',0,10000,,'',0,10000,,'',0,10000,,'',0,10000,,'',0,10000,,'',0
'2',1406501,70500,4,'',0,10000,4,'',0,10000,4,'',0,10000,4,'',0,10000,4,'',0,10000,4,'',0,10000,4,'',0,10000,4,'',0,10000,4,'',0,10000,4,'',0,10000,4,'',0,10000,4,'',0,10000,4,'',0,10000,4,'',0,10000,4,'',0,10000,4,'',0,10000,4,'',0,10000,4,'',0
'3',1406500,90800,,'',0,10000,,'',0,10000,,'',0,10000,,'',0,10000,,'',0,10000,,'',0,10000,,'',0,10000,,'',0,10000,,'',0,10000,,'',0,10000,,'',0,10000,,'',0,10000,,'',0
'3',1406501,90500,4,'',0,10000,4,'',0,10000,4,'',0,10000,4,'',0,10000,4,'',0,10000,4,'',0,10000,4,'',0,10000,4,'',0,10000,4,'',0,10000,4,'',0,10000,4,'',0,10000,4,'',0,10000,4,'',0
'1',1408300,63500,,'',0,8000,,'',0,4000,,'',0,8000,,'',0,8000,,'',0,4000,,'',0,8000,,'',0,8000,,'',0,4000,,'',0,8000,,'',0,8000,,'',0,4000,,'',0,8000,,'',0,8000,,'',0,4000,,'',0,8000,,'',0,8000,,'',0,4000,,'',0,8000,,'',0,10300,,'',0,10000,,'',0,10000,,'',0,10000,,'',0,10000,,'',0
'1',1408301,61000,4,'',0,4000,4,'',0,8000,4,'',0,8000,4,'',0,4000,4,'',0,8000,4,'',0,8000,4,'',0,4000,4,'',0,8000,4,'',0,8000,4,'',0,4000,4,'',0,8000,4,'',0,8000,4,'',0,4000,4,'',0,8000,4,'',0,8000,4,'',0,4000,4,'',0,8000,4,'',0,8000,4,'',0,4000,4,'',0,8400,4,'',0,10000,4,'',0,10000,4,'',0,10000,4,'',0,10000,4,'',0,9500,4,'',0
'2',1408300,63800,,'',0,10000,,'',0,10000,,'',0,10000,,'',0,10000,,'',0,7700,,'',0,4000,,'',0,8000,,'',0,8000,,'',0,4000,,'',0,8000,,'',0,8000,,'',0,4000,,'',0,8000,,'',0,8000,,'',0,4000,,'',0,8000,,'',0,10300,,'',0,10000,,'',0,10000,,'',0,10000,,'',0,10000,,'',0
'2',1408301,63400,4,'',0,10000,4,'',0,10000,4,'',0,10000,4,'',0,10000,4,'',0,9600,4,'',0,8000,4,'',0,4000,4,'',0,8000,4,'',0,8000,4,'',0,4000,4,'',0,8000,4,'',0,8000,4,'',0,4000,4,'',0,8000,4,'',0,8000,4,'',0,4000,4,'',0,8400,4,'',0,10000,4,'',0,10000,4,'',0,10000,4,'',0,10000,4,'',0,9500,4,'',0
'3',1408300,93800,,'',0,10000,,'',0,10000,,'',0,10000,,'',0,10000,,'',0,10000,,'',0,10000,,'',0,10000,,'',0,10000,,'',0,10000,,'',0,10000,,'',0,10000,,'',0
'3',1408301,93400,4,'',0,10000,4,'',0,10000,4,'',0,10000,4,'',0,10000,4,'',0,10000,4,'',0,10000,4,'',0,10000,4,'',0,10000,4,'',0,10000,4,'',0,10000,4,'',0,10000,4,'',0,9500,4,'',0
'1',1408600,61500,,'',0,4000,,'',0,8000,,'',0,8000,,'',0,4000,,'',0,8000,,'',0,8000,,'',0,4000,,'',0,8000,,'',0,8000,,'',0,4000,,'',0,8000,,'',0,8000,,'',0,4000,,'',0,8000,,'',0,8000,,'',0,4000,,'',0,8000,,'',0,8000,,'',0,4000,,'',0,15300,,'',0,10000,,'',0,10000,,'',0,10000,,'',0,10000,,'',0
'1',1408601,63000,4,'',0,8000,4,'',0,4000,4,'',0,8000,4,'',0,8000,4,'',0,4000,4,'',0,8000,4,'',0,8000,4,'',0,4000,4,'',0,8000,4,'',0,8000,4,'',0,4000,4,'',0,8000,4,'',0,8000,4,'',0,4000,4,'',0,8000,4,'',0,8000,4,'',0,4000,4,'',0,8000,4,'',0,7000,4,'',0,10400,4,'',0,10000,4,'',0,10000,4,'',0,10000,4,'',0,10000,4,'',0
'2',1408600,70800,,'',0,10000,,'',0,10000,,'',0,10000,,'',0,9700,,'',0,3000,,'',0,8000,,'',0,4000,,'',0,8000,,'',0,8000,,'',0,4000,,'',0,8000,,'',0,8000,,'',0,4000,,'',0,8000,,'',0,8000,,'',0,4000,,'',0,15300,,'',0,10000,,'',0,10000,,'',0,10000,,'',0,10000,,'',0
'2',1408601,70400,4,'',0,10000,4,'',0,10000,4,'',0,10000,4,'',0,10000,4,'',0,5100,4,'',0,7500,4,'',0,8000,4,'',0,4000,4,'',0,8000,4,'',0,8000,4,'',0,4000,4,'',0,8000,4,'',0,8000,4,'',0,4000,4,'',0,8000,4,'',0,7000,4,'',0,10400,4,'',0,10000,4,'',0,10000,4,'',0,10000,4,'',0,10000,4,'',0
'3',1408600,90800,,'',0,10000,,'',0,10000,,'',0,10000,,'',0,10000,,'',0,10000,,'',0,10000,,'',0,10000,,'',0,10000,,'',0,10000,,'',0,10000,,'',0,10000,,'',0,10000,,'',0
'3',1408601,100400,4,'',0,10000,4,'',0,10000,4,'',0,10000,4,'',0,10000,4,'',0,10000,4,'',0,10000,4,'',0,10000,4,'',0,10000,4,'',0,10000,4,'',0,10000,4,'',0,10000,4,'',0
