'1201',1343601,83300,0,'University',0,56900,4,'',0,200,0,'University',0,5400,4,'',0,4400,4,'',0,200,0,'University',0,9800,4,'',0,200,0,'University',0,2400,4,'',0,7400,4,'',0,200,0,'University',0,9800,4,'',0,200,0,'University',0,5000,4,'',0
'1',1343600,55400,,'',0,6600,,'',0,2000,4,'',0,300,,'',0,6700,4,'',0,300,,'',0,2700,4,'',0,300,,'',0,6700,4,'',0,300,,'',0,2700,4,'',0,300,,'',0,6700,4,'',0,300,,'',0,2700,4,'',0,300,,'',0,6700,4,'',0,300,,'',0,2700,4,'',0,300,,'',0,6700,4,'',0,300,,'',0,2700,4,'',0,300,,'',0,6700,4,'',0,300,,'',0,2700,4,'',0,300,,'',0,6700,4,'',0,300,,'',0,2700,4,'',0,300,,'',0,6700,4,'',0,300,,'',0,2700,4,'',0,300,,'',0,6700,4,'',0,300,,'',0,2700,4,'',0,300,,'',0,6700,4,'',0,300,,'',0,2700,4,'',0,300,,'',0,6700,4,'',0,300,,'',0,2700,4,'',0,300,,'',0,6700,4,'',0,300,,'',0,2700,4,'',0,300,,'',0,6700,4,'',0,500,,'',0,9500,4,'',0,500,,'',0,9500,4,'',0,500,,'',0,9500,4,'',0,500,,'',0,9500,4,'',0,500,,'',0,9500,4,'',0
'1',1343601,60600,0,'University',0,2800,0,'University',0,6800,4,'',0,200,0,'University',0,2800,4,'',0,200,0,'University',0,6800,4,'',0,200,0,'University',0,2800,4,'',0,200,0,'University',0,6800,4,'',0,200,0,'University',0,2800,4,'',0,200,0,'University',0,6800,4,'',0,200,0,'University',0,2800,4,'',0,200,0,'University',0,6800,4,'',0,200,0,'University',0,2800,4,'',0,200,0,'University',0,6800,4,'',0,200,0,'University',0,2800,4,'',0,200,0,'University',0,6800,4,'',0,200,0,'University',0,2800,4,'',0,200,0,'University',0,9800,4,'',0,200,0,'University',0,9800,4,'',0,200,0,'University',0,9800,4,'',0,200,0,'University',0,9800,4,'',0,200,0,'University',0,9800,4,'',0,200,0,'University',0,11300,4,'',0,500,0,'University',0,9500,4,'',0,500,0,'University',0,9500,4,'',0,500,0,'University',0,9500,4,'',0,500,0,'University',0,9500,4,'',0,500,0,'University',0,8800,4,'',0
'2',1343600,61500,,'',0,9500,4,'',0,500,,'',0,9500,4,'',0,500,,'',0,9500,4,'',0,500,,'',0,9500,4,'',0,500,,'',0,9500,4,'',0,500,,'',0,1900,,'',0,7600,4,'',0,300,,'',0,2700,4,'',0,300,,'',0,6700,4,'',0,300,,'',0,2700,4,'',0,300,,'',0,6700,4,'',0,300,,'',0,2700,4,'',0,300,,'',0,6700,4,'',0,300,,'',0,2700,4,'',0,300,,'',0,6700,4,'',0,300,,'',0,2700,4,'',0,300,,'',0,6700,4,'',0,300,,'',0,2700,4,'',0,300,,'',0,6700,4,'',0,300,,'',0,2700,4,'',0,300,,'',0,6700,4,'',0,500,,'',0,9500,4,'',0,500,,'',0,9500,4,'',0,500,,'',0,9500,4,'',0,500,,'',0,9500,4,'',0,500,,'',0,9500,4,'',0
'2',1343601,55400,0,'University',0,9300,4,'',0,500,0,'University',0,9500,4,'',0,500,0,'University',0,9500,4,'',0,500,0,'University',0,9500,4,'',0,500,0,'University',0,9500,4,'',0,500,0,'University',0,9500,4,'',0,500,0,'University',0,5000,4,'',0,200,0,'University',0,2800,4,'',0,200,0,'University',0,6800,4,'',0,200,0,'University',0,2800,4,'',0,200,0,'University',0,6800,4,'',0,200,0,'University',0,2800,4,'',0,200,0,'University',0,6800,4,'',0,200,0,'University',0,2800,4,'',0,200,0,'University',0,6800,4,'',0,200,0,'University',0,2800,4,'',0,200,0,'University',0,6800,4,'',0,200,0,'University',0,2800,4,'',0,200,0,'University',0,6800,4,'',0,200,0,'University',0,2800,4,'',0,200,0,'University',0,2000,4,'',0,9300,4,'',0,500,0,'University',0,9500,4,'',0,500,0,'University',0,9500,4,'',0,500,0,'University',0,9500,4,'',0,500,0,'University',0,9500,4,'',0,500,0,'University',0,8800,4,'',0
'3',1343600,81500,,'',0,9500,4,'',0,500,,'',0,9500,4,'',0,500,,'',0,9500,4,'',0,500,,'',0,9500,4,'',0,500,,'',0,9500,4,'',0,500,,'',0,9500,4,'',0,500,,'',0,9500,4,'',0,500,,'',0,9500,4,'',0,500,,'',0,9500,4,'',0,500,,'',0,9500,4,'',0,500,,'',0,9500,4,'',0,500,,'',0,9500,4,'',0,500,,'',0,9500,4,'',0
'3',1343601,85100,0,'University',0,9600,4,'',0,500,0,'University',0,9500,4,'',0,500,0,'University',0,9500,4,'',0,500,0,'University',0,9500,4,'',0,500,0,'University',0,9500,4,'',0,500,0,'University',0,9500,4,'',0,500,0,'University',0,9500,4,'',0,500,0,'University',0,9500,4,'',0,500,0,'University',0,9500,4,'',0,500,0,'University',0,9500,4,'',0,500,0,'University',0,9500,4,'',0,500,0,'University',0,9500,4,'',0,500,0,'University',0,8800,4,'',0
'8001',1343601,140200,4,'',0,200,0,'University',0,9800,4,'',0,200,0,'University',0,9800,4,'',0,200,0,'University',0,9800,4,'',0,200,0,'University',0,9800,4,'',0,200,0,'University',0,5000,4,'',0
'1',1344700,55300,,'',0,7000,,'',0,3000,,'',0,7000,,'',0,3000,,'',0,7000,,'',0,3000,,'',0,7000,,'',0,3000,,'',0,7000,,'',0,3000,,'',0,7000,,'',0,3000,,'',0,7000,,'',0,3000,,'',0,7000,,'',0,3000,,'',0,7000,,'',0,3000,,'',0,7000,,'',0,3000,,'',0,7000,,'',0,3000,,'',0,7000,,'',0,3000,,'',0,7000,,'',0,3000,,'',0,10100,,'',0,10000,,'',0,10000,,'',0,10000,,'',0,10000,,'',0
'2',1344700,65300,,'',0,10000,,'',0,10000,,'',0,10000,,'',0,10000,,'',0,7000,,'',0,3000,,'',0,7000,,'',0,3000,,'',0,7000,,'',0,3000,,'',0,7000,,'',0,3000,,'',0,7000,,'',0,3000,,'',0,7000,,'',0,3000,,'',0,7000,,'',0,3000,,'',0,7000,,'',0,3000,,'',0,10000,,'',0,10000,,'',0,10000,,'',0,10000,,'',0,10000,,'',0
'3',1344700,85300,,'',0,10000,,'',0,10000,,'',0,10000,,'',0,10000,,'',0,10000,,'',0,10000,,'',0,10000,,'',0,10000,,'',0,10000,,'',0,10000,,'',0,10000,,'',0,10000,,'',0,8200,,'',0
'3',1344701,213500,4,'',0
