'1201',1343601,85640,0,'University',0,57100,0,'University',0,10000,0,'University',0,10000,0,'University',0,10000,0,'University',0,10000,0,'University',0
'1',1343601,62750,0,'University',0,2990,0,'University',0,7000,0,'University',0,3000,0,'University',0,7000,0,'University',0,3000,0,'University',0,7000,0,'University',0,3000,0,'University',0,7000,0,'University',0,3000,0,'University',0,7000,0,'University',0,3000,0,'University',0,7000,0,'University',0,3000,0,'University',0,7000,0,'University',0,3000,0,'University',0,10000,0,'University',0,10000,0,'University',0,10000,0,'University',0,10000,0,'University',0,10000,0,'University',0,15510,0,'University',0,10000,0,'University',0,10000,0,'University',0,10000,0,'University',0,10000,0,'University',0
'2',1343601,61300,0,'University',0,9950,0,'University',0,10000,0,'University',0,10000,0,'University',0,10000,0,'University',0,10000,0,'University',0,9980,0,'University',0,1510,0,'University',0,3000,0,'University',0,7000,0,'University',0,3000,0,'University',0,7000,0,'University',0,3000,0,'University',0,7000,0,'University',0,3000,0,'University',0,7000,0,'University',0,3000,0,'University',0,7000,0,'University',0,3000,0,'University',0,7000,0,'University',0,3000,0,'University',0,15510,0,'University',0,10000,0,'University',0,10000,0,'University',0,10000,0,'University',0,10000,0,'University',0
'3',1343601,91250,0,'University',0,10000,0,'University',0,10000,0,'University',0,10000,0,'University',0,10000,0,'University',0,10000,0,'University',0,10000,0,'University',0,10000,0,'University',0,10000,0,'University',0,10000,0,'University',0,10000,0,'University',0,10000,0,'University',0,10000,0,'University',0
'8001',1343601,142740,0,'University',0,10000,0,'University',0,10000,0,'University',0,10000,0,'University',0,10000,0,'University',0
'1201',1344301,162650,,'',0,1570,,'',0,7000,,'',0,1430,,'',0,1570,,'',0,8430,,'',0
'1',1344301,65650,,'',0,7000,,'',0,3000,,'',0,7000,,'',0,3000,,'',0,7000,,'',0,3000,,'',0,10000,,'',0,10000,,'',0,10000,,'',0,10000,,'',0,10000,,'',0,10000,,'',0,10000,,'',0,10000,,'',0,10000,,'',0,10000,,'',0,10000,,'',0,10000,,'',0,10000,,'',0,10000,,'',0
'2',1344301,65650,,'',0,10000,,'',0,10000,,'',0,10000,,'',0,10000,,'',0,10000,,'',0,10000,,'',0,10000,,'',0,10000,,'',0,10000,,'',0,10000,,'',0,10000,,'',0,10000,,'',0,10000,,'',0,10000,,'',0,10000,,'',0,10000,,'',0,10000,,'',0
'3',1344301,85650,,'',0,10000,,'',0,10000,,'',0,10000,,'',0,10000,,'',0,10000,,'',0,10000,,'',0,10000,,'',0,10000,,'',0,10000,,'',0,10000,,'',0,10000,,'',0,10000,,'',0
'8001',1344301,162650,,'',0,1570,,'',0,7000,,'',0,1430,,'',0,1570,,'',0,8430,,'',0
