'10801',1398800,84500,4,'',0,17000,4,'',0,30000,4,'',0,30000,4,'',0
'10801',1398801,101500,,'',0,30000,,'',0,30000,,'',0
'1201',1398800,84500,4,'',0,17000,4,'',0,30000,4,'',0,30000,4,'',0
'1201',1398801,101500,,'',0,30000,,'',0,30000,,'',0
'1',1398800,54400,4,'',0,7000,4,'',0,2600,4,'',0,7000,4,'',0,3000,4,'',0,7500,4,'',0,10000,4,'',0,3000,4,'',0,10000,4,'',0,7000,4,'',0,3000,4,'',0,7000,4,'',0,3000,4,'',0,10000,4,'',0,7000,4,'',0,3000,4,'',0,7000,4,'',0,3200,4,'',0,9800,4,'',0,7000,4,'',0,3000,4,'',0,7000,4,'',0,2500,4,'',0,10200,4,'',0,10000,4,'',0,10000,4,'',0,10000,4,'',0,10000,4,'',0
'1',1398801,54400,,'',0,7000,,'',0,2700,,'',0,7000,,'',0,3000,,'',0,7400,,'',0,3000,,'',0,7000,,'',0,3000,,'',0,10000,,'',0,7000,,'',0,3000,,'',0,7000,,'',0,3000,,'',0,10000,,'',0,7000,,'',0,3000,,'',0,7000,,'',0,3200,,'',0,9800,,'',0,7000,,'',0,3000,,'',0,7000,,'',0,2500,,'',0,10200,,'',0,10000,,'',0,10000,,'',0,10000,,'',0,10000,,'',0
'2',1398800,64200,4,'',0,10000,4,'',0,10000,4,'',0,10000,4,'',0,10000,4,'',0,7900,4,'',0,3000,4,'',0,7000,4,'',0,3000,4,'',0,7000,4,'',0,3000,4,'',0,7000,4,'',0,3000,4,'',0,7000,4,'',0,3000,4,'',0,7000,4,'',0,3000,4,'',0,7000,4,'',0,3000,4,'',0,7000,4,'',0,2100,4,'',0,10000,4,'',0,10000,4,'',0,10000,4,'',0,10000,4,'',0,10000,4,'',0
'2',1398801,64200,,'',0,10000,,'',0,10000,,'',0,10000,,'',0,10000,,'',0,7900,,'',0,3300,,'',0,7000,,'',0,3000,,'',0,7000,,'',0,3000,,'',0,7000,,'',0,3000,,'',0,7000,,'',0,3000,,'',0,7000,,'',0,3000,,'',0,7000,,'',0,3000,,'',0,7000,,'',0,1800,,'',0,10000,,'',0,10000,,'',0,10000,,'',0,10000,,'',0,10000,,'',0
'3',1398800,84200,4,'',0,10000,4,'',0,10000,4,'',0,10000,4,'',0,10000,4,'',0,10000,4,'',0,10000,4,'',0,10000,4,'',0,10000,4,'',0,10000,4,'',0,10000,4,'',0,10000,4,'',0,10000,4,'',0,10000,4,'',0
'3',1398801,84200,,'',0,10000,,'',0,10000,,'',0,10000,,'',0,10000,,'',0,10000,,'',0,10000,,'',0,10000,,'',0,10000,,'',0,10000,,'',0,10000,,'',0,10000,,'',0,10000,,'',0,10000,,'',0
