'10801',1338800,155700,4,'',0,5500,4,'',0,3000,4,'',0,1500,4,'',0,5500,4,'',0,4500,4,'',0
'10801',1338801,155800,,'',0,5500,,'',0,3000,,'',0,1500,,'',0,5500,,'',0,4500,,'',0
'1201',1338800,155700,4,'',0,5500,4,'',0,3000,4,'',0,1500,4,'',0,5500,4,'',0,4500,4,'',0
'1201',1338801,155800,,'',0,5500,,'',0,3000,,'',0,1500,,'',0,5500,,'',0,4500,,'',0
'1',1338800,62700,4,'',0,3000,4,'',0,7000,4,'',0,3000,4,'',0,7000,4,'',0,3000,4,'',0,7000,4,'',0,10000,4,'',0,10000,4,'',0,10000,4,'',0,10000,4,'',0,10000,4,'',0,10000,4,'',0,10000,4,'',0,10000,4,'',0,10000,4,'',0,10000,4,'',0,10000,4,'',0,10000,4,'',0,10000,4,'',0,10000,4,'',0,9400,4,'',0
'1',1338801,62800,,'',0,3000,,'',0,7000,,'',0,3000,,'',0,7000,,'',0,3000,,'',0,7000,,'',0,10000,,'',0,10000,,'',0,10000,,'',0,10000,,'',0,10000,,'',0,10000,,'',0,10000,,'',0,10000,,'',0,10000,,'',0,10000,,'',0,10000,,'',0,10000,,'',0,10000,,'',0,10000,,'',0
'2',1338800,62700,4,'',0,10000,4,'',0,10000,4,'',0,10000,4,'',0,10000,4,'',0,10000,4,'',0,10000,4,'',0,10000,4,'',0,10000,4,'',0,10000,4,'',0,10000,4,'',0,10000,4,'',0,10000,4,'',0,10000,4,'',0,10000,4,'',0,10000,4,'',0,10000,4,'',0,10000,4,'',0,9400,4,'',0
'2',1338801,62800,,'',0,10000,,'',0,10000,,'',0,10000,,'',0,10000,,'',0,10000,,'',0,10000,,'',0,10000,,'',0,10000,,'',0,10000,,'',0,10000,,'',0,10000,,'',0,10000,,'',0,10000,,'',0,10000,,'',0,10000,,'',0,10000,,'',0,10000,,'',0
'3',1338800,92700,4,'',0,10000,4,'',0,10000,4,'',0,10000,4,'',0,10000,4,'',0,10000,4,'',0,10000,4,'',0,10000,4,'',0,10000,4,'',0,10000,4,'',0,10000,4,'',0,10000,4,'',0,9400,4,'',0
'3',1338801,92800,,'',0,10000,,'',0,10000,,'',0,10000,,'',0,10000,,'',0,10000,,'',0,10000,,'',0,10000,,'',0,10000,,'',0,10000,,'',0,10000,,'',0,10000,,'',0
'8001',1338800,155700,4,'',0,5500,4,'',0,3000,4,'',0,1500,4,'',0,5500,4,'',0,4500,4,'',0
'8001',1338801,155800,,'',0,5500,,'',0,3000,,'',0,1500,,'',0,5500,,'',0,4500,,'',0
'1',1341600,64740,,'',0
