'1',1403200,60100,4,'',0,3800,4,'',0,8000,4,'',0,4000,4,'',0,8000,4,'',0,8000,4,'',0,4000,4,'',0,8000,4,'',0,8000,4,'',0,4000,4,'',0,8000,4,'',0,8000,4,'',0,4000,4,'',0,8000,4,'',0,8000,4,'',0,4000,4,'',0,8000,4,'',0,8000,4,'',0,4000,4,'',0,8000,4,'',0,8000,4,'',0,11300,4,'',0,10000,4,'',0,10000,4,'',0,10000,4,'',0,10000,4,'',0
'1',1403201,60100,,'',0,4000,,'',0,8000,,'',0,8000,,'',0,4000,,'',0,8000,,'',0,8000,,'',0,4000,,'',0,8000,,'',0,8000,,'',0,4000,,'',0,8000,,'',0,8000,,'',0,4000,,'',0,8000,,'',0,8000,,'',0,4000,,'',0,8000,,'',0,8000,,'',0,3800,,'',0,9600,,'',0,10000,,'',0,10000,,'',0,10000,,'',0,10000,,'',0
'2',1403200,63500,4,'',0,9700,4,'',0,10000,4,'',0,10000,4,'',0,10000,4,'',0,9700,4,'',0,3000,4,'',0,8000,4,'',0,8000,4,'',0,4000,4,'',0,8000,4,'',0,8000,4,'',0,4000,4,'',0,8000,4,'',0,8000,4,'',0,4000,4,'',0,8000,4,'',0,8000,4,'',0,11300,4,'',0,10000,4,'',0,10000,4,'',0,10000,4,'',0,10000,4,'',0
'2',1403201,63500,,'',0,10000,,'',0,10000,,'',0,10000,,'',0,10000,,'',0,9400,,'',0,7200,,'',0,4000,,'',0,8000,,'',0,8000,,'',0,4000,,'',0,8000,,'',0,8000,,'',0,4000,,'',0,8000,,'',0,8000,,'',0,3800,,'',0,9600,,'',0,10000,,'',0,10000,,'',0,10000,,'',0,10000,,'',0
'3001',1403200,135700,4,'',0,27400,4,'',0
'3',1403200,93200,4,'',0,10000,4,'',0,10000,4,'',0,10000,4,'',0,10000,4,'',0,10000,4,'',0,10000,4,'',0,10000,4,'',0,10000,4,'',0,10000,4,'',0,10000,4,'',0,10000,4,'',0,9700,4,'',0
'3',1403201,93500,,'',0,10000,,'',0,10000,,'',0,10000,,'',0,10000,,'',0,10000,,'',0,10000,,'',0,10000,,'',0,10000,,'',0,10000,,'',0,10000,,'',0,10000,,'',0
'10801',1404300,154610,,'',0
'1201',1404300,154610,,'',0
'1',1404300,151610,,'',0,10000,,'',0,3000,,'',0,7000,,'',0,3000,,'',0,6630,,'',0,3000,,'',0
