'10801',1400100,65850,0,'University',0,7000,0,'University',0,2800,0,'University',0,200,0,'University',0,6800,0,'University',0,200,0,'University',0,2800,0,'University',0,200,0,'University',0,6800,0,'University',0,200,0,'University',0,3000,0,'University',0,7000,0,'University',0,3000,0,'University',0,7000,0,'University',0,3000,0,'University',0,7000,0,'University',0,3000,0,'University',0,7000,0,'University',0,8000,0,'University',0,3000,0,'University',0,7000,0,'University',0,3000,0,'University',0,7000,0,'University',0,3000,0,'University',0,7000,0,'University',0,3000,0,'University',0,7000,0,'University',0,2890,0,'University',0
'2201',1400100,92650,0,'University',0
'2901',1400100,65850,0,'University',0,7000,0,'University',0,3000,0,'University',0,7000,0,'University',0,78000,0,'University',0,3000,0,'University',0,7000,0,'University',0
'3001',1400100,65850,0,'University',0,7000,0,'University',0,2800,0,'University',0,200,0,'University',0,6800,0,'University',0,200,0,'University',0,2800,0,'University',0,200,0,'University',0,7000,0,'University',0,3000,0,'University',0,7000,0,'University',0,3000,0,'University',0,7000,0,'University',0,3000,0,'University',0,7000,0,'University',0,3000,0,'University',0,7000,0,'University',0,8000,0,'University',0,3000,0,'University',0,7000,0,'University',0,3000,0,'University',0,7000,0,'University',0,3000,0,'University',0,7000,0,'University',0,3000,0,'University',0,7000,0,'University',0,2890,0,'University',0
'10801',1400501,74250,,'',0,7000,,'',0,3000,,'',0,7000,,'',0,3000,,'',0
'1',1400501,61500,,'',0,3000,,'',0,7000,,'',0,3000,,'',0,7000,,'',0,3000,,'',0,7000,,'',0,3000,,'',0,7000,,'',0,3000,,'',0,7000,,'',0,3000,,'',0,7000,,'',0,3000,,'',0,7000,,'',0,3000,,'',0,7000,,'',0,3000,,'',0,7000,,'',0,3000,,'',0,7000,,'',0,3000,,'',0,7000,,'',0,3000,,'',0,7000,,'',0,10000,,'',0,10000,,'',0,10000,,'',0,10000,,'',0,10000,,'',0,10000,,'',0
'2201',1400501,91250,,'',0,3000,,'',0
'2',1400501,61500,,'',0,10000,,'',0,10000,,'',0,10000,,'',0,10000,,'',0,10000,,'',0,3000,,'',0,7000,,'',0,3000,,'',0,7000,,'',0,3000,,'',0,7000,,'',0,3000,,'',0,7000,,'',0,3000,,'',0,7000,,'',0,3000,,'',0,7000,,'',0,3000,,'',0,7000,,'',0,10000,,'',0,10000,,'',0,10000,,'',0,10000,,'',0,10000,,'',0,10000,,'',0
'3001',1400501,74250,,'',0,7000,,'',0,3000,,'',0
'3',1400501,91500,,'',0,10000,,'',0,10000,,'',0,10000,,'',0,10000,,'',0,10000,,'',0,10000,,'',0,10000,,'',0,10000,,'',0,10000,,'',0,10000,,'',0,10000,,'',0,10000,,'',0
