'10801',1389100,140400,4,'',0,100,,'',0,2900,4,'',0,100,,'',0,9900,4,'',0,100,,'',0,6900,4,'',0,100,,'',0,9900,4,'',0,100,,'',0,2900,4,'',0,100,,'',0,9900,,'',0,2400,4,'',0
'1201',1389100,140400,4,'',0,100,,'',0,2900,4,'',0,100,,'',0,9900,4,'',0,100,,'',0,6900,4,'',0,100,,'',0,9900,4,'',0,100,,'',0,2900,4,'',0,100,,'',0,9900,,'',0,2400,4,'',0
'1',1389100,65900,,'',0,6500,4,'',0,100,,'',0,2900,4,'',0,100,,'',0,6900,4,'',0,100,,'',0,2900,4,'',0,100,,'',0,6900,4,'',0,100,,'',0,2900,4,'',0,100,,'',0,6900,4,'',0,100,,'',0,2900,4,'',0,100,,'',0,6900,4,'',0,100,,'',0,2900,4,'',0,100,,'',0,6900,4,'',0,100,,'',0,2900,4,'',0,100,,'',0,6900,4,'',0,100,,'',0,17900,4,'',0,100,,'',0,12900,4,'',0,100,,'',0,16900,,'',0
'10801',1390200,111000,4,'',0
'11903',1390200,81000,,'',0,9500,4,'',0,10000,4,'',0,10000,4,'',0,10000,4,'',0,10000,4,'',0,10000,4,'',0,10000,4,'',0,10000,4,'',0,10000,4,'',0,10000,4,'',0,10000,4,'',0,10000,4,'',0,10000,4,'',0
'1201',1390200,111000,4,'',0
'1',1390200,55000,,'',0,8000,4,'',0,8000,4,'',0,4000,4,'',0,8000,4,'',0,8000,4,'',0,4000,4,'',0,8000,4,'',0,12000,4,'',0,8000,4,'',0,8000,4,'',0,4000,4,'',0,8000,4,'',0,8000,4,'',0,4000,4,'',0,8000,4,'',0,8000,4,'',0,4000,4,'',0,8000,4,'',0,7500,4,'',0,200,,'',0,9800,4,'',0,200,,'',0,9800,4,'',0,200,,'',0,9800,4,'',0,200,,'',0,9800,4,'',0,200,,'',0,9800,4,'',0
'2',1390200,62000,,'',0,8500,4,'',0,200,,'',0,9800,4,'',0,200,,'',0,9800,4,'',0,200,,'',0,9800,4,'',0,200,,'',0,10300,4,'',0,4000,4,'',0,8000,4,'',0,8000,4,'',0,4000,4,'',0,8000,4,'',0,8000,4,'',0,4000,4,'',0,8000,4,'',0,8000,4,'',0,4000,4,'',0,8000,4,'',0,7500,4,'',0,200,,'',0,9800,4,'',0,200,,'',0,9800,4,'',0,200,,'',0,9800,4,'',0,200,,'',0,9800,4,'',0,200,,'',0,9800,4,'',0
'8003',1390200,81000,,'',0,9500,4,'',0,10000,4,'',0,10000,4,'',0,10000,4,'',0,10000,4,'',0,10000,4,'',0,10000,4,'',0,10000,4,'',0,10000,4,'',0,10000,4,'',0,10000,4,'',0,10000,4,'',0,10000,4,'',0,10000,4,'',0,10000,4,'',0,10000,4,'',0,10000,4,'',0,10000,4,'',0,10000,4,'',0
'11903',1391200,83500,,'',0,10000,4,'',0,10000,4,'',0,10000,4,'',0,10000,4,'',0,10000,4,'',0,10000,4,'',0,10000,4,'',0,10000,4,'',0,10000,4,'',0,10000,4,'',0,10000,4,'',0,10000,4,'',0,9500,4,'',0
'1',1391200,53000,,'',0,8000,,'',0,4000,4,'',0,8000,4,'',0,8000,4,'',0,4000,4,'',0,8000,4,'',0,8000,4,'',0,4000,4,'',0,8000,4,'',0,8000,4,'',0,4000,4,'',0,8000,4,'',0,8000,4,'',0,4000,4,'',0,8000,4,'',0,8000,4,'',0,4000,4,'',0,8000,4,'',0,8000,4,'',0,12500,4,'',0,10000,4,'',0,10000,4,'',0,10000,4,'',0,10000,4,'',0,9500,4,'',0
'2',1391200,63500,,'',0,10000,4,'',0,10000,4,'',0,10000,4,'',0,10000,4,'',0,9500,4,'',0,8000,4,'',0,4000,4,'',0,8000,4,'',0,8000,4,'',0,4000,4,'',0,8000,4,'',0,8000,4,'',0,4000,4,'',0,8000,4,'',0,8000,4,'',0,12500,4,'',0,10000,4,'',0,10000,4,'',0,10000,4,'',0,10000,4,'',0,9500,4,'',0
'8003',1391200,83500,,'',0,10000,4,'',0,10000,4,'',0,10000,4,'',0,10000,4,'',0,10000,4,'',0,10000,4,'',0,10000,4,'',0,10000,4,'',0,10000,4,'',0,10000,4,'',0,10000,4,'',0,10000,4,'',0,10000,4,'',0,10000,4,'',0,10000,4,'',0,10000,4,'',0,10000,4,'',0,10000,4,'',0,9500,4,'',0
'1',1392101,64000,,'',0
'1202',1393401,111400,0,'JBE- Ctr Mall',0,10000,0,'JBE- Ctr Mall',0,10000,0,'JBE- Ctr Mall',0,10000,0,'JBE- Ctr Mall',0,10000,0,'JBE- Ctr Mall',0,10000,0,'JBE- Ctr Mall',0,10000,0,'JBE- Ctr Mall',0
'1203',1393401,111400,0,'JBE- Ctr Mall',0,10000,0,'JBE- Ctr Mall',0,10000,0,'JBE- Ctr Mall',0,10000,0,'JBE- Ctr Mall',0,10000,0,'JBE- Ctr Mall',0,10000,0,'JBE- Ctr Mall',0,10000,0,'JBE- Ctr Mall',0
