'10801',1400100,70140,0,'University',0,3000,0,'University',0,2800,0,'University',0,4200,0,'University',0,2800,0,'University',0,200,0,'University',0,2800,0,'University',0,4200,0,'University',0,2800,0,'University',0,200,0,'University',0,7000,0,'University',0,3000,0,'University',0,7000,0,'University',0,3000,0,'University',0,7000,0,'University',0,3000,0,'University',0,7000,0,'University',0,3000,0,'University',0,8000,0,'University',0,3000,0,'University',0,7000,0,'University',0,3000,0,'University',0,7000,0,'University',0,3000,0,'University',0,7000,0,'University',0,3000,0,'University',0,7000,0,'University',0,2810,0,'University',0
'2201',1400100,92940,0,'University',0
'2901',1400100,70140,0,'University',0,3000,0,'University',0,7000,0,'University',0,3000,0,'University',0,78000,0,'University',0,3000,0,'University',0,7000,0,'University',0
'3001',1400100,70140,0,'University',0,3000,0,'University',0,2800,0,'University',0,4200,0,'University',0,2800,0,'University',0,200,0,'University',0,2800,0,'University',0,4200,0,'University',0,3000,0,'University',0,7000,0,'University',0,3000,0,'University',0,7000,0,'University',0,3000,0,'University',0,7000,0,'University',0,3000,0,'University',0,7000,0,'University',0,3000,0,'University',0,8000,0,'University',0,3000,0,'University',0,7000,0,'University',0,3000,0,'University',0,7000,0,'University',0,3000,0,'University',0,7000,0,'University',0,3000,0,'University',0,7000,0,'University',0,2810,0,'University',0
'10801',1400501,74540,,'',0,7000,,'',0,3000,,'',0,7000,,'',0,3000,,'',0
'1',1400501,61830,,'',0,3000,,'',0,7000,,'',0,3000,,'',0,7000,,'',0,3000,,'',0,7000,,'',0,3000,,'',0,7000,,'',0,3000,,'',0,7000,,'',0,3000,,'',0,7000,,'',0,3000,,'',0,7000,,'',0,3000,,'',0,7000,,'',0,3000,,'',0,7000,,'',0,3000,,'',0,7000,,'',0,3000,,'',0,7000,,'',0,3000,,'',0,7000,,'',0,10000,,'',0,10000,,'',0,10000,,'',0,10000,,'',0,10000,,'',0,9980,,'',0
'2201',1400501,91540,,'',0,3000,,'',0
'2',1400501,61830,,'',0,10000,,'',0,10000,,'',0,10000,,'',0,10000,,'',0,10000,,'',0,3000,,'',0,7000,,'',0,3000,,'',0,7000,,'',0,3000,,'',0,7000,,'',0,3000,,'',0,7000,,'',0,3000,,'',0,7000,,'',0,3000,,'',0,7000,,'',0,3000,,'',0,7000,,'',0,10000,,'',0,10000,,'',0,10000,,'',0,10000,,'',0,10000,,'',0,9970,,'',0
'3001',1400501,74540,,'',0,7000,,'',0,3000,,'',0
'3',1400501,91830,,'',0,10000,,'',0,10000,,'',0,10000,,'',0,10000,,'',0,10000,,'',0,10000,,'',0,10000,,'',0,10000,,'',0,10000,,'',0,10000,,'',0,10000,,'',0,9980,,'',0
