1286600,4303,1,0
1286600,3621,2,0
1286600,3630,3,0
1286600,3627,4,0
1286600,3029,5,0
1286600,4484,6,0
1286600,4485,7,0
1286600,4486,8,0
1286600,3984,9,0
1286600,5956,10,0
1286600,5524,11,0
1286600,5490,12,0
1286600,3885,13,0
1286600,3889,14,0
1286600,3888,15,0
1286600,3886,16,0
1286600,3983,17,0
1286600,5896,18,0
1286600,4066,19,0
1286600,4047,20,0
1286600,4051,21,0
1286600,3324,22,0
1286600,3332,23,0
1286600,3358,24,0
1286600,3344,25,0
1286600,4287,26,0
1286600,3276,27,0
1286600,3279,28,0
1286600,3281,29,0
1286600,5899,30,1
1286601,5412,1,0
1286601,3280,2,0
1286601,3278,3,0
1286601,3275,4,0
1286601,4000,5,0
1286601,3345,6,0
1286601,3357,7,0
1286601,3333,8,0
1286601,4053,9,0
1286601,4050,10,0
1286601,4046,11,0
1286601,5824,12,0
1286601,5339,13,0
1286601,3179,14,0
1286601,3182,15,0
1286601,4302,16,0
1286601,3356,17,0
1286601,4301,18,0
1286601,4303,19,1
1286700,5413,1,0
1286700,3078,2,0
1286700,3077,3,0
1286700,3123,4,0
1286700,3083,5,0
1286700,3087,6,0
1286700,3091,7,0
1286700,3096,8,0
1286700,3101,9,0
1286700,3104,10,0
1286700,3106,11,0
1286700,3108,12,0
1286700,3112,13,0
1286700,4014,14,0
1286700,4004,15,0
1286700,4003,16,0
1286700,3413,17,0
1286700,3973,18,0
1286700,3415,19,0
1286700,3533,20,0
1286700,3071,21,0
1286700,3501,22,0
1286700,3118,23,0
1286700,3116,24,0
1286700,4169,25,0
1286700,3907,26,0
1286700,5912,27,1
1286701,5912,1,0
1286701,4174,2,0
1286701,3652,3,0
1286701,5731,4,0
1286701,5732,5,0
1286701,5733,6,0
1286701,5734,7,0
1286701,5730,8,0
1286701,5729,9,0
1286701,5735,10,0
1286701,5368,11,0
1286701,5736,12,0
1286701,3115,13,0
1286701,3113,14,0
1286701,3109,15,0
1286701,3107,16,0
1286701,3105,17,0
1286701,3102,18,0
1286701,3098,19,0
1286701,3095,20,0
1286701,3092,21,0
1286701,3088,22,0
1286701,3084,23,0
1286701,4287,24,0
1286701,3276,25,0
1286701,3279,26,0
1286701,3281,27,0
1286701,5413,28,1
1286800,5415,1,0
1286800,3138,2,0
1286800,3139,3,0
1286800,5830,4,0
1286800,5831,5,0
1286800,5832,6,0
1286800,5833,7,0
1286800,5792,8,0
1286800,3189,9,0
1286800,4431,10,0
1286800,3190,11,0
1286800,4437,12,0
1286800,4438,13,0
1286800,3957,14,0
1286800,3935,15,0
1286800,4436,16,0
1286800,5714,17,0
1286800,5374,18,1
1286801,5374,1,0
1286801,3497,2,0
1286801,3495,3,0
1286801,5364,4,0
1286801,3494,5,0
1286801,5715,6,0
1286801,4116,7,0
1286801,4158,8,0
1286801,5843,9,0
1286801,5800,10,0
1286801,5834,11,0
1286801,5835,12,0
1286801,5836,13,0
1286801,5837,14,0
1286801,3140,15,0
1286801,3076,16,0
1286801,3159,17,0
1286801,5414,18,1
1286901,5868,1,0
1286901,5869,2,0
1286901,5873,3,0
1286901,5599,4,0
1286901,3993,5,0
1286901,5597,6,0
1286901,3739,7,0
1286901,4166,8,0
1286901,5935,9,0
1286901,4163,10,0
1286901,3187,11,0
1286901,3176,12,0
1286901,3294,13,0
1286901,3292,14,0
1286901,3586,15,0
1286901,5899,16,0
1286901,5415,17,1
1287000,3168,1,0
1287000,3169,2,0
1287000,3586,3,0
1287000,5413,4,0
1287000,3164,5,0
1287000,3143,6,0
1287000,3160,7,0
1287000,3162,8,0
1287000,4333,9,0
1287000,3158,10,0
1287000,3146,11,0
1287000,3150,12,0
1287000,5833,13,0
1287000,5792,14,0
1287000,5793,15,0
1287000,3133,16,0
1287000,3666,17,0
1287000,3664,18,0
1287000,3661,19,0
1287000,3660,20,0
1287000,3658,21,0
1287000,5551,22,0
1287000,3193,23,0
1287000,3500,24,0
1287000,3620,25,0
1287000,3650,26,0
1287000,3141,27,0
1287000,4169,28,0
1287000,3907,29,0
1287000,5912,30,0
1287000,5911,31,0
1287000,5415,32,0
1287000,5897,33,1
1287001,5912,1,0
1287001,4174,2,0
1287001,5794,3,0
1287001,5795,4,0
1287001,5788,5,0
1287001,5796,6,0
1287001,5797,7,0
1287001,5799,8,0
1287001,3657,9,0
1287001,3659,10,0
1287001,3662,11,0
1287001,3663,12,0
1287001,3653,13,0
1287001,3665,14,0
1287001,3669,15,0
1287001,5800,16,0
1287001,5804,17,0
1287001,5957,18,0
1287001,3145,19,0
1287001,4332,20,0
1287001,3163,21,0
1287001,3161,22,0
1287001,3159,23,0
1287001,5413,24,0
1287001,5414,25,0
1287001,3293,26,0
1287001,3168,27,0
1287001,5900,28,1
1287100,5900,1,0
1287100,3280,2,0
1287100,3278,3,0
1287100,3275,4,0
1287100,4000,5,0
1287100,3345,6,0
1287100,3357,7,0
1287100,3333,8,0
1287100,4053,9,0
1287100,4050,10,0
1287100,4046,11,0
1287100,5824,12,0
1287100,4065,13,0
1287100,4059,14,0
1287100,4057,15,0
1287100,4055,16,0
1287100,4063,17,0
1287100,3198,18,0
1287100,3513,19,0
1287100,3508,20,0
1287100,3511,21,0
1287100,3514,22,0
1287100,5809,23,0
1287100,5810,24,0
1287100,5811,25,0
1287100,3806,26,0
1287100,5812,27,0
1287100,5606,28,0
1287100,5813,29,0
1287100,5519,30,0
1287100,5473,31,0
1287100,5906,32,0
1287100,3873,33,0
1287100,3875,34,0
1287100,3426,35,0
1287100,3419,36,0
1287100,3588,37,0
1287100,3167,38,0
1287100,3165,39,0
1287100,3166,40,0
1287100,3188,41,0
1287100,3420,42,0
1287100,3428,43,0
1287100,5822,44,0
1287100,5607,45,0
1287100,5823,46,0
1287100,3510,47,0
1287100,3506,48,0
1287100,3507,49,0
1287100,3883,50,0
1287100,3416,51,0
1287100,3560,52,0
1287100,4016,53,0
1287100,5453,54,0
1287100,4064,55,0
1287100,4056,56,0
1287100,4058,57,0
1287100,4060,58,0
1287100,4066,59,0
1287100,4047,60,0
1287100,4051,61,0
1287100,3324,62,0
1287100,3332,63,0
1287100,3358,64,0
1287100,3344,65,0
1287100,3074,66,0
1287100,3075,67,0
1287100,3076,68,0
1287100,3159,69,0
1287100,5902,70,1
1287101,5906,1,0
1287101,3873,2,0
1287101,3875,3,0
1287101,4217,4,0
1287101,5721,5,0
1287101,5722,6,0
1287101,5612,7,0
1287101,5805,8,0
1287101,5826,9,0
1287101,5806,10,0
1287101,5807,11,0
1287101,5808,12,0
1287101,3315,13,0
1287101,4215,14,0
1287101,3353,15,0
1287101,3746,16,0
1287101,4166,17,0
1287101,5935,18,0
1287101,4163,19,0
1287101,3187,20,0
1287101,3176,21,0
1287101,3174,22,0
1287101,3200,23,0
1287101,5902,24,0
1287101,3282,25,0
1287101,3170,26,0
1287101,3172,27,0
1287101,3173,28,0
1287101,3175,29,0
1287101,3186,30,0
1287101,4162,31,0
1287101,5904,32,0
1287101,5391,33,0
1287101,5392,34,0
1287101,4161,35,0
1287101,3747,36,0
1287101,4487,37,0
1287101,4218,38,0
1287101,4002,39,0
1287101,3314,40,0
1287101,4349,41,0
1287101,3313,42,0
1287101,3423,43,0
1287101,5728,44,0
1287101,3429,45,0
1287101,3427,46,0
1287101,3426,47,0
1287101,3419,48,0
1287101,3588,49,0
1287101,3167,50,0
1287101,3165,51,0
1287101,3166,52,0
1287101,3188,53,0
1287101,3420,54,0
1287101,3428,55,0
1287101,5473,56,0
1287101,5900,57,1
1287200,5899,1,0
1287200,3807,2,0
1287200,4324,3,0
1287200,4325,4,0
1287200,4326,5,0
1287200,3241,6,0
1287200,3222,7,0
1287200,3224,8,0
1287200,3225,9,0
1287200,3229,10,0
1287200,3232,11,0
1287200,3622,12,0
1287200,3233,13,0
1287200,3237,14,0
1287200,5764,15,0
1287200,5765,16,0
1287200,5766,17,0
1287200,5767,18,0
1287200,5710,19,0
1287200,3447,20,0
1287200,4383,21,0
1287200,4384,22,0
1287200,4385,23,0
1287200,4354,24,0
1287200,4316,25,0
1287200,4368,26,0
1287200,4320,27,0
1287200,4305,28,0
1287200,4307,29,0
1287200,4373,30,0
1287200,4321,31,0
1287200,5770,32,0
1287200,3526,33,0
1287200,3948,34,0
1287200,4176,35,0
1287200,4178,36,0
1287200,3907,37,0
1287200,5912,38,1
1287201,5912,1,0
1287201,4179,2,0
1287201,4177,3,0
1287201,4175,4,0
1287201,3527,5,0
1287201,3525,6,0
1287201,3524,7,0
1287201,3912,8,0
1287201,3913,9,0
1287201,3257,10,0
1287201,3255,11,0
1287201,3256,12,0
1287201,3258,13,0
1287201,4282,14,0
1287201,5768,15,0
1287201,5769,16,0
1287201,5785,17,0
1287201,5770,18,0
1287201,5771,19,0
1287201,5725,20,0
1287201,5772,21,0
1287201,3242,22,0
1287201,5782,23,0
1287201,3235,24,0
1287201,3238,25,0
1287201,3234,26,0
1287201,3239,27,0
1287201,3231,28,0
1287201,3230,29,0
1287201,3226,30,0
1287201,3223,31,0
1287201,3221,32,0
1287201,4315,33,0
1287201,4313,34,0
1287201,5608,35,0
1287201,4312,36,0
1287201,4311,37,0
1287201,4310,38,0
1287201,3163,39,0
1287201,3161,40,0
1287201,3159,41,0
1287201,5412,42,1
1287300,5901,1,0
1287300,3078,2,0
1287300,3077,3,0
1287300,5756,4,0
1287300,3072,5,0
1287300,4043,6,0
1287300,4041,7,0
1287300,4061,8,0
1287300,4371,9,0
1287300,3362,10,0
1287300,3330,11,0
1287300,3339,12,0
1287300,3321,13,0
1287300,3363,14,0
1287300,3349,15,0
1287300,3359,16,0
1287300,3328,17,0
1287300,3341,18,0
1287300,3354,19,0
1287300,5737,20,0
1287300,3351,21,0
1287300,3334,22,0
1287300,4448,23,0
1287300,3323,24,0
1287300,5557,25,0
1287300,5909,26,1
1287301,5910,1,0
1287301,5556,2,0
1287301,4172,3,0
1287301,3335,4,0
1287301,3352,5,0
1287301,3338,6,0
1287301,3355,7,0
1287301,3342,8,0
1287301,3329,9,0
1287301,3337,10,0
1287301,3360,11,0
1287301,3350,12,0
1287301,3327,13,0
1287301,5738,14,0
1287301,3340,15,0
1287301,3331,16,0
1287301,4052,17,0
1287301,4062,18,0
1287301,4042,19,0
1287301,3073,20,0
1287301,3276,21,0
1287301,3279,22,0
1287301,3281,23,0
1287301,5901,24,1
1287400,5414,1,0
1287400,3280,2,0
1287400,3278,3,0
1287400,3275,4,0
1287400,4000,5,0
1287400,5663,6,0
1287400,5758,7,0
1287400,5759,8,0
1287400,5760,9,0
1287400,3474,10,0
1287400,3472,11,0
1287400,3470,12,0
1287400,3063,13,0
1287400,3067,14,0
1287400,3489,15,0
1287400,3486,16,0
1287400,3491,17,0
1287400,3609,18,0
1287400,3608,19,0
1287400,5761,20,0
1287400,3606,21,0
1287400,3604,22,0
1287400,3499,23,0
1287400,3967,24,0
1287400,3219,25,0
1287400,4390,26,0
1287400,4391,27,0
1287400,4492,28,0
1287400,3085,29,0
1287400,5384,30,0
1287400,5525,31,0
1287400,5426,32,0
1287400,5864,33,0
1287400,3798,34,0
1287400,3800,35,0
1287400,3799,36,0
1287400,4212,37,0
1287400,3745,38,0
1287400,4243,39,0
1287400,4244,40,0
1287400,4242,41,0
1287400,3114,42,0
1287400,5571,43,0
1287400,5567,44,0
1287400,3762,45,0
1287400,3765,46,0
1287400,3758,47,0
1287400,3757,48,0
1287400,3759,49,0
1287400,4117,50,0
1287400,3994,51,0
1287400,4251,52,0
1287400,3069,53,0
1287400,4202,54,0
1287400,4422,55,0
1287400,3907,56,0
1287400,5912,57,0
1287400,5911,58,1
1287401,5912,1,0
1287401,4174,2,0
1287401,4074,3,0
1287401,4054,4,0
1287401,3053,5,0
1287401,3707,6,0
1287401,4365,7,0
1287401,3756,8,0
1287401,5370,9,0
1287401,5449,10,0
1287401,4069,11,0
1287401,3197,12,0
1287401,5570,13,0
1287401,3213,14,0
1287401,5388,15,0
1287401,5389,16,0
1287401,5546,17,0
1287401,5383,18,0
1287401,3119,19,0
1287401,4072,20,0
1287401,5561,21,0
1287401,5562,22,0
1287401,5563,23,0
1287401,5564,24,0
1287401,5565,25,0
1287401,3038,26,0
1287401,3034,27,0
1287401,3031,28,0
1287401,4001,29,0
1287401,3603,30,0
1287401,5762,31,0
1287401,3607,32,0
1287401,3492,33,0
1287401,5753,34,0
1287401,3488,35,0
1287401,3068,36,0
1287401,3467,37,0
1287401,4344,38,0
1287401,3473,39,0
1287401,5752,40,0
1287401,5743,41,0
1287401,5755,42,0
1287401,5756,43,0
1287401,3276,44,0
1287401,3279,45,0
1287401,3281,46,0
1287401,5899,47,0
1287401,5415,48,1
1287600,5415,1,0
1287600,3199,2,0
1287600,3201,3,0
1287600,5558,4,0
1287600,3725,5,0
1287600,3723,6,0
1287600,3721,7,0
1287600,3309,8,0
1287600,3311,9,0
1287600,3305,10,0
1287600,3303,11,0
1287600,4419,12,0
1287600,3273,13,0
1287600,5372,14,0
1287600,4425,15,0
1287600,5656,16,0
1287600,3134,17,0
1287600,3254,18,0
1287600,3252,19,0
1287600,3253,20,0
1287600,3248,21,0
1287600,3480,22,0
1287600,4398,23,0
1287600,4399,24,0
1287600,4396,25,0
1287600,4386,26,0
1287600,5560,27,0
1287600,5828,28,0
1287600,5829,29,0
1287600,5404,30,0
1287600,5914,31,0
1287600,5916,32,0
1287600,5653,33,0
1287600,5844,34,1
1287601,5844,1,0
1287601,5401,2,0
1287601,5840,3,0
1287601,5642,4,0
1287601,5643,5,0
1287601,5644,6,0
1287601,5645,7,0
1287601,3288,8,0
1287601,5627,9,0
1287601,3443,10,0
1287601,3446,11,0
1287601,3445,12,0
1287601,3444,13,0
1287601,3442,14,0
1287601,4394,15,0
1287601,4395,16,0
1287601,3268,17,0
1287601,3483,18,0
1287601,3250,19,0
1287601,3249,20,0
1287601,3247,21,0
1287601,5750,22,0
1287601,5700,23,0
1287601,5657,24,0
1287601,5655,25,0
1287601,5373,26,0
1287601,4433,27,0
1287601,3304,28,0
1287601,3306,29,0
1287601,3312,30,0
1287601,3310,31,0
1287601,3722,32,0
1287601,4366,33,0
1287601,3437,34,0
1287601,3978,35,0
1287601,3285,36,0
1287601,3283,37,0
1287601,5897,38,0
1287601,5414,39,0
1287601,5415,40,1
1287700,5412,1,0
1287700,3282,2,0
1287700,3171,3,0
1287700,4370,4,0
1287700,3727,5,0
1287700,3723,6,0
1287700,3721,7,0
1287700,3309,8,0
1287700,3311,9,0
1287700,3305,10,0
1287700,3303,11,0
1287700,3301,12,0
1287700,3775,13,0
1287700,3774,14,0
1287700,3777,15,0
1287700,3771,16,0
1287700,3399,17,0
1287700,4480,18,0
1287700,3409,19,0
1287700,3405,20,0
1287700,3403,21,0
1287700,3401,22,0
1287700,4447,23,0
1287700,4446,24,0
1287700,4292,25,0
1287700,3441,26,0
1287700,3440,27,0
1287700,3985,28,0
1287700,3717,29,0
1287700,4108,30,0
1287700,4107,31,0
1287700,3998,32,0
1287700,3433,33,0
1287700,3435,34,0
1287700,3616,35,0
1287700,5846,36,0
1287700,3926,37,0
1287700,3928,38,0
1287700,3755,39,0
1287700,5847,40,0
1287700,3730,41,0
1287700,3732,42,0
1287700,3736,43,0
1287700,5908,44,1
1287701,5908,1,0
1287701,3733,2,0
1287701,3754,3,0
1287701,3925,4,0
1287701,3927,5,0
1287701,5848,6,0
1287701,3619,7,0
1287701,3438,8,0
1287701,3431,9,0
1287701,3996,10,0
1287701,3997,11,0
1287701,3430,12,0
1287701,3436,13,0
1287701,3432,14,0
1287701,3439,15,0
1287701,4293,16,0
1287701,4445,17,0
1287701,3407,18,0
1287701,3400,19,0
1287701,3402,20,0
1287701,3406,21,0
1287701,3410,22,0
1287701,4227,23,0
1287701,3772,24,0
1287701,3778,25,0
1287701,3773,26,0
1287701,3776,27,0
1287701,3302,28,0
1287701,3304,29,0
1287701,3306,30,0
1287701,3312,31,0
1287701,3310,32,0
1287701,3722,33,0
1287701,4366,34,0
1287701,3437,35,0
1287701,3978,36,0
1287701,3285,37,0
1287701,3283,38,0
1287701,5897,39,1
1287800,5453,1,0
1287800,4064,2,0
1287800,4056,3,0
1287800,4058,4,0
1287800,4060,5,0
1287800,4066,6,0
1287800,4047,7,0
1287800,4051,8,0
1287800,3362,9,0
1287800,3330,10,0
1287800,3339,11,0
1287800,4135,12,0
1287800,4148,13,0
1287800,4121,14,0
1287800,4124,15,0
1287800,4141,16,0
1287800,4149,17,0
1287800,4162,18,0
1287800,5903,19,0
1287800,4076,20,0
1287800,3787,21,0
1287800,3991,22,0
1287800,4328,23,0
1287800,4379,24,0
1287800,4378,25,0
1287800,3992,26,0
1287800,3532,27,0
1287800,3737,28,0
1287800,5907,29,0
1287800,3733,30,0
1287800,3754,31,0
1287800,5852,32,0
1287800,3700,33,0
1287800,3709,34,0
1287800,3706,35,0
1287800,3708,36,0
1287800,3713,37,0
1287800,3904,38,0
1287800,3596,39,0
1287800,3602,40,0
1287800,3598,41,0
1287800,5853,42,0
1287800,5854,43,0
1287800,5428,44,0
1287800,3644,45,0
1287800,3641,46,0
1287800,3734,47,0
1287800,3730,48,0
1287800,3732,49,0
1287800,3736,50,0
1287800,5908,51,1
1287801,5908,1,0
1287801,3735,2,0
1287801,3531,3,0
1287801,3993,4,0
1287801,4374,5,0
1287801,4375,6,0
1287801,4329,7,0
1287801,3990,8,0
1287801,4343,9,0
1287801,4077,10,0
1287801,4078,11,0
1287801,5742,12,0
1287801,5741,13,0
1287801,5904,14,0
1287801,4163,15,0
1287801,4154,16,0
1287801,4142,17,0
1287801,4123,18,0
1287801,4120,19,0
1287801,4118,20,0
1287801,4136,21,0
1287801,3327,22,0
1287801,5738,23,0
1287801,3340,24,0
1287801,4053,25,0
1287801,4050,26,0
1287801,4046,27,0
1287801,5824,28,0
1287801,4065,29,0
1287801,4059,30,0
1287801,4057,31,0
1287801,4055,32,0
1287801,3688,33,0
1287801,3504,34,0
1287801,3505,35,0
1287801,3512,36,0
1287801,3509,37,0
1287801,5453,38,1
1287900,5415,1,0
1287900,3199,2,0
1287900,3201,3,0
1287900,3287,4,0
1287900,3523,5,0
1287900,3273,6,0
1287900,5380,7,0
1287900,5381,8,0
1287900,3479,9,0
1287900,3274,10,0
1287900,5379,11,0
1287900,4221,12,0
1287900,4220,13,0
1287900,3793,14,0
1287900,3538,15,0
1287900,4266,16,0
1287900,4006,17,0
1287900,4007,18,0
1287900,4008,19,0
1287900,4009,20,0
1287900,3812,21,0
1287900,3808,22,0
1287900,3811,23,0
1287900,3299,24,0
1287900,3459,25,0
1287900,4216,26,0
1287900,3460,27,0
1287900,5602,28,1
1287901,5602,1,0
1287901,3710,2,0
1287901,4372,3,0
1287901,3485,4,0
1287901,3809,5,0
1287901,3296,6,0
1287901,3999,7,0
1287901,3300,8,0
1287901,3801,9,0
1287901,3803,10,0
1287901,3805,11,0
1287901,4380,12,0
1287901,4382,13,0
1287901,4441,14,0
1287901,4381,15,0
1287901,3810,16,0
1287901,3522,17,0
1287901,3520,18,0
1287901,5416,19,0
1287901,4093,20,0
1287901,4263,21,0
1287901,4434,22,0
1287901,3728,23,0
1287901,3729,24,0
1287901,5382,25,0
1287901,3697,26,0
1287901,3477,27,0
1287901,3683,28,0
1287901,5373,29,0
1287901,3289,30,0
1287901,3290,31,0
1287901,3209,32,0
1287901,3202,33,0
1287901,3200,34,0
1287901,3283,35,0
1287901,5415,36,0
1287901,5902,37,1
1288000,5913,1,0
1288000,3279,2,0
1288000,5413,3,0
1288000,5415,4,0
1288000,3164,5,1
1288001,3164,1,0
1288001,5913,2,1
1288100,5935,1,0
1288100,4163,2,0
1288100,4154,3,0
1288100,4142,4,0
1288100,4123,5,0
1288100,4120,6,0
1288100,4118,7,0
1288100,4136,8,0
1288100,4134,9,0
1288100,4132,10,0
1288100,4127,11,0
1288100,4152,12,0
1288100,4143,13,0
1288100,3370,14,0
1288100,5678,15,0
1288100,5676,16,0
1288100,5680,17,0
1288100,5682,18,0
1288100,5485,19,0
1288100,5683,20,0
1288100,3466,21,0
1288100,5626,22,0
1288100,5483,23,0
1288100,5532,24,0
1288100,5531,25,0
1288100,5675,26,0
1288100,5674,27,0
1288100,5520,28,0
1288100,5554,29,0
1288100,4345,30,0
1288100,5333,31,0
1288100,3714,32,1
1288101,3714,1,0
1288101,3715,2,0
1288101,3716,3,0
1288101,3719,4,0
1288101,5475,5,0
1288101,5476,6,0
1288101,5482,7,0
1288101,3465,8,0
1288101,5681,9,0
1288101,5679,10,0
1288101,4156,11,0
1288101,5677,12,0
1288101,4150,13,0
1288101,4144,14,0
1288101,4153,15,0
1288101,4128,16,0
1288101,4130,17,0
1288101,4133,18,0
1288101,4135,19,0
1288101,4148,20,0
1288101,4121,21,0
1288101,4124,22,0
1288101,4141,23,0
1288101,4149,24,0
1288101,4162,25,0
1288101,5931,26,0
1288101,4444,27,1
1288200,5909,1,0
1288200,5751,2,0
1288200,3372,3,0
1288200,3382,4,0
1288200,3378,5,0
1288200,3389,6,0
1288200,5429,7,0
1288200,3375,8,0
1288200,3374,9,0
1288200,3366,10,0
1288200,3386,11,0
1288200,5757,12,0
1288200,5744,13,0
1288200,5745,14,0
1288200,5746,15,0
1288200,4030,16,0
1288200,3911,17,0
1288200,4472,18,0
1288200,3910,19,0
1288200,3909,20,0
1288200,5747,21,0
1288200,5748,22,0
1288200,5749,23,0
1288200,4479,24,0
1288200,5919,25,0
1288200,4417,26,0
1288200,4416,27,0
1288200,4413,28,0
1288200,4414,29,0
1288200,3001,30,0
1288200,3003,31,0
1288200,4228,32,0
1288200,4229,33,0
1288200,4231,34,0
1288200,4232,35,0
1288200,3007,36,0
1288200,3006,37,0
1288200,3739,38,0
1288200,4166,39,0
1288200,5935,40,1
1288201,4444,1,0
1288201,4161,2,0
1288201,3008,3,0
1288201,3005,4,0
1288201,4234,5,0
1288201,4230,6,0
1288201,3002,7,0
1288201,3004,8,0
1288201,4410,9,0
1288201,4411,10,0
1288201,4412,11,0
1288201,4415,12,0
1288201,4418,13,0
1288201,5920,14,0
1288201,4033,15,0
1288201,4035,16,0
1288201,4031,17,0
1288201,5458,18,0
1288201,5459,19,0
1288201,5460,20,0
1288201,5461,21,0
1288201,4196,22,0
1288201,4199,23,0
1288201,4197,24,0
1288201,4198,25,0
1288201,3822,26,0
1288201,3387,27,0
1288201,3367,28,0
1288201,3379,29,0
1288201,3376,30,0
1288201,3365,31,0
1288201,3377,32,0
1288201,3381,33,0
1288201,3371,34,0
1288201,5909,35,1
1288300,5910,1,0
1288300,3380,2,0
1288300,3369,3,0
1288300,3579,4,0
1288300,3429,5,0
1288300,5432,6,0
1288300,5433,7,0
1288300,5434,8,0
1288300,5435,9,0
1288300,5821,10,0
1288300,3829,11,0
1288300,5906,12,0
1288300,5855,13,0
1288300,3844,14,0
1288300,5856,15,0
1288300,5857,16,0
1288300,3639,17,0
1288300,3631,18,0
1288300,4010,19,0
1288300,4011,20,0
1288300,4013,21,0
1288300,3688,22,0
1288300,4337,23,0
1288300,5859,24,0
1288300,3885,25,0
1288300,3889,26,0
1288300,3888,27,0
1288300,3886,28,0
1288300,3884,29,0
1288300,3898,30,0
1288300,3895,31,0
1288300,3891,32,0
1288300,3074,33,0
1288300,3075,34,0
1288300,3076,35,0
1288300,3159,36,0
1288300,5412,37,1
1288301,5897,1,0
1288301,3078,2,0
1288301,3077,3,0
1288301,3890,4,0
1288301,3893,5,0
1288301,3220,6,0
1288301,3896,7,0
1288301,3897,8,0
1288301,3024,9,0
1288301,3026,10,0
1288301,3027,11,0
1288301,3028,12,0
1288301,5456,13,0
1288301,3986,14,0
1288301,3157,15,0
1288301,4167,16,0
1288301,4081,17,0
1288301,4168,18,0
1288301,3638,19,0
1288301,3632,20,0
1288301,3626,21,0
1288301,3636,22,0
1288301,5858,23,0
1288301,3878,24,0
1288301,3970,25,0
1288301,3743,26,0
1288301,3392,27,0
1288301,3830,28,0
1288301,5906,29,0
1288301,5905,30,0
1288301,3873,31,0
1288301,3875,32,0
1288301,3874,33,0
1288301,3872,34,0
1288301,3871,35,0
1288301,3422,36,0
1288301,5721,37,0
1288301,3578,38,0
1288301,3390,39,0
1288301,3368,40,0
1288301,3383,41,0
1288301,3388,42,0
1288301,5910,43,1
1288600,3164,1,0
1288600,3143,2,0
1288600,3160,3,0
1288600,3162,4,0
1288600,4324,5,0
1288600,4325,6,0
1288600,4326,7,0
1288600,4314,8,0
1288600,3241,9,0
1288600,3222,10,0
1288600,3224,11,0
1288600,3225,12,0
1288600,3229,13,0
1288600,3232,14,0
1288600,3622,15,0
1288600,3233,16,0
1288600,3237,17,0
1288600,4005,18,0
1288600,3690,19,0
1288600,3691,20,0
1288600,3692,21,0
1288600,4129,22,0
1288600,3262,23,0
1288600,3261,24,0
1288600,3551,25,0
1288600,4071,26,0
1288600,3236,27,0
1288600,4354,28,0
1288600,4316,29,0
1288600,4368,30,0
1288600,4320,31,0
1288600,4305,32,0
1288600,4307,33,0
1288600,4373,34,0
1288600,4321,35,0
1288600,5770,36,0
1288600,3526,37,0
1288600,3948,38,0
1288600,4176,39,0
1288600,4178,40,0
1288600,3907,41,0
1288600,5911,42,1
1288601,5912,1,0
1288601,4179,2,0
1288601,4177,3,0
1288601,4175,4,0
1288601,3527,5,0
1288601,3525,6,0
1288601,3524,7,0
1288601,3912,8,0
1288601,3913,9,0
1288601,3257,10,0
1288601,3255,11,0
1288601,3256,12,0
1288601,3258,13,0
1288601,4282,14,0
1288601,3490,15,0
1288601,3503,16,0
1288601,3263,17,0
1288601,3260,18,0
1288601,3259,19,0
1288601,3689,20,0
1288601,3685,21,0
1288601,3264,22,0
1288601,4019,23,0
1288601,4018,24,0
1288601,3235,25,0
1288601,3238,26,0
1288601,3234,27,0
1288601,3239,28,0
1288601,3231,29,0
1288601,3230,30,0
1288601,3226,31,0
1288601,3223,32,0
1288601,3221,33,0
1288601,4315,34,0
1288601,4313,35,0
1288601,5608,36,0
1288601,4312,37,0
1288601,4311,38,0
1288601,4310,39,0
1288601,3163,40,0
1288601,3161,41,0
1288601,3159,42,0
1288601,5902,43,1
1288700,3459,1,0
1288700,3461,2,0
1288700,4164,3,0
1288700,4029,4,0
1288700,4028,5,0
1288700,5592,6,0
1288700,4089,7,0
1288700,3346,8,0
1288700,3347,9,0
1288700,4086,10,0
1288700,4087,11,0
1288700,5584,12,0
1288700,5590,13,0
1288700,5589,14,0
1288700,5588,15,1
1288701,5588,1,0
1288701,5587,2,0
1288701,5585,3,0
1288701,4213,4,0
1288701,5581,5,0
1288701,5579,6,0
1288701,5577,7,0
1288701,5575,8,0
1288701,5573,9,0
1288701,4381,10,0
1288701,3804,11,0
1288701,5866,12,0
1288701,3802,13,0
1288701,3812,14,0
1288701,3808,15,0
1288701,3811,16,0
1288701,3299,17,0
1288701,3459,18,1
1288800,5904,1,0
1288800,4076,2,0
1288800,4077,3,0
1288800,3008,4,0
1288800,3005,5,0
1288800,4233,6,0
1288800,4236,7,0
1288800,4239,8,0
1288800,3013,9,0
1288800,3019,10,0
1288800,3011,11,0
1288800,4352,12,0
1288800,4407,13,0
1288800,4408,14,0
1288800,4409,15,0
1288800,4404,16,0
1288800,5773,17,0
1288800,4309,18,0
1288800,5888,19,1
1288801,5888,1,0
1288801,5889,2,0
1288801,5872,3,0
1288801,5605,4,0
1288801,3023,5,0
1288801,3015,6,0
1288801,3020,7,0
1288801,3022,8,0
1288801,3010,9,0
1288801,4241,10,0
1288801,4240,11,0
1288801,4237,12,0
1288801,3007,13,0
1288801,3006,14,0
1288801,5427,15,0
1288801,4078,16,0
1288801,5742,17,0
1288801,5741,18,0
1288801,5904,19,1
1288900,5904,1,0
1288900,5391,2,0
1288900,5392,3,0
1288900,4161,4,0
1288900,4106,5,0
1288900,4096,6,0
1288900,4100,7,0
1288900,4104,8,0
1288900,3623,9,0
1288900,4358,10,0
1288900,4432,11,0
1288900,5595,12,0
1288900,3696,13,0
1288900,3929,14,0
1288900,3813,15,0
1288900,4281,16,0
1288900,3152,17,0
1288900,3153,18,0
1288900,3149,19,0
1288900,4160,20,0
1288900,4194,21,0
1288900,3155,22,0
1288900,3156,23,0
1288900,3617,24,0
1288900,3900,25,0
1288900,3901,26,0
1288900,3902,27,0
1288900,5491,28,0
1288900,5493,29,0
1288900,5497,30,0
1288900,5705,31,0
1288900,4195,32,1
1288901,5705,1,0
1288901,5707,2,0
1288901,5709,3,0
1288901,3482,4,0
1288901,3481,5,0
1288901,3921,6,0
1288901,3137,7,0
1288901,4195,8,0
1288901,4254,9,0
1288901,4327,10,0
1288901,3148,11,0
1288901,3286,12,0
1288901,3307,13,0
1288901,3694,14,0
1288901,3695,15,0
1288901,5599,16,0
1288901,5763,17,0
1288901,4304,18,0
1288901,4095,19,0
1288901,4105,20,0
1288901,4101,21,0
1288901,4097,22,0
1288901,4410,23,0
1288901,5742,24,0
1288901,5741,25,0
1288901,5904,26,1
1289000,5897,1,0
1289000,3143,2,0
1289000,3160,3,0
1289000,3162,4,0
1289000,4325,5,0
1289000,4314,6,0
1289000,5373,7,0
1289000,3532,8,0
1289000,3737,9,0
1289000,5907,10,0
1289000,3733,11,0
1289000,3754,12,0
1289000,3925,13,0
1289000,3927,14,0
1289000,5848,15,0
1289000,3618,16,0
1289000,3752,17,0
1289000,3700,18,0
1289000,3709,19,0
1289000,3706,20,0
1289000,3708,21,0
1289000,3713,22,0
1289000,3904,23,0
1289000,3596,24,0
1289000,3602,25,0
1289000,3598,26,0
1289000,5853,27,0
1289000,5854,28,0
1289000,5428,29,0
1289000,3644,30,0
1289000,3641,31,0
1289000,3734,32,0
1289000,3730,33,0
1289000,3732,34,0
1289000,3736,35,0
1289000,5908,36,1
1289001,5908,1,0
1289001,3735,2,0
1289001,3531,3,0
1289001,3273,4,0
1289001,5372,5,0
1289001,4315,6,0
1289001,4312,7,0
1289001,4318,8,0
1289001,4098,9,0
1289001,3283,10,0
1289001,5897,11,0
1289001,5415,12,1
1289400,3890,1,0
1289400,3893,2,0
1289400,3896,3,0
1289400,3897,4,0
1289400,3179,5,0
1289400,3182,6,0
1289400,4302,7,0
1289400,3356,8,0
1289400,4301,9,0
1289400,4303,10,0
1289400,3621,11,0
1289400,3630,12,0
1289400,3627,13,0
1289400,3885,14,0
1289400,3889,15,0
1289400,3888,16,0
1289400,3886,17,0
1289400,3983,18,0
1289400,5896,19,0
1289400,3577,20,0
1289400,3574,21,0
1289400,3567,22,0
1289400,3976,23,0
1289400,3563,24,0
1289400,3553,25,0
1289400,3558,26,0
1289400,3569,27,0
1289400,4032,28,0
1289400,3561,29,0
1289400,3572,30,0
1289400,4348,31,0
1289400,3828,32,1
1289401,4348,1,0
1289401,3828,2,0
1289401,3830,3,0
1289401,5855,4,0
1289401,3814,5,0
1289401,3568,6,0
1289401,3575,7,0
1289401,3552,8,0
1289401,3557,9,0
1289401,3562,10,0
1289401,3550,11,0
1289401,3548,12,0
1289401,3573,13,0
1289401,5339,14,0
1289401,3179,15,0
1289401,3182,16,0
1289401,4302,17,0
1289401,3356,18,0
1289401,4301,19,0
1289401,4303,20,0
1289401,3621,21,0
1289401,3630,22,0
1289401,3627,23,0
1289401,3885,24,0
1289401,3889,25,0
1289401,3888,26,0
1289401,3886,27,0
1289401,3884,28,0
1289401,3898,29,0
1289401,3895,30,0
1289401,3891,31,1
1289500,5792,1,0
1289500,5793,2,0
1289500,3133,3,0
1289500,3666,4,0
1289500,3664,5,0
1289500,3661,6,0
1289500,3660,7,0
1289500,3658,8,0
1289500,3136,9,0
1289500,4393,10,0
1289500,3118,11,0
1289500,3116,12,0
1289500,3141,13,0
1289500,4169,14,0
1289500,3907,15,0
1289500,5911,16,1
1289501,5912,1,0
1289501,4174,2,0
1289501,3652,3,0
1289501,5591,4,0
1289501,3657,5,0
1289501,3659,6,0
1289501,3662,7,0
1289501,3663,8,0
1289501,3653,9,0
1289501,3665,10,0
1289501,3669,11,0
1289501,5800,12,1
1289601,4052,1,0
1289601,3969,2,0
1289601,4062,3,0
1289601,4042,4,0
1289601,3073,5,0
1289601,3276,6,0
1289601,3279,7,0
1289601,3281,8,0
1289601,5413,9,0
1289601,5415,10,1
1289800,5910,1,0
1289800,3380,2,0
1289800,3369,3,0
1289800,3579,4,0
1289800,3590,5,0
1289800,3373,6,0
1289800,3554,7,0
1289800,3556,8,0
1289800,3571,9,0
1289800,3559,10,0
1289800,3814,11,0
1289800,3568,12,0
1289800,3575,13,0
1289800,3552,14,0
1289800,3557,15,0
1289800,3562,16,0
1289800,3550,17,1
1289801,3976,1,0
1289801,3563,2,0
1289801,3553,3,0
1289801,3558,4,0
1289801,3569,5,0
1289801,4032,6,0
1289801,3561,7,0
1289801,3572,8,0
1289801,4348,9,0
1289801,5355,10,0
1289801,3578,11,0
1289801,3390,12,0
1289801,3368,13,0
1289801,3383,14,0
1289801,3388,15,0
1289801,5909,16,1
1289900,5593,1,0
1289900,5594,2,0
1289900,3936,3,0
1289900,3939,4,0
1289900,3937,5,0
1289900,3938,6,0
1289900,3934,7,0
1289900,5387,8,0
1289900,3686,9,0
1289900,3933,10,0
1289900,3931,11,0
1289900,3932,12,0
1289900,3790,13,0
1289900,3245,14,0
1289900,3789,15,0
1289900,3580,16,0
1289900,3582,17,0
1289900,3820,18,0
1289900,3579,19,0
1289900,3590,20,0
1289900,3373,21,0
1289900,3554,22,0
1289900,3556,23,0
1289900,3828,24,1
1289901,4348,1,0
1289901,5355,2,0
1289901,3578,3,0
1289901,5845,4,0
1289901,5593,5,0
1289901,5594,6,0
1289901,3936,7,0
1289901,3939,8,0
1289901,3937,9,0
1289901,3938,10,0
1289901,3934,11,0
1289901,5387,12,0
1289901,3686,13,0
1289901,3933,14,0
1289901,3931,15,0
1289901,3932,16,0
1289901,3790,17,0
1289901,3245,18,0
1289901,3789,19,0
1289901,3580,20,0
1289901,3582,21,0
1289901,3820,22,1
1290000,5897,1,0
1290000,3143,2,0
1290000,3160,3,0
1290000,3162,4,0
1290000,4325,5,0
1290000,4314,6,0
1290000,5373,7,0
1290000,3532,8,0
1290000,3737,9,0
1290000,5907,10,0
1290000,3733,11,0
1290000,3731,12,0
1290000,4423,13,0
1290000,4424,14,0
1290000,3646,15,0
1290000,3643,16,0
1290000,3645,17,0
1290000,3648,18,0
1290000,3671,19,0
1290000,3395,20,0
1290000,3396,21,0
1290000,3393,22,0
1290000,3601,23,0
1290000,3594,24,0
1290000,3591,25,0
1290000,3597,26,0
1290000,3593,27,0
1290000,3903,28,0
1290000,5891,29,0
1290000,5892,30,0
1290000,5893,31,0
1290000,3734,32,0
1290000,3730,33,0
1290000,3732,34,0
1290000,3736,35,0
1290000,5908,36,1
1290001,5908,1,0
1290001,3735,2,0
1290001,3531,3,0
1290001,3273,4,0
1290001,5372,5,0
1290001,4315,6,0
1290001,4312,7,0
1290001,4318,8,0
1290001,4098,9,0
1290001,3283,10,0
1290001,5897,11,1
1290100,5744,1,0
1290100,5745,2,0
1290100,5746,3,0
1290100,4030,4,0
1290100,3911,5,0
1290100,4472,6,0
1290100,3910,7,0
1290100,3909,8,0
1290100,5747,9,0
1290100,5748,10,0
1290100,5749,11,0
1290100,4479,12,0
1290100,3001,13,0
1290100,3003,14,0
1290100,4228,15,0
1290100,4229,16,0
1290100,4231,17,0
1290100,4232,18,0
1290100,4233,19,0
1290100,4236,20,0
1290100,4239,21,0
1290100,3013,22,0
1290100,3019,23,0
1290100,3011,24,0
1290100,5781,25,0
1290100,5873,26,1
1290101,5873,1,0
1290101,3020,2,0
1290101,3022,3,0
1290101,3010,4,0
1290101,4241,5,0
1290101,4240,6,0
1290101,4237,7,0
1290101,4234,8,0
1290101,4230,9,0
1290101,3002,10,0
1290101,3004,11,0
1290101,4410,12,0
1290101,4033,13,0
1290101,4035,14,0
1290101,4031,15,0
1290101,5458,16,0
1290101,5459,17,0
1290101,5460,18,0
1290101,5461,19,0
1290101,4196,20,0
1290101,4199,21,0
1290101,4197,22,0
1290101,4198,23,0
1290101,3822,24,0
1290101,3387,25,0
1290101,3367,26,0
1290101,3379,27,0
1290101,3376,28,0
1290101,3365,29,0
1290101,3377,30,0
1290101,3381,31,0
1290101,3371,32,0
1290101,5909,33,1
1290200,5902,1,0
1290200,5378,2,1
1290201,5378,1,0
1290201,5413,2,1
1290300,5899,1,0
1290300,3282,2,0
1290300,3170,3,0
1290300,3172,4,0
1290300,3173,5,0
1290300,3175,6,0
1290300,3186,7,0
1290300,4162,8,0
1290300,5931,9,0
1290300,5932,10,0
1290300,4161,11,0
1290300,5569,12,0
1290300,5596,13,0
1290300,3992,14,0
1290300,5598,15,0
1290300,5781,16,0
1290300,5775,17,0
1290300,5344,18,0
1290300,5713,19,0
1290300,3900,20,0
1290300,3901,21,0
1290300,3902,22,0
1290300,5491,23,0
1290300,5493,24,0
1290300,5497,25,0
1290300,5705,26,1
1290301,5705,1,0
1290301,5707,2,0
1290301,5709,3,0
1290301,3482,4,0
1290301,3481,5,0
1290301,3484,6,0
1290301,5868,7,1
1290400,5899,1,0
1290400,3282,2,0
1290400,3170,3,0
1290400,3172,4,0
1290400,3173,5,0
1290400,3175,6,0
1290400,3186,7,0
1290400,4162,8,0
1290400,5931,9,0
1290400,5932,10,0
1290400,4161,11,0
1290400,5569,12,0
1290400,5596,13,0
1290400,3992,14,0
1290400,5598,15,0
1290400,5781,16,0
1290400,5775,17,0
1290400,5344,18,0
1290400,5774,19,0
1290400,5526,20,0
1290400,4289,21,0
1290400,4290,22,0
1290400,4291,23,0
1290400,4296,24,0
1290400,3454,25,0
1290400,3457,26,0
1290400,3458,27,1
1290401,3458,1,0
1290401,5867,2,0
1290401,4255,3,0
1290401,4253,4,0
1290401,5363,5,0
1290401,5868,6,1
1290500,5899,1,0
1290500,3282,2,0
1290500,3170,3,0
1290500,3172,4,0
1290500,3173,5,0
1290500,3175,6,0
1290500,3186,7,0
1290500,4162,8,0
1290500,5931,9,0
1290500,5932,10,0
1290500,4161,11,0
1290500,5569,12,0
1290500,5596,13,0
1290500,3992,14,0
1290500,5598,15,0
1290500,5781,16,0
1290500,5775,17,0
1290500,5344,18,0
1290500,5371,19,0
1290500,5863,20,0
1290500,3018,21,0
1290500,3963,22,0
1290500,3960,23,0
1290500,5894,24,0
1290500,4363,25,0
1290500,4451,26,0
1290500,4452,27,0
1290500,4453,28,0
1290500,4454,29,0
1290500,4455,30,0
1290500,4463,31,1
1290501,4463,1,0
1290501,4464,2,0
1290501,4465,3,0
1290501,4466,4,0
1290501,5601,5,0
1290501,5603,6,0
1290501,5604,7,0
1290501,5895,8,0
1290501,5498,9,0
1290501,5890,10,0
1290501,5868,11,1
1290600,5899,1,0
1290600,3282,2,0
1290600,3170,3,0
1290600,3172,4,0
1290600,3173,5,0
1290600,3175,6,0
1290600,3186,7,0
1290600,4162,8,0
1290600,5931,9,0
1290600,5932,10,0
1290600,4161,11,0
1290600,5569,12,0
1290600,5596,13,0
1290600,3992,14,0
1290600,5598,15,0
1290600,5781,16,0
1290600,5775,17,0
1290600,5344,18,0
1290600,5371,19,0
1290600,5863,20,0
1290600,5605,21,0
1290600,3023,22,0
1290600,3015,23,0
1290600,3020,24,0
1290600,3022,25,0
1290600,4095,26,0
1290600,4406,27,0
1290600,4407,28,0
1290600,4408,29,0
1290600,4409,30,1
1290601,4409,1,0
1290601,5952,2,0
1290601,5951,3,0
1290601,4457,4,0
1290601,4458,5,0
1290601,4460,6,0
1290601,5950,7,0
1290601,5895,8,0
1290601,5498,9,0
1290601,5890,10,0
1290601,5868,11,1
1290700,5904,1,0
1290700,5391,2,0
1290700,5392,3,0
1290700,4161,4,0
1290700,5557,5,0
1290700,3877,6,0
1290700,3348,7,0
1290700,3361,8,0
1290700,3196,9,0
1290700,5875,10,0
1290700,5877,11,0
1290700,4022,12,0
1290700,4295,13,0
1290700,4300,14,0
1290700,5593,15,0
1290700,5594,16,0
1290700,3936,17,0
1290700,3939,18,0
1290700,3937,19,0
1290700,3938,20,0
1290700,3934,21,1
1290701,3934,1,0
1290701,5387,2,0
1290701,3529,3,0
1290701,3530,4,0
1290701,3528,5,0
1290701,3789,6,0
1290701,3580,7,0
1290701,3582,8,0
1290701,3820,9,0
1290701,3817,10,0
1290701,3823,11,0
1290701,4364,12,0
1290701,3819,13,0
1290701,3629,14,0
1290701,3343,15,0
1290701,3975,16,0
1290701,3605,17,0
1290701,5556,18,0
1290701,5742,19,0
1290701,5741,20,0
1290701,5904,21,1
1291000,5898,1,0
1291000,4314,2,0
1291000,3804,3,0
1291000,5866,4,0
1291000,3802,5,0
1291000,3812,6,0
1291000,3808,7,0
1291000,3811,8,0
1291000,3299,9,0
1291000,3459,10,0
1291000,4216,11,0
1291000,3460,12,0
1291000,5602,13,0
1291000,4164,14,0
1291000,4029,15,0
1291000,4028,16,0
1291000,5592,17,0
1291000,4089,18,0
1291000,3346,19,0
1291000,3347,20,0
1291000,4086,21,0
1291000,4087,22,0
1291000,5584,23,0
1291000,5590,24,0
1291000,5589,25,0
1291000,5588,26,1
1291001,5898,1,0
1291001,3532,2,0
1291001,5907,3,0
1291001,3735,4,0
1291001,3812,5,0
1291001,3808,6,0
1291001,3811,7,0
1291001,3299,8,0
1291001,3809,9,0
1291001,3296,10,0
1291001,3999,11,0
1291001,3300,12,0
1291001,3801,13,0
1291001,3803,14,0
1291001,3805,15,0
1291001,4380,16,0
1291001,4382,17,0
1291001,4441,18,0
1291001,4381,19,1
1291300,5904,1,0
1291300,5391,2,0
1291300,5392,3,0
1291300,4161,4,0
1291300,5557,5,0
1291300,3877,6,0
1291300,3348,7,0
1291300,3361,8,0
1291300,3196,9,0
1291300,5875,10,0
1291300,5877,11,0
1291300,4022,12,0
1291300,4295,13,0
1291300,4300,14,0
1291300,3818,15,0
1291300,4223,16,0
1291300,4224,17,0
1291300,4225,18,0
1291300,3686,19,0
1291300,3933,20,0
1291300,3931,21,0
1291300,3932,22,0
1291300,5882,23,0
1291300,5883,24,0
1291300,5884,25,0
1291300,4246,26,0
1291300,4248,27,1
1291301,4248,1,0
1291301,5452,2,0
1291301,3243,3,0
1291301,3244,4,0
1291301,3790,5,0
1291301,3245,6,0
1291301,3789,7,0
1291301,3580,8,0
1291301,3582,9,0
1291301,3820,10,0
1291301,3817,11,0
1291301,3823,12,0
1291301,4364,13,0
1291301,3819,14,0
1291301,3629,15,0
1291301,3343,16,0
1291301,3975,17,0
1291301,3605,18,0
1291301,5556,19,0
1291301,5742,20,0
1291301,5741,21,0
1291301,5904,22,1
1291500,4222,1,0
1291500,3392,2,0
1291500,3830,3,0
1291500,5905,4,0
1291500,5466,5,0
1291500,5467,6,0
1291500,5468,7,0
1291500,5469,8,0
1291500,4036,9,0
1291500,5874,10,0
1291500,3977,11,0
1291500,3972,12,0
1291500,5668,13,0
1291500,5482,14,0
1291500,3465,15,1
1291600,4208,1,0
1291600,4203,2,0
1291600,4210,3,0
1291600,4205,4,0
1291600,3277,5,0
1291600,4200,6,0
1291600,3907,7,0
1291600,5912,8,0
1291600,4174,9,0
1291600,3142,10,0
1291600,3136,11,0
1291600,3132,12,0
1291600,3128,13,0
1291600,3968,14,0
1291600,5835,15,0
1291600,5837,16,0
1291600,3140,17,0
1291600,3076,18,0
1291600,3159,19,0
1291600,5900,20,0
1291600,5911,21,1
1291601,5900,1,0
1291601,3126,2,0
1291601,3138,3,0
1291601,3139,4,0
1291601,5830,5,0
1291601,5876,6,0
1291601,3017,7,0
1291601,3127,8,0
1291601,3131,9,0
1291601,3135,10,0
1291601,3141,11,0
1291601,4169,12,0
1291601,3907,13,0
1291601,5911,14,0
1291601,4179,15,0
1291601,4177,16,0
1291601,4175,17,0
1291601,3947,18,0
1291601,3946,19,0
1291601,3955,20,0
1291601,3951,21,0
1291601,3952,22,0
1291601,3585,23,0
1291601,3583,24,0
1291601,4208,25,1
1291700,5465,1,0
1291700,5661,2,0
1291700,5660,3,0
1291700,5664,4,0
1291700,5625,5,0
1291700,4169,6,0
1291700,3907,7,0
1291700,5911,8,1
1291701,5911,1,0
1291701,4174,2,0
1291701,4362,3,0
1291701,5662,4,0
1291701,5465,5,1
1291900,5533,1,0
1291900,5535,2,0
1291900,5537,3,0
1291900,4080,4,0
1291900,4082,5,0
1291900,4083,6,0
1291900,4084,7,0
1291900,5633,8,0
1291900,5631,9,0
1291900,5517,10,0
1291900,5552,11,0
1291900,5538,12,0
1291900,4284,13,0
1291900,4283,14,0
1291900,5767,15,0
1291900,5710,16,0
1291900,5711,17,0
1291900,3851,18,0
1291900,5718,19,0
1291900,5719,20,0
1291900,4178,21,0
1291900,3907,22,0
1291900,5911,23,1
1291901,5911,1,0
1291901,4179,2,0
1291901,4177,3,0
1291901,5720,4,0
1291901,3849,5,0
1291901,5723,6,0
1291901,5724,7,0
1291901,5725,8,0
1291901,5712,9,0
1291901,3537,10,0
1291901,3549,11,0
1291901,4265,12,0
1291901,3690,13,0
1291901,3691,14,0
1291901,3692,15,0
1291901,4129,16,0
1291901,4021,17,0
1291901,4023,18,0
1291901,5533,19,1
1292000,3839,1,0
1292000,3195,2,0
1292000,3835,3,0
1292000,3762,4,0
1292000,5450,5,0
1292000,4392,6,0
1292000,4249,7,0
1292000,4202,8,0
1292000,4422,9,0
1292000,3907,10,0
1292000,5912,11,0
1292000,5911,12,1
1292001,5911,1,0
1292001,4174,2,0
1292001,3069,3,0
1292001,4247,4,0
1292001,3843,5,0
1292001,3838,6,0
1292001,3847,7,0
1292001,3841,8,0
1292001,3840,9,0
1292001,3845,10,0
1292001,4361,11,0
1292001,5362,12,0
1292001,3839,13,1
1292100,4208,1,0
1292100,4203,2,0
1292100,4210,3,0
1292100,4205,4,0
1292100,3277,5,0
1292100,4200,6,0
1292100,3907,7,0
1292100,5912,8,0
1292100,4174,9,0
1292100,3142,10,0
1292100,3136,11,0
1292100,3132,12,0
1292100,3128,13,0
1292100,3968,14,0
1292100,5835,15,0
1292100,5837,16,0
1292100,3140,17,0
1292100,3076,18,0
1292100,3159,19,0
1292100,5900,20,0
1292100,5911,21,1
1292101,5900,1,0
1292101,3126,2,0
1292101,3138,3,0
1292101,3139,4,0
1292101,5830,5,0
1292101,5876,6,0
1292101,3017,7,0
1292101,3127,8,0
1292101,3131,9,0
1292101,3135,10,0
1292101,3141,11,0
1292101,4169,12,0
1292101,3907,13,0
1292101,5911,14,0
1292101,3908,15,0
1292101,4085,16,0
1292101,4092,17,0
1292101,4090,18,0
1292101,4088,19,0
1292101,4091,20,0
1292101,4094,21,0
1292101,3748,22,0
1292101,3749,23,0
1292101,5703,24,0
1292101,3750,25,0
1292101,4211,26,0
1292101,4208,27,1
1292200,5901,1,0
1292200,3078,2,0
1292200,3077,3,0
1292200,5756,4,0
1292200,3072,5,0
1292200,4043,6,0
1292200,4041,7,0
1292200,4061,8,0
1292200,4371,9,0
1292200,3362,10,0
1292200,3330,11,0
1292200,3339,12,0
1292200,3321,13,0
1292200,3363,14,0
1292200,3349,15,0
1292200,3359,16,0
1292200,3328,17,0
1292200,3341,18,0
1292200,3354,19,0
1292200,5737,20,0
1292200,3351,21,0
1292200,3334,22,0
1292200,4448,23,0
1292200,3323,24,0
1292200,5557,25,0
1292200,5909,26,0
1292200,3380,27,0
1292200,3369,28,0
1292200,3579,29,0
1292200,3590,30,0
1292200,3373,31,0
1292200,3554,32,0
1292200,3556,33,0
1292200,3571,34,0
1292200,3559,35,0
1292200,3814,36,0
1292200,3568,37,0
1292200,4181,38,0
1292200,4183,39,0
1292200,3979,40,0
1292200,4186,41,0
1292200,4191,42,0
1292200,4189,43,0
1292200,5936,44,0
1292200,5933,45,0
1292200,5931,46,0
1292200,4444,47,1
1292201,4442,1,0
1292201,5934,2,0
1292201,4450,3,0
1292201,4180,4,0
1292201,4190,5,0
1292201,4185,6,0
1292201,4184,7,0
1292201,4182,8,0
1292201,3569,9,0
1292201,4032,10,0
1292201,3561,11,0
1292201,3572,12,0
1292201,4348,13,0
1292201,5953,14,0
1292201,5355,15,0
1292201,3578,16,0
1292201,3390,17,0
1292201,3368,18,0
1292201,3383,19,0
1292201,3388,20,0
1292201,5910,21,0
1292201,5909,22,1
1292300,5901,1,0
1292300,3078,2,0
1292300,3077,3,0
1292300,5756,4,0
1292300,3072,5,0
1292300,4043,6,0
1292300,4041,7,0
1292300,4061,8,0
1292300,4371,9,0
1292300,3362,10,0
1292300,3330,11,0
1292300,3339,12,0
1292300,3321,13,0
1292300,3363,14,0
1292300,3349,15,0
1292300,3359,16,0
1292300,3328,17,0
1292300,3341,18,0
1292300,3354,19,0
1292300,5737,20,0
1292300,3351,21,0
1292300,3334,22,0
1292300,4448,23,0
1292300,3323,24,0
1292300,5557,25,0
1292300,5909,26,0
1292300,5751,27,0
1292300,3372,28,0
1292300,3382,29,0
1292300,3378,30,0
1292300,3389,31,0
1292300,5332,32,0
1292300,3418,33,0
1292300,3425,34,0
1292300,3867,35,0
1292300,3855,36,0
1292300,3860,37,0
1292300,3857,38,0
1292300,3863,39,0
1292300,3858,40,0
1292300,3861,41,0
1292300,5787,42,0
1292300,4191,43,0
1292300,4189,44,0
1292300,4449,45,0
1292300,4188,46,0
1292300,4193,47,0
1292300,4442,48,1
1292301,4444,1,0
1292301,5431,2,0
1292301,4192,3,0
1292301,4187,4,0
1292301,4450,5,0
1292301,4180,6,0
1292301,5802,7,0
1292301,5786,8,0
1292301,3864,9,0
1292301,3859,10,0
1292301,4369,11,0
1292301,3856,12,0
1292301,3865,13,0
1292301,3866,14,0
1292301,3868,15,0
1292301,3424,16,0
1292301,3417,17,0
1292301,3062,18,0
1292301,3365,19,0
1292301,3377,20,0
1292301,3381,21,0
1292301,3371,22,0
1292301,5910,23,0
1292301,5909,24,1
1292400,5684,1,0
1292400,5626,2,0
1292400,5667,3,0
1292400,5665,4,0
1292400,5669,5,0
1292400,4323,6,0
1292400,4020,7,0
1292400,5472,8,0
1292400,5519,9,0
1292400,5473,10,0
1292400,3743,11,0
1292400,3744,12,0
1292400,3740,13,0
1292400,4348,14,0
1292400,5953,15,0
1292400,5355,16,0
1292400,3578,17,0
1292400,3390,18,0
1292400,3368,19,0
1292400,3383,20,0
1292400,3388,21,0
1292400,5910,22,1
1292401,5909,1,0
1292401,3380,2,0
1292401,3369,3,0
1292401,3579,4,0
1292401,3590,5,0
1292401,3373,6,0
1292401,3554,7,0
1292401,4222,8,0
1292401,3392,9,0
1292401,3830,10,0
1292401,5905,11,0
1292401,5466,12,0
1292401,5467,13,0
1292401,5468,14,0
1292401,5469,15,0
1292401,4036,16,0
1292401,5874,17,0
1292401,3977,18,0
1292401,3972,19,0
1292401,5668,20,0
1292401,5482,21,0
1292401,5683,22,0
1292401,5684,23,1
1292500,5901,1,0
1292500,3078,2,0
1292500,3077,3,0
1292500,5756,4,0
1292500,3072,5,0
1292500,4043,6,0
1292500,4041,7,0
1292500,4061,8,0
1292500,4371,9,0
1292500,3362,10,0
1292500,3330,11,0
1292500,3339,12,0
1292500,3321,13,0
1292500,3363,14,0
1292500,3349,15,0
1292500,3359,16,0
1292500,3328,17,0
1292500,3341,18,0
1292500,3354,19,0
1292500,5737,20,0
1292500,3351,21,0
1292500,3334,22,0
1292500,4448,23,0
1292500,3323,24,0
1292500,5557,25,0
1292500,5909,26,0
1292500,3769,27,0
1292500,3768,28,0
1292500,3794,29,0
1292500,3795,30,0
1292500,3348,31,0
1292500,3361,32,0
1292500,3364,33,0
1292500,4037,34,0
1292500,4387,35,0
1292500,4388,36,0
1292500,4039,37,0
1292500,4109,38,0
1292500,5614,39,1
1292501,5614,1,0
1292501,5615,2,0
1292501,5616,3,0
1292501,5617,4,0
1292501,5618,5,0
1292501,5619,6,0
1292501,4388,7,0
1292501,5789,8,0
1292501,5790,9,0
1292501,5791,10,0
1292501,3343,11,0
1292501,3975,12,0
1292501,3796,13,0
1292501,3766,14,0
1292501,3388,15,0
1292501,5910,16,0
1292501,5909,17,1
1292600,5901,1,0
1292600,3078,2,0
1292600,3077,3,0
1292600,5756,4,0
1292600,3072,5,0
1292600,4043,6,0
1292600,4041,7,0
1292600,4061,8,0
1292600,4371,9,0
1292600,3362,10,0
1292600,3330,11,0
1292600,3339,12,0
1292600,3321,13,0
1292600,3363,14,0
1292600,3349,15,0
1292600,3359,16,0
1292600,3328,17,0
1292600,3341,18,0
1292600,3354,19,0
1292600,5737,20,0
1292600,3351,21,0
1292600,3334,22,0
1292600,4448,23,0
1292600,3323,24,0
1292600,5557,25,0
1292600,5909,26,0
1292600,3380,27,0
1292600,3369,28,0
1292600,5845,29,0
1292600,3817,30,0
1292600,4022,31,0
1292600,3178,32,0
1292600,5878,33,0
1292600,5879,34,0
1292600,5880,35,0
1292600,5881,36,0
1292600,3183,37,0
1292600,3129,38,0
1292600,4246,39,0
1292600,4248,40,0
1292600,5452,41,0
1292600,3130,42,0
1292600,5803,43,1
1292601,5803,1,0
1292601,5395,2,0
1292601,4489,3,0
1292601,5396,4,0
1292601,5397,5,0
1292601,3086,6,0
1292601,5398,7,0
1292601,5882,8,0
1292601,5883,9,0
1292601,5884,10,0
1292601,5885,11,0
1292601,5886,12,0
1292601,5887,13,0
1292601,3284,14,0
1292601,4298,15,0
1292601,4294,16,0
1292601,4295,17,0
1292601,4300,18,0
1292601,3390,19,0
1292601,3368,20,0
1292601,3383,21,0
1292601,3388,22,0
1292601,5910,23,0
1292601,5909,24,1
