1046000,4303,1,0
1046000,3621,2,0
1046000,3630,3,0
1046000,3627,4,0
1046000,3029,5,0
1046000,4357,6,0
1046000,4114,7,0
1046000,3885,8,0
1046000,3889,9,0
1046000,3888,10,0
1046000,3886,11,0
1046000,3983,12,0
1046000,5896,13,0
1046000,4066,14,0
1046000,4045,15,0
1046000,4047,16,0
1046000,4049,17,0
1046000,4051,18,0
1046000,4052,19,0
1046000,3969,20,0
1046000,4062,21,0
1046000,4042,22,0
1046000,3073,23,0
1046000,3276,24,0
1046000,3279,25,0
1046000,3281,26,0
1046000,5899,27,1
1046001,5412,1,0
1046001,3280,2,0
1046001,3278,3,0
1046001,3275,4,0
1046001,3072,5,0
1046001,4043,6,0
1046001,4041,7,0
1046001,4061,8,0
1046001,4371,9,0
1046001,4053,10,0
1046001,4050,11,0
1046001,4048,12,0
1046001,4046,13,0
1046001,4044,14,0
1046001,5824,15,0
1046001,5339,16,0
1046001,3179,17,0
1046001,3182,18,0
1046001,4302,19,0
1046001,3356,20,0
1046001,4301,21,0
1046001,4303,22,1
1046100,5413,1,0
1046100,3078,2,0
1046100,3077,3,0
1046100,3123,4,0
1046100,3083,5,0
1046100,3087,6,0
1046100,3089,7,0
1046100,3091,8,0
1046100,3093,9,0
1046100,3096,10,0
1046100,3097,11,0
1046100,3100,12,0
1046100,3101,13,0
1046100,3104,14,0
1046100,3106,15,0
1046100,3108,16,0
1046100,3110,17,0
1046100,3112,18,0
1046100,4014,19,0
1046100,4004,20,0
1046100,4003,21,0
1046100,3413,22,0
1046100,3973,23,0
1046100,3415,24,0
1046100,3533,25,0
1046100,3071,26,0
1046100,3501,27,0
1046100,3988,28,0
1046100,3118,29,0
1046100,3116,30,0
1046100,4169,31,0
1046100,3907,32,0
1046100,5912,33,1
1046101,5912,1,0
1046101,4174,2,0
1046101,3652,3,0
1046101,5731,4,0
1046101,5732,5,0
1046101,5733,6,0
1046101,5734,7,0
1046101,5730,8,0
1046101,5729,9,0
1046101,5735,10,0
1046101,5368,11,0
1046101,5736,12,0
1046101,3115,13,0
1046101,3113,14,0
1046101,3111,15,0
1046101,3109,16,0
1046101,3107,17,0
1046101,3105,18,0
1046101,3103,19,0
1046101,3102,20,0
1046101,3099,21,0
1046101,3098,22,0
1046101,3095,23,0
1046101,3094,24,0
1046101,3092,25,0
1046101,3088,26,0
1046101,3084,27,0
1046101,4287,28,0
1046101,3276,29,0
1046101,3279,30,0
1046101,3281,31,0
1046101,5413,32,1
1046200,5415,1,0
1046200,3138,2,0
1046200,3139,3,0
1046200,5830,4,0
1046200,5831,5,0
1046200,5832,6,0
1046200,5833,7,0
1046200,5792,8,0
1046200,3189,9,0
1046200,4431,10,0
1046200,3190,11,0
1046200,4437,12,0
1046200,4438,13,0
1046200,3957,14,0
1046200,3935,15,0
1046200,4436,16,0
1046200,5714,17,0
1046200,5374,18,0
1046200,3497,19,1
1046201,3497,1,0
1046201,3495,2,0
1046201,5364,3,0
1046201,3494,4,0
1046201,3493,5,0
1046201,5715,6,0
1046201,4116,7,0
1046201,4158,8,0
1046201,5843,9,0
1046201,5800,10,0
1046201,5834,11,0
1046201,5835,12,0
1046201,5836,13,0
1046201,5837,14,0
1046201,3140,15,0
1046201,3076,16,0
1046201,3159,17,0
1046201,5414,18,1
1046301,5868,1,0
1046301,5869,2,0
1046301,5873,3,0
1046301,5599,4,0
1046301,3993,5,0
1046301,5597,6,0
1046301,3739,7,0
1046301,4166,8,0
1046301,4165,9,0
1046301,4442,10,0
1046301,4163,11,0
1046301,3187,12,0
1046301,3176,13,0
1046301,3294,14,0
1046301,3292,15,0
1046301,3586,16,0
1046301,5899,17,1
1046400,5413,1,0
1046400,3164,2,0
1046400,3143,3,0
1046400,3160,4,0
1046400,3162,5,0
1046400,4333,6,0
1046400,3158,7,0
1046400,3144,8,0
1046400,3146,9,0
1046400,3150,10,0
1046400,3154,11,0
1046400,5792,12,0
1046400,5793,13,0
1046400,3670,14,0
1046400,3133,15,0
1046400,3666,16,0
1046400,3654,17,0
1046400,3664,18,0
1046400,3661,19,0
1046400,3660,20,0
1046400,3658,21,0
1046400,5551,22,0
1046400,3193,23,0
1046400,3194,24,0
1046400,3500,25,0
1046400,3620,26,0
1046400,3650,27,0
1046400,3141,28,0
1046400,4169,29,0
1046400,3907,30,0
1046400,5911,31,0
1046400,4174,32,0
1046400,3069,33,0
1046400,4247,34,0
1046400,3843,35,0
1046400,3838,36,0
1046400,3847,37,0
1046400,3841,38,0
1046400,3840,39,0
1046400,3845,40,0
1046400,4361,41,0
1046400,5362,42,0
1046400,3839,43,0
1046400,3168,44,0
1046400,3169,45,0
1046400,3586,46,0
1046400,5897,47,0
1046400,5415,48,1
1046401,3839,1,0
1046401,3195,2,0
1046401,3835,3,0
1046401,3762,4,0
1046401,5450,5,0
1046401,4392,6,0
1046401,4249,7,0
1046401,4202,8,0
1046401,4422,9,0
1046401,3907,10,0
1046401,5912,11,0
1046401,4174,12,0
1046401,5794,13,0
1046401,5795,14,0
1046401,5788,15,0
1046401,5796,16,0
1046401,5797,17,0
1046401,5798,18,0
1046401,5799,19,0
1046401,3657,20,0
1046401,3659,21,0
1046401,3662,22,0
1046401,3663,23,0
1046401,3653,24,0
1046401,3665,25,0
1046401,3667,26,0
1046401,3669,27,0
1046401,5801,28,0
1046401,5800,29,0
1046401,5804,30,0
1046401,3151,31,0
1046401,3147,32,0
1046401,3145,33,0
1046401,4332,34,0
1046401,3163,35,0
1046401,3161,36,0
1046401,3159,37,0
1046401,5413,38,0
1046401,5414,39,0
1046401,3293,40,0
1046401,3168,41,1
1046500,3198,1,0
1046500,3513,2,0
1046500,3508,3,0
1046500,3511,4,0
1046500,3514,5,0
1046500,5809,6,0
1046500,5810,7,0
1046500,5811,8,0
1046500,3806,9,0
1046500,5812,10,0
1046500,5606,11,0
1046500,5813,12,0
1046500,5814,13,0
1046500,5815,14,0
1046500,5825,15,0
1046500,5816,16,0
1046500,5817,17,0
1046500,5818,18,0
1046500,5819,19,0
1046500,5820,20,0
1046500,5454,21,0
1046500,5821,22,0
1046500,3829,23,0
1046500,5726,24,0
1046500,5906,25,0
1046500,3873,26,0
1046500,3875,27,0
1046500,4217,28,0
1046500,5721,29,0
1046500,5722,30,0
1046500,5612,31,0
1046500,5805,32,0
1046500,5826,33,0
1046500,5806,34,0
1046500,5807,35,0
1046500,5808,36,0
1046500,3315,37,0
1046500,4215,38,0
1046500,3353,39,0
1046500,3746,40,0
1046500,5742,41,0
1046500,5741,42,0
1046500,5903,43,0
1046500,4163,44,0
1046500,3187,45,0
1046500,3176,46,0
1046500,3174,47,0
1046500,3285,48,0
1046500,3283,49,0
1046500,5899,50,0
1046500,5900,51,0
1046500,3280,52,0
1046500,3278,53,0
1046500,3275,54,0
1046500,3072,55,0
1046500,4043,56,0
1046500,4041,57,0
1046500,4061,58,0
1046500,4371,59,0
1046500,4053,60,0
1046500,4050,61,0
1046500,4048,62,0
1046500,4046,63,0
1046500,4044,64,0
1046500,5824,65,0
1046500,4065,66,0
1046500,4059,67,0
1046500,4057,68,0
1046500,4055,69,0
1046500,4063,70,1
1046501,5453,1,0
1046501,4064,2,0
1046501,4056,3,0
1046501,4058,4,0
1046501,4060,5,0
1046501,4066,6,0
1046501,4045,7,0
1046501,4047,8,0
1046501,4049,9,0
1046501,4051,10,0
1046501,4052,11,0
1046501,3969,12,0
1046501,4062,13,0
1046501,4042,14,0
1046501,3073,15,0
1046501,3276,16,0
1046501,3279,17,0
1046501,3281,18,0
1046501,5899,19,0
1046501,3282,20,0
1046501,3170,21,0
1046501,3172,22,0
1046501,3173,23,0
1046501,3175,24,0
1046501,3186,25,0
1046501,4162,26,0
1046501,5904,27,0
1046501,5391,28,0
1046501,5392,29,0
1046501,4161,30,0
1046501,3747,31,0
1046501,4487,32,0
1046501,4218,33,0
1046501,4002,34,0
1046501,3314,35,0
1046501,4349,36,0
1046501,3313,37,0
1046501,3423,38,0
1046501,5728,39,0
1046501,3429,40,0
1046501,3427,41,0
1046501,4336,42,0
1046501,5821,43,0
1046501,3829,44,0
1046501,5726,45,0
1046501,5906,46,0
1046501,3873,47,0
1046501,3875,48,0
1046501,3426,49,0
1046501,3419,50,0
1046501,3588,51,0
1046501,3167,52,0
1046501,3165,53,0
1046501,3166,54,0
1046501,3188,55,0
1046501,3420,56,0
1046501,3428,57,0
1046501,5822,58,0
1046501,5607,59,0
1046501,5823,60,0
1046501,3510,61,0
1046501,3506,62,0
1046501,3507,63,0
1046501,3883,64,0
1046501,3416,65,0
1046501,3560,66,0
1046501,4016,67,1
1046600,5899,1,0
1046600,3807,2,0
1046600,4324,3,0
1046600,4325,4,0
1046600,4326,5,0
1046600,3241,6,0
1046600,3222,7,0
1046600,3224,8,0
1046600,3225,9,0
1046600,3229,10,0
1046600,3232,11,0
1046600,3622,12,0
1046600,3240,13,0
1046600,3233,14,0
1046600,3237,15,0
1046600,5764,16,0
1046600,5765,17,0
1046600,5766,18,0
1046600,5767,19,0
1046600,5710,20,0
1046600,3447,21,0
1046600,4383,22,0
1046600,4384,23,0
1046600,4385,24,0
1046600,4354,25,0
1046600,4316,26,0
1046600,4368,27,0
1046600,4320,28,0
1046600,4305,29,0
1046600,4307,30,0
1046600,4373,31,0
1046600,4321,32,0
1046600,5770,33,0
1046600,3526,34,0
1046600,3948,35,0
1046600,4176,36,0
1046600,4178,37,0
1046600,3907,38,0
1046600,5912,39,1
1046601,5912,1,0
1046601,4179,2,0
1046601,4177,3,0
1046601,4175,4,0
1046601,3527,5,0
1046601,3525,6,0
1046601,3524,7,0
1046601,3912,8,0
1046601,3913,9,0
1046601,3257,10,0
1046601,3255,11,0
1046601,3256,12,0
1046601,3258,13,0
1046601,4282,14,0
1046601,5768,15,0
1046601,5769,16,0
1046601,5785,17,0
1046601,5770,18,0
1046601,5771,19,0
1046601,5725,20,0
1046601,5772,21,0
1046601,3242,22,0
1046601,5782,23,0
1046601,3235,24,0
1046601,3238,25,0
1046601,3234,26,0
1046601,3239,27,0
1046601,3231,28,0
1046601,3230,29,0
1046601,3228,30,0
1046601,3226,31,0
1046601,3223,32,0
1046601,3221,33,0
1046601,4315,34,0
1046601,4313,35,0
1046601,5608,36,0
1046601,4312,37,0
1046601,4311,38,0
1046601,4310,39,0
1046601,3163,40,0
1046601,3161,41,0
1046601,3159,42,0
1046601,5412,43,1
1046700,4287,1,0
1046700,3276,2,0
1046700,3279,3,0
1046700,3281,4,0
1046700,5901,5,0
1046700,3078,6,0
1046700,3077,7,0
1046700,3345,8,0
1046700,3357,9,0
1046700,3333,10,0
1046700,3362,11,0
1046700,3330,12,0
1046700,3339,13,0
1046700,3321,14,0
1046700,3363,15,0
1046700,3349,16,0
1046700,3359,17,0
1046700,3328,18,0
1046700,3341,19,0
1046700,3354,20,0
1046700,5737,21,0
1046700,3351,22,0
1046700,3334,23,0
1046700,4448,24,0
1046700,3323,25,0
1046700,5557,26,0
1046700,5909,27,1
1046701,5910,1,0
1046701,5556,2,0
1046701,4172,3,0
1046701,3335,4,0
1046701,3352,5,0
1046701,3338,6,0
1046701,3355,7,0
1046701,3342,8,0
1046701,3329,9,0
1046701,3337,10,0
1046701,3360,11,0
1046701,3350,12,0
1046701,3327,13,0
1046701,5738,14,0
1046701,3340,15,0
1046701,3331,16,0
1046701,3324,17,0
1046701,3332,18,0
1046701,3358,19,0
1046701,3344,20,0
1046701,4287,21,0
1046701,3276,22,0
1046701,3279,23,0
1046701,3281,24,0
1046701,5901,25,1
1046800,5414,1,0
1046800,3280,2,0
1046800,3278,3,0
1046800,3275,4,0
1046800,4000,5,0
1046800,5663,6,0
1046800,5758,7,0
1046800,5759,8,0
1046800,5760,9,0
1046800,3474,10,0
1046800,3472,11,0
1046800,3470,12,0
1046800,3468,13,0
1046800,3063,14,0
1046800,3064,15,0
1046800,3067,16,0
1046800,3489,17,0
1046800,3487,18,0
1046800,3486,19,0
1046800,3491,20,0
1046800,3609,21,0
1046800,3608,22,0
1046800,5761,23,0
1046800,3606,24,0
1046800,3604,25,0
1046800,3499,26,0
1046800,3967,27,0
1046800,4219,28,0
1046800,3219,29,0
1046800,4390,30,0
1046800,4391,31,0
1046800,4492,32,0
1046800,3085,33,0
1046800,5384,34,0
1046800,5525,35,0
1046800,5571,36,0
1046800,5567,37,0
1046800,3762,38,0
1046800,3765,39,0
1046800,3758,40,0
1046800,3757,41,0
1046800,3759,42,0
1046800,4117,43,0
1046800,3994,44,0
1046800,4251,45,0
1046800,3069,46,0
1046800,4202,47,0
1046800,4422,48,0
1046800,3907,49,0
1046800,5912,50,1
1046801,5912,1,0
1046801,4174,2,0
1046801,4074,3,0
1046801,4054,4,0
1046801,3053,5,0
1046801,3707,6,0
1046801,4365,7,0
1046801,3756,8,0
1046801,5370,9,0
1046801,5449,10,0
1046801,4069,11,0
1046801,3197,12,0
1046801,5570,13,0
1046801,3213,14,0
1046801,5388,15,0
1046801,5389,16,0
1046801,5546,17,0
1046801,5383,18,0
1046801,3119,19,0
1046801,4072,20,0
1046801,5561,21,0
1046801,5562,22,0
1046801,5563,23,0
1046801,5564,24,0
1046801,5568,25,0
1046801,5565,26,0
1046801,3038,27,0
1046801,5739,28,0
1046801,3036,29,0
1046801,3034,30,0
1046801,3031,31,0
1046801,4001,32,0
1046801,3603,33,0
1046801,5762,34,0
1046801,5740,35,0
1046801,3607,36,0
1046801,3492,37,0
1046801,5753,38,0
1046801,3488,39,0
1046801,3068,40,0
1046801,3065,41,0
1046801,3467,42,0
1046801,3469,43,0
1046801,4344,44,0
1046801,3473,45,0
1046801,5752,46,0
1046801,5743,47,0
1046801,5754,48,0
1046801,5755,49,0
1046801,5756,50,0
1046801,3276,51,0
1046801,3279,52,0
1046801,3281,53,0
1046801,5413,54,0
1046801,5415,55,1
1046900,5413,1,0
1046900,3078,2,0
1046900,3077,3,0
1046900,3123,4,0
1046900,3083,5,0
1046900,3087,6,0
1046900,3089,7,0
1046900,3091,8,0
1046900,3093,9,0
1046900,3096,10,0
1046900,3097,11,0
1046900,3100,12,0
1046900,3101,13,0
1046900,3104,14,0
1046900,3106,15,0
1046900,3108,16,0
1046900,3110,17,0
1046900,3112,18,0
1046900,4014,19,0
1046900,4004,20,0
1046900,4003,21,0
1046900,3413,22,0
1046900,3973,23,0
1046900,3415,24,0
1046900,3533,25,0
1046900,3071,26,0
1046900,3501,27,0
1046900,3988,28,0
1046900,3118,29,0
1046900,3116,30,0
1046900,4169,31,0
1046900,3907,32,0
1046900,5912,33,1
1046901,5912,1,0
1046901,4174,2,0
1046901,3652,3,0
1046901,5731,4,0
1046901,5732,5,0
1046901,5733,6,0
1046901,5734,7,0
1046901,5730,8,0
1046901,5729,9,0
1046901,5735,10,0
1046901,5368,11,0
1046901,5736,12,0
1046901,3115,13,0
1046901,3113,14,0
1046901,3111,15,0
1046901,3109,16,0
1046901,3107,17,0
1046901,3105,18,0
1046901,3103,19,0
1046901,3102,20,0
1046901,3099,21,0
1046901,3098,22,0
1046901,3095,23,0
1046901,3094,24,0
1046901,3092,25,0
1046901,3090,26,0
1046901,3088,27,0
1046901,3084,28,0
1046901,4287,29,0
1046901,3276,30,0
1046901,3279,31,0
1046901,3281,32,0
1046901,5413,33,0
1046901,3164,34,1
1047000,5593,1,0
1047000,5594,2,0
1047000,3936,3,0
1047000,3939,4,0
1047000,3937,5,0
1047000,3938,6,0
1047000,3934,7,0
1047000,5387,8,0
1047000,3686,9,0
1047000,3933,10,0
1047000,3931,11,0
1047000,3932,12,0
1047000,3817,13,0
1047000,3823,14,0
1047000,4364,15,0
1047000,3819,16,0
1047000,3629,17,0
1047000,3824,18,0
1047000,4198,19,0
1047000,3822,20,0
1047000,4479,21,0
1047000,5742,22,0
1047000,5741,23,0
1047000,5903,24,0
1047000,4076,25,0
1047000,4077,26,0
1047000,3739,27,1
1047100,5884,1,0
1047100,4246,2,0
1047100,4248,3,0
1047100,5452,4,0
1047100,3243,5,0
1047100,3244,6,0
1047100,3790,7,0
1047100,3245,8,0
1047100,3789,9,0
1047100,3580,10,0
1047100,3582,11,0
1047100,3820,12,0
1047100,3817,13,0
1047100,3823,14,0
1047100,4364,15,0
1047100,3819,16,0
1047100,3629,17,0
1047100,3824,18,0
1047100,4198,19,0
1047100,3822,20,0
1047100,4479,21,0
1047100,5742,22,0
1047100,5741,23,0
1047100,5903,24,0
1047100,4076,25,0
1047100,4077,26,0
1047100,3739,27,1
1047200,5415,1,0
1047200,3199,2,0
1047200,3201,3,0
1047200,5558,4,0
1047200,3727,5,0
1047200,3725,6,0
1047200,3723,7,0
1047200,3721,8,0
1047200,3309,9,0
1047200,3311,10,0
1047200,3305,11,0
1047200,3303,12,0
1047200,4419,13,0
1047200,3273,14,0
1047200,5372,15,0
1047200,4425,16,0
1047200,5656,17,0
1047200,3134,18,0
1047200,3254,19,0
1047200,3252,20,0
1047200,3253,21,0
1047200,3248,22,0
1047200,3480,23,0
1047200,4398,24,0
1047200,4399,25,0
1047200,4396,26,0
1047200,4386,27,0
1047200,5560,28,0
1047200,5827,29,0
1047200,5828,30,0
1047200,5829,31,0
1047200,5404,32,0
1047200,5914,33,0
1047200,5916,34,0
1047200,5653,35,0
1047200,5844,36,1
1047201,5844,1,0
1047201,5401,2,0
1047201,5840,3,0
1047201,5642,4,0
1047201,5643,5,0
1047201,5644,6,0
1047201,5645,7,0
1047201,3288,8,0
1047201,5627,9,0
1047201,3443,10,0
1047201,3446,11,0
1047201,3445,12,0
1047201,3444,13,0
1047201,3442,14,0
1047201,4394,15,0
1047201,4395,16,0
1047201,3268,17,0
1047201,3483,18,0
1047201,3250,19,0
1047201,3249,20,0
1047201,3247,21,0
1047201,5750,22,0
1047201,5700,23,0
1047201,5657,24,0
1047201,5655,25,0
1047201,5373,26,0
1047201,4433,27,0
1047201,3304,28,0
1047201,3306,29,0
1047201,3312,30,0
1047201,3310,31,0
1047201,3722,32,0
1047201,4366,33,0
1047201,3726,34,0
1047201,3437,35,0
1047201,3978,36,0
1047201,3285,37,0
1047201,3283,38,0
1047201,5897,39,0
1047201,5415,40,0
1047201,5414,41,1
1047300,5412,1,0
1047300,3282,2,0
1047300,3171,3,0
1047300,4370,4,0
1047300,3727,5,0
1047300,3725,6,0
1047300,3723,7,0
1047300,3721,8,0
1047300,3309,9,0
1047300,3311,10,0
1047300,3305,11,0
1047300,3303,12,0
1047300,3301,13,0
1047300,3775,14,0
1047300,3774,15,0
1047300,3777,16,0
1047300,3771,17,0
1047300,3399,18,0
1047300,4480,19,0
1047300,3409,20,0
1047300,3405,21,0
1047300,3403,22,0
1047300,3400,23,0
1047300,4447,24,0
1047300,4446,25,0
1047300,4292,26,0
1047300,3441,27,0
1047300,3440,28,0
1047300,3985,29,0
1047300,3717,30,0
1047300,4108,31,0
1047300,4107,32,0
1047300,3998,33,0
1047300,3433,34,0
1047300,3435,35,0
1047300,3616,36,0
1047300,5846,37,0
1047300,3926,38,0
1047300,3928,39,0
1047300,3755,40,0
1047300,5847,41,0
1047300,3731,42,0
1047300,3732,43,0
1047300,3736,44,0
1047300,5908,45,1
1047301,5908,1,0
1047301,3733,2,0
1047301,3754,3,0
1047301,3925,4,0
1047301,3927,5,0
1047301,5848,6,0
1047301,3619,7,0
1047301,3438,8,0
1047301,3431,9,0
1047301,3996,10,0
1047301,3997,11,0
1047301,3430,12,0
1047301,3436,13,0
1047301,3432,14,0
1047301,3439,15,0
1047301,4293,16,0
1047301,4445,17,0
1047301,3407,18,0
1047301,3401,19,0
1047301,3402,20,0
1047301,3406,21,0
1047301,3410,22,0
1047301,4227,23,0
1047301,3772,24,0
1047301,3778,25,0
1047301,3773,26,0
1047301,3776,27,0
1047301,3302,28,0
1047301,3304,29,0
1047301,3306,30,0
1047301,3312,31,0
1047301,3310,32,0
1047301,3722,33,0
1047301,4366,34,0
1047301,3726,35,0
1047301,3437,36,0
1047301,3978,37,0
1047301,3285,38,0
1047301,3283,39,0
1047301,5897,40,1
1047400,5453,1,0
1047400,4064,2,0
1047400,4056,3,0
1047400,4058,4,0
1047400,4060,5,0
1047400,4066,6,0
1047400,4045,7,0
1047400,4047,8,0
1047400,4049,9,0
1047400,4051,10,0
1047400,4052,11,0
1047400,3969,12,0
1047400,4062,13,0
1047400,4042,14,0
1047400,3051,15,0
1047400,3918,16,0
1047400,3914,17,0
1047400,3546,18,0
1047400,3541,19,0
1047400,3544,20,0
1047400,3542,21,0
1047400,4149,22,0
1047400,4140,23,0
1047400,4162,24,0
1047400,5903,25,0
1047400,4076,26,0
1047400,3787,27,0
1047400,3991,28,0
1047400,4328,29,0
1047400,4379,30,0
1047400,4378,31,0
1047400,3992,32,0
1047400,3532,33,0
1047400,3737,34,0
1047400,5907,35,0
1047400,3733,36,0
1047400,3754,37,0
1047400,5852,38,0
1047400,3700,39,0
1047400,3709,40,0
1047400,3706,41,0
1047400,3708,42,0
1047400,3713,43,0
1047400,3904,44,1
1047401,3904,1,0
1047401,3596,2,0
1047401,3602,3,0
1047401,3598,4,0
1047401,5853,5,0
1047401,5854,6,0
1047401,5428,7,0
1047401,3644,8,0
1047401,3641,9,0
1047401,3734,10,0
1047401,3731,11,0
1047401,3732,12,0
1047401,3736,13,0
1047401,5908,14,0
1047401,3735,15,0
1047401,3531,16,0
1047401,3993,17,0
1047401,4374,18,0
1047401,4375,19,0
1047401,4329,20,0
1047401,3990,21,0
1047401,4343,22,0
1047401,4077,23,0
1047401,4078,24,0
1047401,5742,25,0
1047401,5741,26,0
1047401,5904,27,0
1047401,4163,28,0
1047401,4154,29,0
1047401,3543,30,0
1047401,3545,31,0
1047401,5851,32,0
1047401,3547,33,0
1047401,3917,34,0
1047401,3056,35,0
1047401,4043,36,0
1047401,4041,37,0
1047401,4061,38,0
1047401,4371,39,0
1047401,4053,40,0
1047401,4050,41,0
1047401,4048,42,0
1047401,4046,43,0
1047401,4044,44,0
1047401,5824,45,0
1047401,4065,46,0
1047401,4059,47,0
1047401,4057,48,0
1047401,4055,49,0
1047401,3688,50,0
1047401,3504,51,0
1047401,3505,52,0
1047401,3512,53,0
1047401,3509,54,0
1047401,5453,55,1
1047500,5415,1,0
1047500,3199,2,0
1047500,3201,3,0
1047500,3287,4,0
1047500,3523,5,0
1047500,3273,6,0
1047500,5380,7,0
1047500,5381,8,0
1047500,3479,9,0
1047500,3274,10,0
1047500,5379,11,0
1047500,4221,12,0
1047500,4220,13,0
1047500,3793,14,0
1047500,3538,15,0
1047500,4266,16,0
1047500,4006,17,0
1047500,4007,18,0
1047500,4008,19,0
1047500,4009,20,0
1047500,3812,21,0
1047500,3808,22,0
1047500,3811,23,0
1047500,3299,24,0
1047500,3459,25,0
1047500,4216,26,0
1047500,3460,27,0
1047500,5602,28,1
1047501,5602,1,0
1047501,3710,2,0
1047501,4372,3,0
1047501,3485,4,0
1047501,3809,5,0
1047501,3296,6,0
1047501,3999,7,0
1047501,3300,8,0
1047501,3801,9,0
1047501,3803,10,0
1047501,3805,11,0
1047501,4380,12,0
1047501,4382,13,0
1047501,4441,14,0
1047501,4381,15,0
1047501,3810,16,0
1047501,3522,17,0
1047501,3520,18,0
1047501,5416,19,0
1047501,4093,20,0
1047501,4263,21,0
1047501,4434,22,0
1047501,3728,23,0
1047501,3729,24,0
1047501,5382,25,0
1047501,3697,26,0
1047501,3477,27,0
1047501,3683,28,0
1047501,5373,29,0
1047501,3289,30,0
1047501,3290,31,0
1047501,3209,32,0
1047501,3202,33,0
1047501,3200,34,0
1047501,3283,35,0
1047501,5415,36,1
1047600,5913,1,0
1047600,3164,2,0
1047600,5413,3,1
1047601,3164,1,0
1047601,5913,2,1
1047700,5904,1,0
1047700,4163,2,0
1047700,4154,3,0
1047700,4155,4,0
1047700,4142,5,0
1047700,4125,6,0
1047700,4123,7,0
1047700,4120,8,0
1047700,4118,9,0
1047700,4147,10,0
1047700,4136,11,0
1047700,4134,12,0
1047700,4132,13,0
1047700,4131,14,0
1047700,4127,15,0
1047700,4152,16,0
1047700,4145,17,0
1047700,4143,18,0
1047700,4137,19,0
1047700,3370,20,0
1047700,5678,21,0
1047700,5676,22,0
1047700,5680,23,0
1047700,5682,24,0
1047700,5485,25,0
1047700,5683,26,0
1047700,3466,27,0
1047700,5626,28,0
1047700,5483,29,0
1047700,5532,30,0
1047700,5531,31,0
1047700,5675,32,0
1047700,5674,33,0
1047700,5520,34,0
1047700,5554,35,0
1047700,4345,36,0
1047700,5333,37,0
1047700,3714,38,1
1047701,3714,1,0
1047701,3715,2,0
1047701,3716,3,0
1047701,3719,4,0
1047701,5475,5,0
1047701,5476,6,0
1047701,5482,7,0
1047701,3465,8,0
1047701,5681,9,0
1047701,5679,10,0
1047701,4156,11,0
1047701,5677,12,0
1047701,4150,13,0
1047701,4138,14,0
1047701,4144,15,0
1047701,4146,16,0
1047701,4153,17,0
1047701,4128,18,0
1047701,4130,19,0
1047701,4133,20,0
1047701,5518,21,0
1047701,4135,22,0
1047701,4148,23,0
1047701,4119,24,0
1047701,4121,25,0
1047701,4124,26,0
1047701,4126,27,0
1047701,4141,28,0
1047701,4139,29,0
1047701,4149,30,0
1047701,4140,31,0
1047701,4162,32,0
1047701,5904,33,1
1047800,5909,1,0
1047800,5751,2,0
1047800,3372,3,0
1047800,3382,4,0
1047800,3378,5,0
1047800,3389,6,0
1047800,5429,7,0
1047800,3375,8,0
1047800,3374,9,0
1047800,3366,10,0
1047800,3386,11,0
1047800,5757,12,0
1047800,5744,13,0
1047800,5745,14,0
1047800,5746,15,0
1047800,4030,16,0
1047800,3911,17,0
1047800,4472,18,0
1047800,3910,19,0
1047800,3909,20,0
1047800,5747,21,0
1047800,5748,22,0
1047800,5749,23,0
1047800,4479,24,0
1047800,4417,25,0
1047800,4416,26,0
1047800,4413,27,0
1047800,4414,28,0
1047800,3001,29,0
1047800,3003,30,0
1047800,4228,31,0
1047800,4229,32,0
1047800,4231,33,0
1047800,4232,34,0
1047800,3007,35,0
1047800,3006,36,0
1047800,5427,37,0
1047800,4078,38,0
1047800,5742,39,0
1047800,5741,40,0
1047800,5904,41,1
1047801,5904,1,0
1047801,5391,2,0
1047801,5392,3,0
1047801,5393,4,0
1047801,3008,5,0
1047801,3005,6,0
1047801,4234,7,0
1047801,4230,8,0
1047801,3002,9,0
1047801,3004,10,0
1047801,4410,11,0
1047801,4411,12,0
1047801,4412,13,0
1047801,4415,14,0
1047801,4418,15,0
1047801,4033,16,0
1047801,4035,17,0
1047801,4031,18,0
1047801,5458,19,0
1047801,5459,20,0
1047801,5460,21,0
1047801,5461,22,0
1047801,4196,23,0
1047801,4199,24,0
1047801,4197,25,0
1047801,4198,26,0
1047801,3822,27,0
1047801,3387,28,0
1047801,3367,29,0
1047801,3379,30,0
1047801,3376,31,0
1047801,3365,32,0
1047801,3377,33,0
1047801,3381,34,0
1047801,3371,35,0
1047801,5909,36,1
1047900,5910,1,0
1047900,3380,2,0
1047900,3369,3,0
1047900,3579,4,0
1047900,3429,5,0
1047900,5432,6,0
1047900,5433,7,0
1047900,5434,8,0
1047900,5435,9,0
1047900,5821,10,0
1047900,3829,11,0
1047900,5726,12,0
1047900,5906,13,0
1047900,5855,14,0
1047900,3844,15,0
1047900,5856,16,0
1047900,5857,17,0
1047900,3639,18,0
1047900,3631,19,0
1047900,4010,20,0
1047900,4011,21,0
1047900,4013,22,0
1047900,3688,23,0
1047900,4337,24,0
1047900,5859,25,0
1047900,3885,26,0
1047900,3889,27,0
1047900,3888,28,0
1047900,3886,29,0
1047900,3884,30,0
1047900,3898,31,0
1047900,3895,32,0
1047900,3892,33,0
1047900,3891,34,0
1047900,3074,35,0
1047900,3075,36,0
1047900,3076,37,0
1047900,3159,38,0
1047900,5412,39,1
1047901,5897,1,0
1047901,3078,2,0
1047901,3077,3,0
1047901,3890,4,0
1047901,3893,5,0
1047901,3220,6,0
1047901,3896,7,0
1047901,3897,8,0
1047901,3024,9,0
1047901,3026,10,0
1047901,3027,11,0
1047901,3028,12,0
1047901,5456,13,0
1047901,3986,14,0
1047901,3157,15,0
1047901,4167,16,0
1047901,4081,17,0
1047901,4168,18,0
1047901,3638,19,0
1047901,3632,20,0
1047901,3640,21,0
1047901,3626,22,0
1047901,3634,23,0
1047901,3636,24,0
1047901,5858,25,0
1047901,3878,26,0
1047901,3970,27,0
1047901,5905,28,0
1047901,3873,29,0
1047901,3875,30,0
1047901,3874,31,0
1047901,3872,32,0
1047901,3871,33,0
1047901,3422,34,0
1047901,5721,35,0
1047901,3578,36,0
1047901,3390,37,0
1047901,3368,38,0
1047901,3383,39,0
1047901,3388,40,0
1047901,5910,41,1
1048000,3164,1,0
1048000,3078,2,0
1048000,3077,3,0
1048000,4484,4,0
1048000,4485,5,0
1048000,4486,6,0
1048000,3984,7,0
1048000,5524,8,1
1048001,4484,1,0
1048001,4485,2,0
1048001,4486,3,0
1048001,3984,4,0
1048001,5524,5,0
1048001,5490,6,0
1048001,3885,7,0
1048001,3074,8,0
1048001,3075,9,0
1048001,3076,10,0
1048001,3159,11,0
1048001,5898,12,1
1048101,3704,1,0
1048101,3701,2,0
1048101,3705,3,0
1048101,3702,4,0
1048101,3703,5,0
1048101,5763,6,0
1048101,4304,7,0
1048101,4095,8,0
1048101,4105,9,0
1048101,4103,10,0
1048101,4101,11,0
1048101,4097,12,0
1048101,4410,13,0
1048101,5742,14,0
1048101,5741,15,0
1048101,5903,16,1
1048200,3164,1,0
1048200,3143,2,0
1048200,3160,3,0
1048200,3162,4,0
1048200,4324,5,0
1048200,4325,6,0
1048200,4326,7,0
1048200,4314,8,0
1048200,3241,9,0
1048200,3222,10,0
1048200,3224,11,0
1048200,3225,12,0
1048200,3229,13,0
1048200,3232,14,0
1048200,3622,15,0
1048200,3240,16,0
1048200,3233,17,0
1048200,3237,18,0
1048200,4005,19,0
1048200,4015,20,0
1048200,3690,21,0
1048200,3691,22,0
1048200,3692,23,0
1048200,4129,24,0
1048200,3262,25,0
1048200,3261,26,0
1048200,3551,27,0
1048200,4071,28,0
1048200,3236,29,0
1048200,4354,30,0
1048200,4316,31,0
1048200,4368,32,0
1048200,4320,33,0
1048200,4305,34,0
1048200,4307,35,0
1048200,4373,36,0
1048200,4321,37,0
1048200,5770,38,0
1048200,3526,39,0
1048200,3948,40,0
1048200,4176,41,0
1048200,4178,42,0
1048200,3907,43,0
1048200,5911,44,1
1048201,5912,1,0
1048201,4179,2,0
1048201,4177,3,0
1048201,4175,4,0
1048201,3527,5,0
1048201,3525,6,0
1048201,3524,7,0
1048201,3912,8,0
1048201,3913,9,0
1048201,3257,10,0
1048201,3255,11,0
1048201,3256,12,0
1048201,3258,13,0
1048201,4282,14,0
1048201,3490,15,0
1048201,3503,16,0
1048201,3263,17,0
1048201,3260,18,0
1048201,3259,19,0
1048201,3689,20,0
1048201,3685,21,0
1048201,3264,22,0
1048201,4019,23,0
1048201,4018,24,0
1048201,3235,25,0
1048201,3238,26,0
1048201,3234,27,0
1048201,3239,28,0
1048201,3231,29,0
1048201,3230,30,0
1048201,3228,31,0
1048201,3226,32,0
1048201,3223,33,0
1048201,3221,34,0
1048201,4315,35,0
1048201,4313,36,0
1048201,5608,37,0
1048201,4312,38,0
1048201,4311,39,0
1048201,4310,40,0
1048201,3163,41,0
1048201,3161,42,0
1048201,3159,43,0
1048201,5902,44,1
1048300,3459,1,0
1048300,3461,2,0
1048300,4164,3,0
1048300,4029,4,0
1048300,4028,5,0
1048300,5592,6,0
1048300,4089,7,0
1048300,3346,8,0
1048300,3347,9,0
1048300,4086,10,0
1048300,4087,11,0
1048300,5584,12,0
1048300,5590,13,0
1048300,5589,14,0
1048300,5588,15,1
1048301,5588,1,0
1048301,5587,2,0
1048301,5586,3,0
1048301,5585,4,0
1048301,4213,5,0
1048301,5581,6,0
1048301,5579,7,0
1048301,5577,8,0
1048301,5575,9,0
1048301,5573,10,0
1048301,3804,11,0
1048301,4381,12,0
1048301,4440,13,0
1048301,5866,14,0
1048301,3802,15,0
1048301,3812,16,0
1048301,3808,17,0
1048301,3811,18,0
1048301,3299,19,0
1048301,3459,20,1
1048400,5904,1,0
1048400,4076,2,0
1048400,4077,3,0
1048400,3008,4,0
1048400,3005,5,0
1048400,5391,6,0
1048400,5392,7,0
1048400,3001,8,0
1048400,3003,9,0
1048400,4228,10,0
1048400,4229,11,0
1048400,4231,12,0
1048400,4232,13,0
1048400,4233,14,0
1048400,4235,15,0
1048400,4236,16,0
1048400,4239,17,0
1048400,3013,18,0
1048400,3019,19,0
1048400,3011,20,0
1048400,3021,21,0
1048400,4352,22,0
1048400,4407,23,0
1048400,4408,24,0
1048400,4409,25,0
1048400,4404,26,0
1048400,5773,27,0
1048400,4457,28,0
1048400,4458,29,0
1048400,4460,30,0
1048400,4309,31,0
1048400,5888,32,1
1048401,5888,1,0
1048401,5889,2,0
1048401,5872,3,0
1048401,5605,4,0
1048401,4460,5,0
1048401,3023,6,0
1048401,3015,7,0
1048401,3020,8,0
1048401,3022,9,0
1048401,3010,10,0
1048401,4241,11,0
1048401,4240,12,0
1048401,4237,13,0
1048401,3007,14,0
1048401,3006,15,0
1048401,5427,16,0
1048401,4078,17,0
1048401,4234,18,0
1048401,4230,19,0
1048401,3002,20,0
1048401,4410,21,0
1048401,5742,22,0
1048401,5741,23,0
1048401,5904,24,1
1048500,5904,1,0
1048500,5391,2,0
1048500,5392,3,0
1048500,4161,4,0
1048500,4106,5,0
1048500,4096,6,0
1048500,4100,7,0
1048500,4102,8,0
1048500,4104,9,0
1048500,3623,10,0
1048500,4358,11,0
1048500,4432,12,0
1048500,5595,13,0
1048500,3696,14,0
1048500,3929,15,0
1048500,3813,16,0
1048500,4281,17,0
1048500,3152,18,0
1048500,3153,19,0
1048500,3149,20,0
1048500,4160,21,0
1048500,4194,22,0
1048500,3155,23,0
1048500,3156,24,0
1048500,3617,25,0
1048500,3900,26,0
1048500,3901,27,0
1048500,3902,28,0
1048500,5491,29,0
1048500,5493,30,0
1048500,5497,31,0
1048500,5705,32,0
1048500,4195,33,1
1048501,5705,1,0
1048501,5707,2,0
1048501,5709,3,0
1048501,3482,4,0
1048501,3481,5,0
1048501,3921,6,0
1048501,3137,7,0
1048501,4195,8,0
1048501,4254,9,0
1048501,4327,10,0
1048501,3148,11,0
1048501,3286,12,0
1048501,3307,13,0
1048501,3694,14,0
1048501,3695,15,0
1048501,5599,16,0
1048501,5763,17,0
1048501,4304,18,0
1048501,4095,19,0
1048501,4105,20,0
1048501,4103,21,0
1048501,4101,22,0
1048501,4097,23,0
1048501,4410,24,0
1048501,5742,25,0
1048501,5741,26,0
1048501,5904,27,1
1048600,4318,1,0
1048600,4098,2,0
1048600,3283,3,0
1048600,5897,4,0
1048600,3143,5,0
1048600,3160,6,0
1048600,3162,7,0
1048600,4325,8,0
1048600,4314,9,0
1048600,5373,10,0
1048600,3532,11,0
1048600,3737,12,0
1048600,5907,13,0
1048600,3733,14,0
1048600,3754,15,0
1048600,3925,16,0
1048600,3927,17,0
1048600,5848,18,0
1048600,3618,19,0
1048600,3752,20,0
1048600,3700,21,0
1048600,3709,22,0
1048600,3706,23,0
1048600,3708,24,0
1048600,3713,25,0
1048600,3904,26,1
1048601,3904,1,0
1048601,3596,2,0
1048601,3602,3,0
1048601,3598,4,0
1048601,5853,5,0
1048601,5854,6,0
1048601,5428,7,0
1048601,3644,8,0
1048601,3641,9,0
1048601,3734,10,0
1048601,3731,11,0
1048601,3732,12,0
1048601,3736,13,0
1048601,5908,14,0
1048601,3735,15,0
1048601,3531,16,0
1048601,5372,17,0
1048601,4315,18,0
1048601,4312,19,0
1048601,4318,20,0
1048601,4098,21,0
1048601,3283,22,0
1048601,5897,23,0
1048601,5415,24,1
1049000,3890,1,0
1049000,3893,2,0
1049000,3896,3,0
1049000,3897,4,0
1049000,3179,5,0
1049000,3182,6,0
1049000,4302,7,0
1049000,3356,8,0
1049000,4301,9,0
1049000,4303,10,0
1049000,3621,11,0
1049000,3630,12,0
1049000,3627,13,0
1049000,3885,14,0
1049000,3889,15,0
1049000,3888,16,0
1049000,3886,17,0
1049000,3983,18,0
1049000,5896,19,0
1049000,3577,20,0
1049000,3574,21,0
1049000,3567,22,0
1049000,3976,23,0
1049000,3563,24,0
1049000,3553,25,0
1049000,3558,26,0
1049000,3569,27,0
1049000,4032,28,0
1049000,3561,29,0
1049000,3572,30,0
1049000,4348,31,0
1049000,3828,32,1
1049001,4348,1,0
1049001,3828,2,0
1049001,3830,3,0
1049001,5726,4,0
1049001,5855,5,0
1049001,3814,6,0
1049001,3568,7,0
1049001,3575,8,0
1049001,3552,9,0
1049001,3557,10,0
1049001,3562,11,0
1049001,3550,12,0
1049001,3548,13,0
1049001,3573,14,0
1049001,5339,15,0
1049001,3179,16,0
1049001,3182,17,0
1049001,4302,18,0
1049001,3356,19,0
1049001,4301,20,0
1049001,4303,21,0
1049001,3621,22,0
1049001,3630,23,0
1049001,3627,24,0
1049001,3885,25,0
1049001,3889,26,0
1049001,3888,27,0
1049001,3886,28,0
1049001,3884,29,0
1049001,3898,30,0
1049001,3895,31,0
1049001,3892,32,0
1049001,3891,33,1
1049100,5792,1,0
1049100,5793,2,0
1049100,3670,3,0
1049100,3133,4,0
1049100,3666,5,0
1049100,3654,6,0
1049100,3664,7,0
1049100,3661,8,0
1049100,3660,9,0
1049100,3658,10,0
1049100,4393,11,0
1049100,3118,12,0
1049100,3116,13,0
1049100,4169,14,0
1049100,3907,15,0
1049100,5911,16,1
1049101,5912,1,0
1049101,4174,2,0
1049101,3652,3,0
1049101,5591,4,0
1049101,3657,5,0
1049101,3659,6,0
1049101,3662,7,0
1049101,3663,8,0
1049101,3653,9,0
1049101,3665,10,0
1049101,3667,11,0
1049101,3669,12,0
1049101,5801,13,0
1049101,5800,14,1
1049301,4052,1,0
1049301,3969,2,0
1049301,4062,3,0
1049301,4042,4,0
1049301,3073,5,0
1049301,3276,6,0
1049301,3279,7,0
1049301,3281,8,0
1049301,5901,9,1
1049400,5593,1,0
1049400,5594,2,0
1049400,3936,3,0
1049400,3939,4,0
1049400,3937,5,0
1049400,3938,6,0
1049400,3934,7,0
1049400,5387,8,0
1049400,3686,9,0
1049400,3933,10,0
1049400,3931,11,0
1049400,3932,12,0
1049400,3790,13,0
1049400,3245,14,0
1049400,3789,15,0
1049400,3580,16,0
1049400,3582,17,0
1049400,3820,18,0
1049400,3579,19,0
1049400,3590,20,0
1049400,3828,21,1
1049600,5910,1,0
1049600,3380,2,0
1049600,3369,3,0
1049600,3579,4,0
1049600,3590,5,0
1049600,3373,6,0
1049600,3554,7,0
1049600,3556,8,0
1049600,3571,9,0
1049600,3559,10,0
1049600,3814,11,0
1049600,3568,12,0
1049600,3575,13,0
1049600,3552,14,0
1049600,3557,15,0
1049600,3562,16,0
1049600,3550,17,1
1049601,3976,1,0
1049601,3563,2,0
1049601,3553,3,0
1049601,3558,4,0
1049601,3569,5,0
1049601,4032,6,0
1049601,3561,7,0
1049601,3572,8,0
1049601,4348,9,0
1049601,5355,10,0
1049601,3578,11,0
1049601,3390,12,0
1049601,3368,13,0
1049601,3383,14,0
1049601,3388,15,0
1049601,5909,16,1
1049700,5593,1,0
1049700,5594,2,0
1049700,3936,3,0
1049700,3939,4,0
1049700,3937,5,0
1049700,3938,6,0
1049700,3934,7,0
1049700,5387,8,0
1049700,3686,9,0
1049700,3933,10,0
1049700,3931,11,0
1049700,3932,12,0
1049700,3790,13,0
1049700,3245,14,0
1049700,3789,15,0
1049700,3580,16,0
1049700,3582,17,0
1049700,3820,18,0
1049700,3579,19,0
1049700,3590,20,0
1049700,3373,21,0
1049700,3554,22,0
1049700,3556,23,1
1049701,4348,1,0
1049701,5355,2,0
1049701,3578,3,0
1049701,5845,4,0
1049701,5593,5,0
1049701,5594,6,0
1049701,3936,7,0
1049701,3939,8,0
1049701,3937,9,0
1049701,3938,10,0
1049701,3934,11,0
1049701,5387,12,0
1049701,3686,13,0
1049701,3933,14,0
1049701,3931,15,0
1049701,3932,16,0
1049701,3790,17,0
1049701,3245,18,0
1049701,3789,19,0
1049701,3580,20,0
1049701,3582,21,0
1049701,3820,22,1
1049800,4318,1,0
1049800,4098,2,0
1049800,3283,3,0
1049800,5897,4,0
1049800,3143,5,0
1049800,3160,6,0
1049800,3162,7,0
1049800,4325,8,0
1049800,4314,9,0
1049800,5373,10,0
1049800,3532,11,0
1049800,3737,12,0
1049800,5907,13,0
1049800,3733,14,0
1049800,3730,15,0
1049800,4423,16,0
1049800,4424,17,0
1049800,3646,18,0
1049800,3643,19,0
1049800,3645,20,0
1049800,3648,21,0
1049800,3671,22,0
1049800,3395,23,0
1049800,3396,24,0
1049800,3393,25,0
1049800,3601,26,0
1049800,3594,27,0
1049800,3591,28,1
1049801,3591,1,0
1049801,3597,2,0
1049801,3593,3,0
1049801,3903,4,0
1049801,5891,5,0
1049801,5892,6,0
1049801,5893,7,0
1049801,3734,8,0
1049801,3731,9,0
1049801,3732,10,0
1049801,3736,11,0
1049801,5908,12,0
1049801,3735,13,0
1049801,3531,14,0
1049801,5372,15,0
1049801,4315,16,0
1049801,4312,17,0
1049801,4318,18,1
1049900,5744,1,0
1049900,5745,2,0
1049900,5746,3,0
1049900,4030,4,0
1049900,3911,5,0
1049900,4472,6,0
1049900,3910,7,0
1049900,3909,8,0
1049900,5747,9,0
1049900,5748,10,0
1049900,5749,11,0
1049900,4479,12,0
1049900,3001,13,0
1049900,3003,14,0
1049900,4228,15,0
1049900,4229,16,0
1049900,4231,17,0
1049900,4232,18,0
1049900,4233,19,0
1049900,4235,20,0
1049900,4236,21,0
1049900,4239,22,0
1049900,3013,23,0
1049900,3019,24,0
1049900,3011,25,0
1049900,3021,26,0
1049900,5781,27,0
1049900,5873,28,1
1049901,5873,1,0
1049901,3020,2,0
1049901,3022,3,0
1049901,3010,4,0
1049901,4241,5,0
1049901,4240,6,0
1049901,4237,7,0
1049901,4234,8,0
1049901,4230,9,0
1049901,3002,10,0
1049901,3004,11,0
1049901,4410,12,0
1049901,4033,13,0
1049901,4035,14,0
1049901,4031,15,0
1049901,5458,16,0
1049901,5459,17,0
1049901,5460,18,0
1049901,5461,19,0
1049901,4196,20,0
1049901,4199,21,0
1049901,4197,22,0
1049901,4198,23,0
1049901,3822,24,0
1049901,3387,25,0
1049901,3367,26,0
1049901,3379,27,0
1049901,3376,28,0
1049901,3365,29,0
1049901,3377,30,0
1049901,3381,31,0
1049901,3371,32,0
1049901,5909,33,1
1050000,5902,1,0
1050000,5378,2,1
1050001,5378,1,0
1050001,5413,2,1
1050100,5899,1,0
1050100,3282,2,0
1050100,3170,3,0
1050100,3172,4,0
1050100,3173,5,0
1050100,3175,6,0
1050100,3186,7,0
1050100,4162,8,0
1050100,5904,9,0
1050100,5391,10,0
1050100,5392,11,0
1050100,4161,12,0
1050100,5569,13,0
1050100,5596,14,0
1050100,3992,15,0
1050100,5598,16,0
1050100,5781,17,0
1050100,5775,18,0
1050100,5344,19,0
1050100,5713,20,0
1050100,3900,21,0
1050100,3901,22,0
1050100,3902,23,0
1050100,5491,24,0
1050100,5493,25,0
1050100,5497,26,0
1050100,5705,27,1
1050101,5705,1,0
1050101,5707,2,0
1050101,5709,3,0
1050101,3482,4,0
1050101,3481,5,0
1050101,3484,6,0
1050101,5868,7,1
1050200,5899,1,0
1050200,3282,2,0
1050200,3170,3,0
1050200,3172,4,0
1050200,3173,5,0
1050200,3175,6,0
1050200,3186,7,0
1050200,4162,8,0
1050200,5904,9,0
1050200,5391,10,0
1050200,5392,11,0
1050200,4161,12,0
1050200,5569,13,0
1050200,5596,14,0
1050200,3992,15,0
1050200,5598,16,0
1050200,5781,17,0
1050200,5775,18,0
1050200,5344,19,0
1050200,5774,20,0
1050200,5526,21,0
1050200,4289,22,0
1050200,4290,23,0
1050200,4291,24,0
1050200,4296,25,0
1050200,3454,26,0
1050200,3457,27,0
1050200,3458,28,1
1050201,3458,1,0
1050201,5867,2,0
1050201,4255,3,0
1050201,4253,4,0
1050201,5363,5,0
1050201,5868,6,1
1050300,5899,1,0
1050300,3282,2,0
1050300,3170,3,0
1050300,3172,4,0
1050300,3173,5,0
1050300,3175,6,0
1050300,3186,7,0
1050300,4162,8,0
1050300,5904,9,0
1050300,5391,10,0
1050300,5392,11,0
1050300,4161,12,0
1050300,5569,13,0
1050300,5596,14,0
1050300,3992,15,0
1050300,5598,16,0
1050300,5781,17,0
1050300,5775,18,0
1050300,5344,19,0
1050300,5371,20,0
1050300,5863,21,0
1050300,3018,22,0
1050300,3963,23,0
1050300,3960,24,0
1050300,5894,25,0
1050300,4363,26,0
1050300,4451,27,0
1050300,4452,28,0
1050300,4453,29,0
1050300,4454,30,0
1050300,4455,31,0
1050300,4463,32,1
1050301,4463,1,0
1050301,4464,2,0
1050301,4465,3,0
1050301,4466,4,0
1050301,5601,5,0
1050301,5603,6,0
1050301,5604,7,0
1050301,5895,8,0
1050301,5498,9,0
1050301,5890,10,0
1050301,5868,11,1
1050400,5904,1,0
1050400,5391,2,0
1050400,5392,3,0
1050400,4161,4,0
1050400,5557,5,0
1050400,3877,6,0
1050400,3348,7,0
1050400,3361,8,0
1050400,3196,9,0
1050400,5875,10,0
1050400,5877,11,0
1050400,4022,12,0
1050400,4295,13,0
1050400,4300,14,0
1050400,5593,15,0
1050400,5594,16,0
1050400,3936,17,0
1050400,3939,18,0
1050400,3937,19,0
1050400,3938,20,0
1050400,3934,21,1
1050401,3934,1,0
1050401,5387,2,0
1050401,3529,3,0
1050401,3530,4,0
1050401,3528,5,0
1050401,3789,6,0
1050401,3580,7,0
1050401,3582,8,0
1050401,3820,9,0
1050401,3817,10,0
1050401,3823,11,0
1050401,4364,12,0
1050401,3819,13,0
1050401,3629,14,0
1050401,3343,15,0
1050401,3975,16,0
1050401,3605,17,0
1050401,5556,18,0
1050401,5742,19,0
1050401,5741,20,0
1050401,5904,21,1
1050700,5898,1,0
1050700,4314,2,0
1050700,5649,3,0
1050700,3804,4,0
1050700,4440,5,0
1050700,5866,6,0
1050700,3802,7,0
1050700,3812,8,0
1050700,3808,9,0
1050700,3811,10,0
1050700,3299,11,0
1050700,3459,12,0
1050700,4216,13,0
1050700,3460,14,0
1050700,5602,15,0
1050700,4164,16,0
1050700,4029,17,0
1050700,4028,18,0
1050700,5592,19,0
1050700,4089,20,0
1050700,3346,21,0
1050700,3347,22,0
1050700,4086,23,0
1050700,4087,24,0
1050700,5584,25,0
1050700,5590,26,0
1050700,5589,27,0
1050700,5588,28,1
1050701,5898,1,0
1050701,3532,2,0
1050701,5907,3,0
1050701,3735,4,0
1050701,3812,5,0
1050701,3808,6,0
1050701,3811,7,0
1050701,3299,8,0
1050701,3809,9,0
1050701,3296,10,0
1050701,3999,11,0
1050701,3300,12,0
1050701,3801,13,0
1050701,3803,14,0
1050701,3805,15,0
1050701,4380,16,0
1050701,4382,17,0
1050701,4441,18,0
1050701,4381,19,1
1051000,5904,1,0
1051000,5391,2,0
1051000,5392,3,0
1051000,4161,4,0
1051000,5557,5,0
1051000,3877,6,0
1051000,3348,7,0
1051000,3361,8,0
1051000,3196,9,0
1051000,5875,10,0
1051000,5877,11,0
1051000,4022,12,0
1051000,4295,13,0
1051000,4300,14,0
1051000,3818,15,0
1051000,4223,16,0
1051000,4224,17,0
1051000,4225,18,0
1051000,3686,19,0
1051000,3933,20,0
1051000,3931,21,0
1051000,3932,22,0
1051000,5882,23,0
1051000,5883,24,0
1051000,5884,25,0
1051000,4246,26,0
1051000,4248,27,1
1051001,4248,1,0
1051001,5452,2,0
1051001,3243,3,0
1051001,3244,4,0
1051001,3790,5,0
1051001,3245,6,0
1051001,3789,7,0
1051001,3580,8,0
1051001,3582,9,0
1051001,3820,10,0
1051001,3817,11,0
1051001,3823,12,0
1051001,4364,13,0
1051001,3819,14,0
1051001,3629,15,0
1051001,3343,16,0
1051001,3975,17,0
1051001,3605,18,0
1051001,5556,19,0
1051001,5742,20,0
1051001,5741,21,0
1051001,5904,22,1
1051500,4208,1,0
1051500,4203,2,0
1051500,4210,3,0
1051500,4205,4,0
1051500,3277,5,0
1051500,4200,6,0
1051500,3907,7,0
1051500,5912,8,0
1051500,4174,9,0
1051500,3142,10,0
1051500,3136,11,0
1051500,3132,12,0
1051500,3128,13,0
1051500,3968,14,0
1051500,5835,15,0
1051500,5837,16,0
1051500,3140,17,0
1051500,3076,18,0
1051500,3159,19,0
1051500,5902,20,0
1051500,3282,21,0
1051500,3170,22,0
1051500,3172,23,0
1051500,3173,24,0
1051500,3175,25,0
1051500,3186,26,0
1051500,4162,27,0
1051500,5903,28,1
1051501,5903,1,0
1051501,4163,2,0
1051501,3187,3,0
1051501,3176,4,0
1051501,3174,5,0
1051501,3285,6,0
1051501,3283,7,0
1051501,5900,8,0
1051501,3126,9,0
1051501,3138,10,0
1051501,3139,11,0
1051501,5830,12,0
1051501,5876,13,0
1051501,3017,14,0
1051501,3127,15,0
1051501,3131,16,0
1051501,3135,17,0
1051501,3141,18,0
1051501,4169,19,0
1051501,3907,20,0
1051501,5911,21,0
1051501,4179,22,0
1051501,4177,23,0
1051501,4175,24,0
1051501,3947,25,0
1051501,3946,26,0
1051501,3955,27,0
1051501,3951,28,0
1051501,3952,29,0
1051501,3585,30,0
1051501,3583,31,0
1051501,4208,32,1
1051600,5465,1,0
1051600,5661,2,0
1051600,5660,3,0
1051600,5664,4,0
1051600,5625,5,0
1051600,4169,6,0
1051600,3907,7,0
1051600,5912,8,0
1051600,4174,9,0
1051600,3142,10,0
1051600,3136,11,0
1051600,3132,12,0
1051600,3128,13,0
1051600,3968,14,0
1051600,5835,15,0
1051600,5837,16,0
1051600,3140,17,0
1051600,3076,18,0
1051600,3159,19,0
1051600,5902,20,0
1051600,3282,21,0
1051600,3170,22,0
1051600,3172,23,0
1051600,3173,24,0
1051600,3175,25,0
1051600,3186,26,0
1051600,4162,27,0
1051600,5903,28,0
1051600,5911,29,0
1051600,5900,30,1
1051601,5911,1,0
1051601,4174,2,0
1051601,4362,3,0
1051601,5662,4,0
1051601,5465,5,1
1051700,4243,1,0
1051700,4244,2,0
1051700,4242,3,0
1051700,3114,4,0
1051700,3120,5,0
1051700,3124,6,0
1051700,4249,7,0
1051700,4202,8,0
1051700,4422,9,0
1051700,3907,10,0
1051700,5912,11,0
1051700,4174,12,0
1051700,3142,13,0
1051700,3136,14,0
1051700,3132,15,0
1051700,3128,16,0
1051700,3968,17,0
1051700,5835,18,0
1051700,5837,19,0
1051700,3140,20,0
1051700,3076,21,0
1051700,3159,22,0
1051700,5902,23,0
1051700,3282,24,0
1051700,3170,25,0
1051700,3172,26,0
1051700,3173,27,0
1051700,3175,28,0
1051700,3186,29,0
1051700,4162,30,0
1051700,5903,31,0
1051700,5900,32,1
1051701,5903,1,0
1051701,4163,2,0
1051701,3187,3,0
1051701,3176,4,0
1051701,3174,5,0
1051701,3285,6,0
1051701,3283,7,0
1051701,5900,8,0
1051701,3126,9,0
1051701,3138,10,0
1051701,3139,11,0
1051701,5830,12,0
1051701,5876,13,0
1051701,3017,14,0
1051701,3127,15,0
1051701,3131,16,0
1051701,3135,17,0
1051701,3141,18,0
1051701,4169,19,0
1051701,3907,20,0
1051701,5911,21,0
1051701,4174,22,0
1051701,3069,23,0
1051701,4247,24,0
1051701,5862,25,0
1051701,3117,26,0
1051701,4069,27,0
1051701,3119,28,0
1051701,4072,29,0
1051701,4338,30,0
1051701,4334,31,0
1051701,4335,32,0
1051701,5426,33,0
1051701,5864,34,0
1051701,3798,35,0
1051701,3800,36,0
1051701,3799,37,0
1051701,4212,38,0
1051701,3745,39,0
1051701,4243,40,1
1051800,5533,1,0
1051800,5535,2,0
1051800,5537,3,0
1051800,4080,4,0
1051800,4082,5,0
1051800,4083,6,0
1051800,4084,7,0
1051800,5633,8,0
1051800,5631,9,0
1051800,5517,10,0
1051800,5552,11,0
1051800,5538,12,0
1051800,4284,13,0
1051800,4283,14,0
1051800,5767,15,0
1051800,5710,16,0
1051800,5711,17,0
1051800,3851,18,0
1051800,5718,19,0
1051800,5719,20,0
1051800,4178,21,0
1051800,3907,22,0
1051800,5911,23,1
1051801,5903,1,0
1051801,4163,2,0
1051801,3187,3,0
1051801,3176,4,0
1051801,3174,5,0
1051801,3285,6,0
1051801,3283,7,0
1051801,5900,8,0
1051801,3126,9,0
1051801,3138,10,0
1051801,3139,11,0
1051801,5830,12,0
1051801,5876,13,0
1051801,3017,14,0
1051801,3127,15,0
1051801,3131,16,0
1051801,3135,17,0
1051801,3141,18,0
1051801,4169,19,0
1051801,3907,20,0
1051801,5911,21,0
1051801,4179,22,0
1051801,4177,23,0
1051801,5720,24,0
1051801,3849,25,0
1051801,5723,26,0
1051801,5724,27,0
1051801,5725,28,0
1051801,5712,29,0
1051801,3537,30,0
1051801,3549,31,0
1051801,4265,32,0
1051801,3690,33,0
1051801,3691,34,0
1051801,3692,35,0
1051801,4129,36,0
1051801,4021,37,0
1051801,4023,38,0
1051801,5533,39,1
1051900,4208,1,0
1051900,4203,2,0
1051900,4210,3,0
1051900,4205,4,0
1051900,3277,5,0
1051900,4200,6,0
1051900,3907,7,0
1051900,5912,8,0
1051900,4174,9,0
1051900,3142,10,0
1051900,3136,11,0
1051900,3132,12,0
1051900,3128,13,0
1051900,3968,14,0
1051900,5835,15,0
1051900,5837,16,0
1051900,3140,17,0
1051900,3076,18,0
1051900,3159,19,0
1051900,5902,20,0
1051900,3282,21,0
1051900,3170,22,0
1051900,3172,23,0
1051900,3173,24,0
1051900,3175,25,0
1051900,3186,26,0
1051900,4162,27,0
1051900,5903,28,1
1051901,5903,1,0
1051901,4163,2,0
1051901,3187,3,0
1051901,3176,4,0
1051901,3174,5,0
1051901,3285,6,0
1051901,3283,7,0
1051901,5900,8,0
1051901,3126,9,0
1051901,3138,10,0
1051901,3139,11,0
1051901,5830,12,0
1051901,5876,13,0
1051901,3017,14,0
1051901,3127,15,0
1051901,3131,16,0
1051901,3135,17,0
1051901,3141,18,0
1051901,4169,19,0
1051901,3907,20,0
1051901,5911,21,0
1051901,3908,22,0
1051901,4085,23,0
1051901,4092,24,0
1051901,4090,25,0
1051901,4088,26,0
1051901,4091,27,0
1051901,4094,28,0
1051901,3748,29,0
1051901,3749,30,0
1051901,5703,31,0
1051901,3750,32,0
1051901,4211,33,0
1051901,4208,34,1
1052000,5899,1,0
1052000,3168,2,0
1052000,5839,3,0
1052000,3739,4,0
1052000,5838,5,1
1052001,5838,1,0
1052001,5480,2,0
1052001,4149,3,0
1052001,5865,4,0
1052001,3169,5,0
1052001,5899,6,1
1052100,4287,1,0
1052100,3276,2,0
1052100,3279,3,0
1052100,3281,4,0
1052100,5901,5,0
1052100,3078,6,0
1052100,3077,7,0
1052100,3345,8,0
1052100,3357,9,0
1052100,3333,10,0
1052100,3362,11,0
1052100,3330,12,0
1052100,3339,13,0
1052100,3321,14,0
1052100,3363,15,0
1052100,3349,16,0
1052100,3359,17,0
1052100,3328,18,0
1052100,3341,19,0
1052100,3354,20,0
1052100,5737,21,0
1052100,3351,22,0
1052100,3334,23,0
1052100,4448,24,0
1052100,3323,25,0
1052100,5557,26,0
1052100,5909,27,0
1052100,3380,28,0
1052100,3369,29,0
1052100,3579,30,0
1052100,3590,31,0
1052100,3373,32,0
1052100,3554,33,0
1052100,3556,34,0
1052100,3571,35,0
1052100,3559,36,0
1052100,3814,37,0
1052100,3568,38,0
1052100,4181,39,0
1052100,4183,40,0
1052100,3979,41,0
1052100,4186,42,0
1052100,4191,43,0
1052100,4189,44,0
1052100,4449,45,0
1052100,4188,46,0
1052100,4193,47,0
1052100,5904,48,1
1052101,5904,1,0
1052101,5431,2,0
1052101,4192,3,0
1052101,4187,4,0
1052101,4450,5,0
1052101,4180,6,0
1052101,4190,7,0
1052101,4185,8,0
1052101,4184,9,0
1052101,4182,10,0
1052101,3569,11,0
1052101,4032,12,0
1052101,3561,13,0
1052101,3572,14,0
1052101,4348,15,0
1052101,5355,16,0
1052101,3578,17,0
1052101,3390,18,0
1052101,3368,19,0
1052101,3383,20,0
1052101,3388,21,0
1052101,5910,22,0
1052101,5909,23,1
1052200,4287,1,0
1052200,3276,2,0
1052200,3279,3,0
1052200,3281,4,0
1052200,5901,5,0
1052200,3078,6,0
1052200,3077,7,0
1052200,3345,8,0
1052200,3357,9,0
1052200,3333,10,0
1052200,3362,11,0
1052200,3330,12,0
1052200,3339,13,0
1052200,3321,14,0
1052200,3363,15,0
1052200,3349,16,0
1052200,3359,17,0
1052200,3328,18,0
1052200,3341,19,0
1052200,3354,20,0
1052200,5737,21,0
1052200,3351,22,0
1052200,3334,23,0
1052200,4448,24,0
1052200,3323,25,0
1052200,5557,26,0
1052200,5909,27,0
1052200,5751,28,0
1052200,3372,29,0
1052200,3382,30,0
1052200,3378,31,0
1052200,3389,32,0
1052200,5332,33,0
1052200,3418,34,0
1052200,3425,35,0
1052200,5556,36,0
1052200,3867,37,0
1052200,3855,38,0
1052200,3860,39,0
1052200,3857,40,0
1052200,3863,41,0
1052200,3858,42,0
1052200,3861,43,0
1052200,5787,44,0
1052200,4191,45,0
1052200,4189,46,0
1052200,4449,47,0
1052200,4188,48,0
1052200,4193,49,0
1052200,5904,50,1
1052201,5904,1,0
1052201,5431,2,0
1052201,4192,3,0
1052201,4187,4,0
1052201,4450,5,0
1052201,4180,6,0
1052201,5802,7,0
1052201,5786,8,0
1052201,3864,9,0
1052201,3859,10,0
1052201,4369,11,0
1052201,3856,12,0
1052201,3865,13,0
1052201,3866,14,0
1052201,3868,15,0
1052201,3424,16,0
1052201,3417,17,0
1052201,3062,18,0
1052201,3365,19,0
1052201,3377,20,0
1052201,3381,21,0
1052201,3371,22,0
1052201,5910,23,0
1052201,5909,24,1
1052300,3466,1,0
1052300,5626,2,0
1052300,5667,3,0
1052300,5665,4,0
1052300,5669,5,0
1052300,4323,6,0
1052300,4020,7,0
1052300,5472,8,0
1052300,5519,9,0
1052300,5473,10,0
1052300,5906,11,0
1052300,3744,12,0
1052300,3740,13,0
1052300,4348,14,0
1052300,5355,15,0
1052300,3578,16,0
1052300,3390,17,0
1052300,3368,18,0
1052300,3383,19,0
1052300,3388,20,0
1052300,5910,21,1
1052301,4287,1,0
1052301,3276,2,0
1052301,3279,3,0
1052301,3281,4,0
1052301,5901,5,0
1052301,3078,6,0
1052301,3077,7,0
1052301,3345,8,0
1052301,3357,9,0
1052301,3333,10,0
1052301,3362,11,0
1052301,3330,12,0
1052301,3339,13,0
1052301,3321,14,0
1052301,3363,15,0
1052301,3349,16,0
1052301,3359,17,0
1052301,3328,18,0
1052301,3341,19,0
1052301,5737,20,0
1052301,3351,21,0
1052301,3334,22,0
1052301,4448,23,0
1052301,3323,24,0
1052301,5557,25,0
1052301,5909,26,0
1052301,3380,27,0
1052301,3369,28,0
1052301,3579,29,0
1052301,3590,30,0
1052301,3373,31,0
1052301,3554,32,0
1052301,4222,33,0
1052301,3392,34,0
1052301,3830,35,0
1052301,5726,36,0
1052301,5905,37,0
1052301,5466,38,0
1052301,5467,39,0
1052301,5468,40,0
1052301,5469,41,0
1052301,4036,42,0
1052301,5874,43,0
1052301,3977,44,0
1052301,3972,45,0
1052301,5668,46,0
1052301,5482,47,0
1052301,5684,48,0
1052301,5683,49,0
1052301,3466,50,1
1052400,4287,1,0
1052400,3276,2,0
1052400,3279,3,0
1052400,3281,4,0
1052400,5901,5,0
1052400,3078,6,0
1052400,3077,7,0
1052400,3345,8,0
1052400,3357,9,0
1052400,3333,10,0
1052400,3362,11,0
1052400,3330,12,0
1052400,3339,13,0
1052400,3321,14,0
1052400,3363,15,0
1052400,3349,16,0
1052400,3359,17,0
1052400,3328,18,0
1052400,3341,19,0
1052400,3354,20,0
1052400,5737,21,0
1052400,3351,22,0
1052400,3334,23,0
1052400,4448,24,0
1052400,3323,25,0
1052400,5557,26,0
1052400,5909,27,0
1052400,3769,28,0
1052400,3768,29,0
1052400,3794,30,0
1052400,3795,31,0
1052400,3348,32,0
1052400,3361,33,0
1052400,3364,34,0
1052400,4037,35,0
1052400,4387,36,0
1052400,4388,37,0
1052400,4039,38,0
1052400,4109,39,0
1052400,5614,40,1
1052401,5614,1,0
1052401,5615,2,0
1052401,5616,3,0
1052401,5617,4,0
1052401,5618,5,0
1052401,5619,6,0
1052401,4388,7,0
1052401,5789,8,0
1052401,5790,9,0
1052401,5791,10,0
1052401,3343,11,0
1052401,3975,12,0
1052401,3796,13,0
1052401,3766,14,0
1052401,3388,15,0
1052401,5910,16,0
1052401,5909,17,1
1052500,4287,1,0
1052500,3276,2,0
1052500,3279,3,0
1052500,3281,4,0
1052500,5901,5,0
1052500,3078,6,0
1052500,3077,7,0
1052500,3345,8,0
1052500,3357,9,0
1052500,3333,10,0
1052500,3362,11,0
1052500,3330,12,0
1052500,3339,13,0
1052500,3321,14,0
1052500,3363,15,0
1052500,3349,16,0
1052500,3359,17,0
1052500,3328,18,0
1052500,3341,19,0
1052500,3354,20,0
1052500,5737,21,0
1052500,3351,22,0
1052500,3334,23,0
1052500,4448,24,0
1052500,3323,25,0
1052500,5557,26,0
1052500,5909,27,0
1052500,3380,28,0
1052500,3369,29,0
1052500,5845,30,0
1052500,3817,31,0
1052500,4022,32,0
1052500,3178,33,0
1052500,5878,34,0
1052500,5879,35,0
1052500,5880,36,0
1052500,5613,37,0
1052500,5881,38,0
1052500,3183,39,0
1052500,3129,40,0
1052500,4246,41,0
1052500,4248,42,0
1052500,5452,43,0
1052500,3130,44,0
1052500,5803,45,1
1052501,5803,1,0
1052501,5395,2,0
1052501,4489,3,0
1052501,5396,4,0
1052501,5397,5,0
1052501,3086,6,0
1052501,5398,7,0
1052501,5882,8,0
1052501,5883,9,0
1052501,5884,10,0
1052501,5885,11,0
1052501,5886,12,0
1052501,5887,13,0
1052501,3284,14,0
1052501,4298,15,0
1052501,4294,16,0
1052501,4295,17,0
1052501,4300,18,0
1052501,3390,19,0
1052501,3368,20,0
1052501,3383,21,0
1052501,3388,22,0
1052501,5910,23,0
1052501,5909,24,1
