'1',1406500,193500,4,'',0,10000,4,'',0,10000,4,'',0,10000,4,'',0,10000,4,'',0,9100,4,'',0
'1',1406501,194000,,'',0,10000,,'',0,10000,,'',0,10000,,'',0,10000,,'',0
'2',1406500,64000,4,'',0,9500,4,'',0,10000,4,'',0,10000,4,'',0,10000,4,'',0,10000,4,'',0,10000,4,'',0,10000,4,'',0,10000,4,'',0,10000,4,'',0,10000,4,'',0,10000,4,'',0,10000,4,'',0,10000,4,'',0,10000,4,'',0,10000,4,'',0,10000,4,'',0,10000,4,'',0,9100,4,'',0
'2',1406501,64000,,'',0,10000,,'',0,10000,,'',0,10000,,'',0,10000,,'',0,10000,,'',0,10000,,'',0,10000,,'',0,10000,,'',0,10000,,'',0,10000,,'',0,10000,,'',0,10000,,'',0,10000,,'',0,10000,,'',0,10000,,'',0,10000,,'',0,10000,,'',0
'3',1406500,84000,4,'',0,9500,4,'',0,10000,4,'',0,10000,4,'',0,10000,4,'',0,10000,4,'',0,10000,4,'',0,10000,4,'',0,10000,4,'',0,10000,4,'',0,10000,4,'',0,10000,4,'',0,10000,4,'',0,9100,4,'',0
'3',1406501,84000,,'',0,10000,,'',0,10000,,'',0,10000,,'',0,10000,,'',0,10000,,'',0,10000,,'',0,10000,,'',0,10000,,'',0,10000,,'',0,10000,,'',0,10000,,'',0,10000,,'',0
'1201',1407900,74300,4,'',0,8100,4,'',0,28000,4,'',0,45000,4,'',0,20000,4,'',0
'1201',1407901,74300,,'',0,8100,,'',0,28000,,'',0,45000,,'',0,20000,,'',0
'12101',1407900,82400,4,'',0,28000,4,'',0,45000,4,'',0,20000,4,'',0
'12101',1407901,82400,,'',0,28000,,'',0,45000,,'',0,20000,,'',0
'1',1407900,54400,4,'',0,8000,4,'',0,8000,4,'',0,4000,4,'',0,16000,4,'',0,4000,4,'',0,8000,4,'',0,12000,4,'',0,8000,4,'',0,9000,4,'',0,4000,4,'',0,8000,4,'',0,8000,4,'',0,12000,4,'',0,8000,4,'',0,11000,4,'',0
'1',1407901,54400,,'',0,8000,,'',0,8000,,'',0,4000,,'',0,16000,,'',0,4000,,'',0,8000,,'',0,12000,,'',0,8000,,'',0,9000,,'',0,4000,,'',0,8000,,'',0,8000,,'',0,12000,,'',0,8000,,'',0,11000,,'',0
