'1',1416400,61600,,'',0,1500,,'',0,2000,,'',0,6000,,'',0,2000,,'',0,2000,,'',0,6000,,'',0,2000,,'',0,2000,,'',0,6000,,'',0,2000,,'',0,2000,,'',0,6000,,'',0,2000,,'',0,2000,,'',0,6000,,'',0,2000,,'',0,2000,,'',0,6000,,'',0,2000,,'',0,2000,,'',0,6000,,'',0,2000,,'',0,2000,,'',0,6000,,'',0,2000,,'',0,2000,,'',0,6000,,'',0,2000,,'',0,2000,,'',0,6000,,'',0,2000,,'',0,2000,,'',0,6000,,'',0,2000,,'',0,2000,,'',0,6500,,'',0,3000,,'',0,7000,,'',0,3000,,'',0,7000,,'',0,3000,,'',0,7000,,'',0,3000,,'',0,7000,,'',0,3000,,'',0,7000,,'',0,3000,,'',0,7100,,'',0
'1',1416401,62900,4,'',0,2000,4,'',0,6000,4,'',0,2000,4,'',0,2000,4,'',0,6000,4,'',0,2000,4,'',0,2000,4,'',0,6000,4,'',0,2000,4,'',0,2000,4,'',0,6000,4,'',0,2000,4,'',0,2000,4,'',0,6000,4,'',0,2000,4,'',0,2000,4,'',0,6000,4,'',0,2000,4,'',0,2000,4,'',0,6000,4,'',0,2000,4,'',0,2000,4,'',0,6000,4,'',0,2000,4,'',0,2000,4,'',0,6000,4,'',0,2000,4,'',0,2000,4,'',0,6000,4,'',0,2000,4,'',0,2000,4,'',0,6000,4,'',0,2000,4,'',0,2000,4,'',0,6000,4,'',0,2000,4,'',0,1500,4,'',0,7000,4,'',0,3000,4,'',0,7000,4,'',0,3000,4,'',0,7000,4,'',0,3000,4,'',0,7000,4,'',0,3000,4,'',0,7000,4,'',0,3000,4,'',0,7000,4,'',0,2500,4,'',0
'2',1416400,64600,,'',0,7000,,'',0,3000,,'',0,7000,,'',0,3000,,'',0,7000,,'',0,3000,,'',0,7000,,'',0,3000,,'',0,6500,,'',0,2000,,'',0,2000,,'',0,6000,,'',0,2000,,'',0,2000,,'',0,6000,,'',0,2000,,'',0,2000,,'',0,6000,,'',0,2000,,'',0,2000,,'',0,6000,,'',0,2000,,'',0,2000,,'',0,6000,,'',0,2000,,'',0,2000,,'',0,6000,,'',0,2000,,'',0,2000,,'',0,6500,,'',0,3000,,'',0,7000,,'',0,3000,,'',0,7000,,'',0,3000,,'',0,7000,,'',0,3000,,'',0,7000,,'',0,3000,,'',0,7000,,'',0,3000,,'',0,7100,,'',0
'2',1416401,64400,4,'',0,7000,4,'',0,3000,4,'',0,7000,4,'',0,3000,4,'',0,7000,4,'',0,3000,4,'',0,7000,4,'',0,3000,4,'',0,6500,4,'',0,4000,4,'',0,6000,4,'',0,2000,4,'',0,2000,4,'',0,6000,4,'',0,2000,4,'',0,2000,4,'',0,6000,4,'',0,2000,4,'',0,2000,4,'',0,6000,4,'',0,2000,4,'',0,2000,4,'',0,6000,4,'',0,2000,4,'',0,2000,4,'',0,6000,4,'',0,2000,4,'',0,2000,4,'',0,6000,4,'',0,2000,4,'',0,1500,4,'',0,7000,4,'',0,3000,4,'',0,7000,4,'',0,3000,4,'',0,7000,4,'',0,3000,4,'',0,7000,4,'',0,3000,4,'',0,7000,4,'',0,3000,4,'',0,7000,4,'',0,2500,4,'',0
'3',1416400,84600,,'',0,7000,,'',0,3000,,'',0,7000,,'',0,3000,,'',0,7000,,'',0,3000,,'',0,7000,,'',0,3000,,'',0,7000,,'',0,3000,,'',0,7000,,'',0,3000,,'',0,7000,,'',0,3000,,'',0,7000,,'',0,3000,,'',0,7000,,'',0,3000,,'',0,7000,,'',0,3000,,'',0,7000,,'',0,3000,,'',0,7000,,'',0,3000,,'',0,7100,,'',0
'3',1416401,91400,4,'',0,3000,4,'',0,7000,4,'',0,3000,4,'',0,7000,4,'',0,3000,4,'',0,7000,4,'',0,3000,4,'',0,7000,4,'',0,3000,4,'',0,7000,4,'',0,3000,4,'',0,7000,4,'',0,3000,4,'',0,7000,4,'',0,3000,4,'',0,7000,4,'',0,3000,4,'',0,7000,4,'',0,3000,4,'',0,7000,4,'',0,3000,4,'',0,7000,4,'',0,3000,4,'',0,7000,4,'',0,2500,4,'',0
'8001',1416400,244600,,'',0,7000,,'',0,3000,,'',0,7000,,'',0,3000,,'',0,7100,,'',0
'8001',1416401,251400,4,'',0,3000,4,'',0,7000,4,'',0,3000,4,'',0,7000,4,'',0,2500,4,'',0
'1',1416700,64400,4,'',0,200,,'',0,6800,4,'',0,200,,'',0,2800,4,'',0,200,,'',0,6800,4,'',0,200,,'',0,2800,4,'',0,200,,'',0,6800,4,'',0,200,,'',0,2800,4,'',0,200,,'',0,6800,4,'',0,200,,'',0,2800,4,'',0,200,,'',0,6800,4,'',0,200,,'',0,2800,4,'',0,200,,'',0,6800,4,'',0,200,,'',0,2800,4,'',0,200,,'',0,6800,4,'',0,200,,'',0,2800,4,'',0,200,,'',0,6800,4,'',0,200,,'',0,2800,4,'',0,200,,'',0,6800,4,'',0,200,,'',0,2800,4,'',0,200,,'',0,6800,4,'',0,200,,'',0,2800,4,'',0,200,,'',0,6800,4,'',0,200,,'',0,2800,4,'',0,200,,'',0,6800,4,'',0,200,,'',0,9800,4,'',0,200,,'',0,10000,,'',0,10000,,'',0,10000,,'',0,10000,,'',0,10100,,'',0
'1',1416701,201400,4,'',0,10000,4,'',0,10000,4,'',0,10000,4,'',0,10000,4,'',0
'2',1416700,71600,,'',0,10000,,'',0,10000,,'',0,10000,,'',0,10000,,'',0,2800,4,'',0,200,,'',0,6800,4,'',0,200,,'',0,2800,4,'',0,200,,'',0,6800,4,'',0,200,,'',0,2800,4,'',0,200,,'',0,6800,4,'',0,200,,'',0,2800,4,'',0,200,,'',0,6800,4,'',0,200,,'',0,2800,4,'',0,200,,'',0,6800,4,'',0,200,,'',0,2800,4,'',0,200,,'',0,6800,4,'',0,200,,'',0,2800,4,'',0,200,,'',0,6800,4,'',0,200,,'',0,9800,4,'',0,200,,'',0,10000,,'',0,10000,,'',0,10000,,'',0,10000,,'',0,10100,,'',0
'2',1416701,71400,4,'',0,10000,4,'',0,10000,4,'',0,10000,4,'',0,100000,4,'',0,10000,4,'',0,10000,4,'',0,10000,4,'',0,10000,4,'',0
'3',1416700,91600,,'',0,10000,,'',0,10000,,'',0,10000,,'',0,10000,,'',0,10000,,'',0,10000,,'',0,10000,,'',0,10000,,'',0,10000,,'',0,10000,,'',0,10000,,'',0,10100,,'',0
'3',1416701,91400,4,'',0,10000,4,'',0,10000,4,'',0,10000,4,'',0,10000,4,'',0,10000,4,'',0,10000,4,'',0,10000,4,'',0,10000,4,'',0,10000,4,'',0,10000,4,'',0,10000,4,'',0,10000,4,'',0
'8001',1416700,251600,,'',0,10000,,'',0,10100,,'',0
'8001',1416701,251400,4,'',0,10000,4,'',0,10000,4,'',0
'1',1417600,64400,4,'',0,7000,4,'',0,3000,4,'',0,7000,4,'',0,3000,4,'',0,7000,4,'',0,3000,4,'',0,7000,4,'',0,3000,4,'',0,7000,4,'',0,3000,4,'',0,7000,4,'',0,3000,4,'',0,7000,4,'',0,3000,4,'',0,7000,4,'',0,3000,4,'',0,7000,4,'',0,3000,4,'',0,7000,4,'',0,3000,4,'',0,7000,4,'',0,3000,4,'',0,7000,4,'',0
'2',1417600,111400,4,'',0,3000,4,'',0,7000,4,'',0,3000,4,'',0,7000,4,'',0,3000,4,'',0,7000,4,'',0,3000,4,'',0,7000,4,'',0,3000,4,'',0,7000,4,'',0,3000,4,'',0,7000,4,'',0,3000,4,'',0,7000,4,'',0
'1',1418701,164000,4,'',0
