'1',1445901,55300,,'',0,5000,,'',0,1000,,'',0,1000,,'',0,1000,,'',0,1000,,'',0,1000,,'',0,5000,,'',0,1000,,'',0,2000,,'',0,1000,,'',0,1000,,'',0,5000,,'',0,1000,,'',0,1000,,'',0,2000,,'',0,1000,,'',0,5000,,'',0,1000,,'',0,1000,,'',0,1000,,'',0,1000,,'',0,1000,,'',0,5000,,'',0,1000,,'',0,1000,,'',0,1000,,'',0,1000,,'',0,1000,,'',0,5000,,'',0,2000,,'',0,1000,,'',0,1000,,'',0,1000,,'',0,5000,,'',0,1000,,'',0,1000,,'',0,1000,,'',0,1000,,'',0,1000,,'',0,5000,,'',0,1000,,'',0,1000,,'',0,1000,,'',0,2000,,'',0,5000,,'',0,1000,,'',0,1000,,'',0,2000,,'',0,6000,,'',0,1000,,'',0,1000,,'',0,1000,,'',0,2000,,'',0,6000,,'',0,1000,,'',0,1000,,'',0,1000,,'',0,6000,,'',0,2000,,'',0,1000,,'',0,1000,,'',0,1000,,'',0,6000,,'',0,1000,,'',0,1000,,'',0,1000,,'',0,1000,0,'University',0,7000,,'',0,3000,,'',0,7000,,'',0,3000,,'',0,7000,,'',0,3000,,'',0,7000,,'',0,3000,,'',0,7000,,'',0,3000,,'',0,6700,,'',0
'1201',1445901,72300,,'',0,11000,,'',0,28000,,'',0,23000,,'',0,9000,,'',0,2000,,'',0,9000,,'',0,6000,,'',0,5000,,'',0,6000,,'',0,9000,,'',0
'2',1445901,62300,,'',0,3000,,'',0,7000,,'',0,3000,,'',0,7000,,'',0,3000,,'',0,7000,,'',0,3000,,'',0,7000,,'',0,3000,,'',0,7000,,'',0,2000,,'',0,6000,,'',0,2000,,'',0,2000,,'',0,6000,,'',0,2000,,'',0,2000,,'',0,6000,,'',0,2000,,'',0,2000,,'',0,6000,,'',0,2000,,'',0,2000,,'',0,6000,,'',0,2000,,'',0,2000,,'',0,6000,,'',0,2000,,'',0,2000,,'',0,6000,,'',0,2000,,'',0,2000,,'',0,6000,,'',0,2000,,'',0,3000,,'',0,7000,,'',0,3000,,'',0,7000,,'',0,3000,,'',0,7000,,'',0,3000,,'',0,7000,,'',0,3000,,'',0,6700,,'',0
'3',1445901,85300,,'',0,7000,,'',0,3000,,'',0,7000,,'',0,3000,,'',0,7000,,'',0,3000,,'',0,7000,,'',0,3000,,'',0,7000,,'',0,3000,,'',0,7000,,'',0,3000,,'',0,7000,,'',0,3000,,'',0,7000,,'',0,3000,,'',0,7000,,'',0,3000,,'',0,7000,,'',0,3000,,'',0,7000,,'',0,3000,,'',0,7000,,'',0,3000,,'',0,6700,,'',0,3000,0,'University',0
'1',1447801,64500,,'',0,8000,,'',0,8000,,'',0,4000,,'',0,8000,,'',0,8000,,'',0,4000,,'',0,8000,,'',0,8000,,'',0,4000,,'',0,8000,,'',0,8000,,'',0,4000,,'',0,8000,,'',0,8000,,'',0,4000,,'',0,8000,,'',0,8000,,'',0
'1',1449201,55300,4,'',0,8000,4,'',0,8000,4,'',0,4000,4,'',0,16000,4,'',0,4000,4,'',0,8000,4,'',0,12000,4,'',0,8000,4,'',0,9000,4,'',0,8000,4,'',0,4000,4,'',0,8000,4,'',0,12000,4,'',0,8000,4,'',0,11000,4,'',0
'1201',1449201,83300,4,'',0,28000,4,'',0,49000,4,'',0,20000,4,'',0
'1',1449301,60300,4,'',0,4000,4,'',0,8000,4,'',0,8000,4,'',0,4000,4,'',0,8000,4,'',0,8000,4,'',0,4000,4,'',0,8000,4,'',0,8000,4,'',0,5000,4,'',0,8000,4,'',0,8000,4,'',0,12000,4,'',0,8000,4,'',0,12000,4,'',0,8000,4,'',0,3000,4,'',0,11000,4,'',0,10000,4,'',0,10000,4,'',0,10000,4,'',0,10000,4,'',0,9300,4,'',0
'1201',1449301,145300,4,'',0,20000,4,'',0
'2',1449301,65300,4,'',0,10000,4,'',0,10000,4,'',0,10000,4,'',0,10000,4,'',0,9000,4,'',0,8000,4,'',0,8000,4,'',0,4000,4,'',0,8000,4,'',0,8000,4,'',0,4000,4,'',0,8000,4,'',0,8000,4,'',0,4000,4,'',0,8000,4,'',0,8000,4,'',0,5000,4,'',0,10000,4,'',0,10000,4,'',0,10000,4,'',0,10000,4,'',0,9300,4,'',0
'3',1449301,85300,4,'',0,10000,4,'',0,10000,4,'',0,10000,4,'',0,10000,4,'',0,10000,4,'',0,10000,4,'',0,10000,4,'',0,10000,4,'',0,10000,4,'',0,10000,4,'',0,10000,4,'',0,10000,4,'',0,9300,4,'',0
'1',1449401,61300,4,'',0,4000,4,'',0,8000,4,'',0,8000,4,'',0,4000,4,'',0,8000,4,'',0,8000,4,'',0,4000,4,'',0,8000,4,'',0,8000,4,'',0,9000,4,'',0,12000,4,'',0,8000,4,'',0,12000,4,'',0,8000,4,'',0,4000,4,'',0,11000,4,'',0,7000,4,'',0,10000,4,'',0,10000,4,'',0,10000,4,'',0,10000,4,'',0,9700,4,'',0
'1201',1449401,134300,4,'',0,20000,4,'',0,28000,4,'',0
'2',1449401,62300,4,'',0,10000,4,'',0,10000,4,'',0,10000,4,'',0,10000,4,'',0,10000,4,'',0,8000,4,'',0,4000,4,'',0,8000,4,'',0,8000,4,'',0,4000,4,'',0,8000,4,'',0,8000,4,'',0,4000,4,'',0,8000,4,'',0,8000,4,'',0,4000,4,'',0,8000,4,'',0,10000,4,'',0,10000,4,'',0,10000,4,'',0,10000,4,'',0,9700,4,'',0
'3',1449401,92300,4,'',0,10000,4,'',0,10000,4,'',0,10000,4,'',0,10000,4,'',0,10000,4,'',0,10000,4,'',0,10000,4,'',0,10000,4,'',0,10000,4,'',0,10000,4,'',0,10000,4,'',0,9700,4,'',0
'1',1449501,62300,4,'',0,8000,4,'',0,4000,4,'',0,8000,4,'',0,8000,4,'',0,4000,4,'',0,8000,4,'',0,8000,4,'',0,4000,4,'',0,8000,4,'',0,9000,4,'',0,4000,4,'',0,16000,4,'',0,4000,4,'',0,8000,4,'',0,12000,4,'',0,7000,4,'',0
'1201',1449501,143300,4,'',0,28000,4,'',0
'1',1449900,70700,0,'Nelson Rd',0,1600,4,'',0,400,0,'Nelson Rd',0,1600,4,'',0,400,0,'Nelson Rd',0,5600,4,'',0,400,0,'Nelson Rd',0,1600,4,'',0,400,0,'Nelson Rd',0,1600,4,'',0,400,0,'Nelson Rd',0,5600,,'',0
