'1',1434100,61400,4,'',0,3000,4,'',0,7000,4,'',0,3000,4,'',0,7000,4,'',0,3000,4,'',0,7000,4,'',0,3000,4,'',0,7000,4,'',0,3000,4,'',0,7000,4,'',0,3000,4,'',0,7000,4,'',0,3000,4,'',0,7000,4,'',0,3000,4,'',0,7000,4,'',0,3000,4,'',0,7000,4,'',0,3000,4,'',0,7000,4,'',0,3000,4,'',0,7000,4,'',0,3000,4,'',0,7000,4,'',0,3000,4,'',0,7000,4,'',0,10000,4,'',0,10000,4,'',0,10000,4,'',0,10000,4,'',0,10000,4,'',0
'2',1434100,71600,4,'',0,9800,4,'',0,10000,4,'',0,10000,4,'',0,10000,4,'',0,3000,4,'',0,7000,4,'',0,3000,4,'',0,7000,4,'',0,3000,4,'',0,7000,4,'',0,3000,4,'',0,7000,4,'',0,3000,4,'',0,7000,4,'',0,3000,4,'',0,7000,4,'',0,3000,4,'',0,7000,4,'',0,3000,4,'',0,7000,4,'',0,10000,4,'',0,10000,4,'',0,10000,4,'',0,10000,4,'',0,10000,4,'',0
'3',1434100,91400,4,'',0,10000,4,'',0,10000,4,'',0,10000,4,'',0,10000,4,'',0,10000,4,'',0,10000,4,'',0,10000,4,'',0,10000,4,'',0,10000,4,'',0,10000,4,'',0,10000,4,'',0,10000,4,'',0
'10801',1434401,75400,4,'',0,15000,4,'',0,24000,4,'',0,26000,4,'',0,5000,4,'',0,6000,4,'',0,9000,4,'',0,2000,4,'',0,9000,4,'',0,2000,4,'',0,9000,4,'',0
'1201',1434401,75400,4,'',0,15000,4,'',0,24000,4,'',0,26000,4,'',0,5000,4,'',0,6000,4,'',0,9000,4,'',0,2000,4,'',0,9000,4,'',0,2000,4,'',0,9000,4,'',0
'1',1434401,61400,4,'',0,1000,4,'',0,1000,4,'',0,1000,4,'',0,1000,4,'',0,5000,4,'',0,1000,4,'',0,1000,4,'',0,1000,4,'',0,7000,4,'',0,1000,4,'',0,1000,4,'',0,1000,4,'',0,1000,4,'',0,1000,4,'',0,6000,4,'',0,1000,4,'',0,1000,4,'',0,1000,4,'',0,1000,4,'',0,5000,4,'',0,1000,4,'',0,1000,4,'',0,1000,4,'',0,1000,4,'',0,1000,4,'',0,5000,4,'',0,1000,4,'',0,1000,4,'',0,1000,4,'',0,2000,4,'',0,5000,4,'',0,1000,4,'',0,1000,4,'',0,1000,4,'',0,1000,4,'',0,1000,4,'',0,5000,4,'',0,1000,4,'',0,1000,4,'',0,1000,4,'',0,1000,4,'',0,1000,4,'',0,6000,4,'',0,1000,4,'',0,1000,4,'',0,1000,4,'',0,6000,4,'',0,2000,4,'',0,1000,4,'',0,1000,4,'',0,1000,4,'',0,6000,4,'',0,2000,4,'',0,1000,4,'',0,1000,4,'',0,5000,4,'',0,2000,4,'',0,2000,4,'',0,1000,4,'',0,5000,4,'',0,1000,4,'',0,2000,4,'',0,1000,4,'',0,1000,4,'',0,5000,4,'',0,4000,4,'',0,7000,4,'',0,3000,4,'',0,7000,4,'',0,3000,4,'',0,7000,4,'',0,3000,4,'',0,7000,4,'',0,3000,4,'',0,7000,4,'',0,2400,4,'',0
'2',1434401,64400,4,'',0,7000,4,'',0,3000,4,'',0,7000,4,'',0,3000,4,'',0,7000,4,'',0,3000,4,'',0,7000,4,'',0,3000,4,'',0,10000,4,'',0,6000,4,'',0,2000,4,'',0,2000,4,'',0,6000,4,'',0,2000,4,'',0,2000,4,'',0,6000,4,'',0,2000,4,'',0,2000,4,'',0,6000,4,'',0,2000,4,'',0,2000,4,'',0,6000,4,'',0,2000,4,'',0,2000,4,'',0,6000,4,'',0,2000,4,'',0,2000,4,'',0,6000,4,'',0,2000,4,'',0,2000,4,'',0,6000,4,'',0,2000,4,'',0,2000,4,'',0,7000,4,'',0,3000,4,'',0,7000,4,'',0,3000,4,'',0,7000,4,'',0,3000,4,'',0,7000,4,'',0,3000,4,'',0,7000,4,'',0,2400,4,'',0
'3',1434401,91400,4,'',0,3000,4,'',0,7000,4,'',0,3000,4,'',0,7000,4,'',0,3000,4,'',0,7000,4,'',0,3000,4,'',0,7000,4,'',0,3000,4,'',0,7000,4,'',0,3000,4,'',0,7000,4,'',0,3000,4,'',0,7000,4,'',0,3000,4,'',0,7000,4,'',0,3000,4,'',0,7000,4,'',0,3000,4,'',0,7000,4,'',0,3000,4,'',0,7000,4,'',0,3000,4,'',0,7000,4,'',0,2400,4,'',0
'1',1434700,61600,,'',0,3000,,'',0,7000,,'',0,3000,,'',0,7000,,'',0,3000,,'',0,7000,,'',0,3000,,'',0,7000,,'',0,3000,,'',0,7000,,'',0,3000,,'',0,7000,,'',0,3000,,'',0,7000,,'',0,3000,,'',0,7000,,'',0,3000,,'',0,7000,,'',0,3000,,'',0,7000,,'',0,3000,,'',0,7000,,'',0,3000,,'',0,7000,,'',0,10000,,'',0,10000,,'',0,10000,,'',0,10000,,'',0,10000,,'',0,10100,,'',0
'2',1434700,71600,,'',0,10000,,'',0,10000,,'',0,10000,,'',0,10000,,'',0,3000,,'',0,7000,,'',0,3000,,'',0,7000,,'',0,3000,,'',0,7000,,'',0,3000,,'',0,7000,,'',0,3000,,'',0,7000,,'',0,3000,,'',0,7000,,'',0,3000,,'',0,7000,,'',0,10000,,'',0,10000,,'',0,10000,,'',0,10000,,'',0,10000,,'',0,10100,,'',0
'3',1434700,91600,,'',0,10000,,'',0,10000,,'',0,10000,,'',0,10000,,'',0,10000,,'',0,10000,,'',0,10000,,'',0,10000,,'',0,10000,,'',0,10000,,'',0,10000,,'',0,10100,,'',0
'1',1434901,191400,4,'',0
'2',1434901,191400,4,'',0
'10801',1437700,75600,,'',0,28000,,'',0,48000,,'',0,20000,,'',0
'1201',1437700,75600,,'',0,28000,,'',0,48000,,'',0,20000,,'',0
'1',1437700,63600,,'',0,8000,,'',0,12000,,'',0,8000,,'',0,4000,,'',0,16000,,'',0,4000,,'',0,8000,,'',0,8000,,'',0,4000,,'',0,8000,,'',0,12000,,'',0,8000,,'',0,12000,,'',0
'10801',1437800,140600,,'',0,20000,,'',0
'1201',1437800,140600,,'',0,20000,,'',0
'1',1437800,64600,,'',0,8000,,'',0,8000,,'',0,4000,,'',0,8000,,'',0,8000,,'',0,4000,,'',0,8000,,'',0,8000,,'',0,4000,,'',0,8000,,'',0,12000,,'',0,8000,,'',0,12000,,'',0,8000,,'',0,8000,,'',0,11000,,'',0,10000,,'',0,10000,,'',0,10000,,'',0,10000,,'',0,10100,,'',0
'2',1437800,71600,,'',0,10000,,'',0,10000,,'',0,10000,,'',0,9000,,'',0,4000,,'',0,8000,,'',0,8000,,'',0,4000,,'',0,8000,,'',0,8000,,'',0,4000,,'',0,8000,,'',0,8000,,'',0,4000,,'',0,8000,,'',0,9000,,'',0,10000,,'',0,10000,,'',0,10000,,'',0,10000,,'',0,10100,,'',0
'3',1437800,91600,,'',0,10000,,'',0,10000,,'',0,10000,,'',0,10000,,'',0,10000,,'',0,10000,,'',0,10000,,'',0,10000,,'',0,10000,,'',0,10000,,'',0,10000,,'',0,10100,,'',0
'10801',1437900,125600,,'',0,20000,,'',0,28000,,'',0
'1201',1437900,125600,,'',0,20000,,'',0,28000,,'',0
'1',1437900,61600,,'',0,4000,,'',0,8000,,'',0,8000,,'',0,4000,,'',0,8000,,'',0,8000,,'',0,4000,,'',0,8000,,'',0,8000,,'',0,12000,,'',0,8000,,'',0,12000,,'',0,8000,,'',0,4000,,'',0,16000,,'',0,3000,,'',0,10000,,'',0,10000,,'',0,10000,,'',0,10000,,'',0,10100,,'',0
'2',1437900,64600,,'',0,10000,,'',0,10000,,'',0,10000,,'',0,10000,,'',0,8000,,'',0,8000,,'',0,4000,,'',0,8000,,'',0,8000,,'',0,4000,,'',0,8000,,'',0,8000,,'',0,4000,,'',0,8000,,'',0,8000,,'',0,4000,,'',0,10000,,'',0,10000,,'',0,10000,,'',0,10000,,'',0,10100,,'',0
'3',1437900,84600,,'',0,10000,,'',0,10000,,'',0,10000,,'',0,10000,,'',0,10000,,'',0,10000,,'',0,10000,,'',0,10000,,'',0,10000,,'',0,10000,,'',0,10000,,'',0,10100,,'',0
'10801',1438000,134600,,'',0,28000,,'',0,20000,,'',0
'1201',1438000,134600,,'',0,28000,,'',0,20000,,'',0
'1',1438000,62600,,'',0,8000,,'',0,4000,,'',0,8000,,'',0,8000,,'',0,4000,,'',0,8000,,'',0,8000,,'',0,4000,,'',0,8000,,'',0,8000,,'',0,12000,,'',0,8000,,'',0,4000,,'',0,16000,,'',0,4000,,'',0
'1',1438400,93400,4,'',0
