'1',1405500,65900,,'',0,6500,4,'',0,100,,'',0,2900,4,'',0,100,,'',0,6900,4,'',0,100,,'',0,78000,,'',0,2900,4,'',0,100,,'',0,6900,4,'',0,100,,'',0,2900,,'',0
'1201',1406600,111000,4,'',0
'12101',1406600,111000,4,'',0
'1',1406600,55000,,'',0,8000,4,'',0,8000,4,'',0,4000,4,'',0,8000,4,'',0,8000,4,'',0,4000,4,'',0,8000,4,'',0,12000,4,'',0,8000,4,'',0,8000,4,'',0,4000,4,'',0,8000,4,'',0,8000,4,'',0,4000,4,'',0,8000,4,'',0,8000,4,'',0,4000,4,'',0,8000,4,'',0,7500,4,'',0,200,,'',0,9800,4,'',0,200,,'',0,9800,4,'',0,200,,'',0,9800,4,'',0,200,,'',0,9800,4,'',0,200,,'',0,9800,4,'',0
'2',1406600,62000,,'',0,8500,4,'',0,200,,'',0,9800,4,'',0,200,,'',0,9800,4,'',0,200,,'',0,9800,4,'',0,200,,'',0,10300,4,'',0,4000,4,'',0,8000,4,'',0,8000,4,'',0,4000,4,'',0,8000,4,'',0,8000,4,'',0,4000,4,'',0,8000,4,'',0,8000,4,'',0,4000,4,'',0,8000,4,'',0,7500,4,'',0,200,,'',0,9800,4,'',0,200,,'',0,9800,4,'',0,200,,'',0,9800,4,'',0,200,,'',0,9800,4,'',0,200,,'',0,9800,4,'',0
'3',1406600,81000,,'',0,9500,4,'',0,10000,4,'',0,10000,4,'',0,10000,4,'',0,10000,4,'',0,10000,4,'',0,10000,4,'',0,10000,4,'',0,10000,4,'',0,10000,4,'',0,10000,4,'',0,10000,4,'',0,10000,4,'',0
'1',1407600,53000,,'',0,8000,,'',0,4000,4,'',0,8000,4,'',0,8000,4,'',0,4000,4,'',0,8000,4,'',0,8000,4,'',0,4000,4,'',0,8000,4,'',0,8000,4,'',0,4000,4,'',0,8000,4,'',0,8000,4,'',0,4000,4,'',0,8000,4,'',0,8000,4,'',0,4000,4,'',0,8000,4,'',0,8000,4,'',0,12500,4,'',0,10000,4,'',0,10000,4,'',0,10000,4,'',0,10000,4,'',0,9500,4,'',0
'2',1407600,63500,,'',0,10000,4,'',0,10000,4,'',0,10000,4,'',0,10000,4,'',0,9500,4,'',0,8000,4,'',0,4000,4,'',0,8000,4,'',0,8000,4,'',0,4000,4,'',0,8000,4,'',0,8000,4,'',0,4000,4,'',0,8000,4,'',0,8000,4,'',0,12500,4,'',0,10000,4,'',0,10000,4,'',0,10000,4,'',0,10000,4,'',0,9500,4,'',0
'3',1407600,83500,,'',0,10000,4,'',0,10000,4,'',0,10000,4,'',0,10000,4,'',0,10000,4,'',0,10000,4,'',0,10000,4,'',0,10000,4,'',0,10000,4,'',0,10000,4,'',0,10000,4,'',0,10000,4,'',0,9500,4,'',0
'1',1408501,64000,,'',0
