1445600,4303,1,0
1445600,3621,2,0
1445600,3630,3,0
1445600,3627,4,0
1445600,3029,5,0
1445600,4484,6,1
1445600,4485,7,0
1445600,4486,8,0
1445600,3984,9,0
1445600,5956,10,0
1445600,5524,11,0
1445600,5490,12,0
1445600,3885,13,0
1445600,3889,14,0
1445600,3888,15,0
1445600,3886,16,0
1445600,3983,17,0
1445600,5896,18,0
1445600,4066,19,0
1445600,4047,20,0
1445600,4051,21,0
1445600,3324,22,0
1445600,3332,23,0
1445600,3358,24,0
1445600,3344,25,0
1445600,4287,26,0
1445600,3276,27,0
1445600,3279,28,0
1445600,3281,29,0
1445600,5899,30,1
1445601,5412,1,0
1445601,5414,2,0
1445601,3280,3,0
1445601,3278,4,0
1445601,3275,5,0
1445601,4000,6,0
1445601,3345,7,0
1445601,3357,8,0
1445601,3333,9,0
1445601,4053,10,0
1445601,4050,11,0
1445601,4046,12,0
1445601,5824,13,0
1445601,5339,14,0
1445601,3179,15,0
1445601,3182,16,0
1445601,4302,17,0
1445601,3356,18,0
1445601,4301,19,0
1445601,4303,20,1
1445700,5413,1,0
1445700,3078,2,0
1445700,3077,3,0
1445700,3123,4,0
1445700,3083,5,0
1445700,3087,6,0
1445700,3091,7,0
1445700,3096,8,0
1445700,3101,9,0
1445700,3104,10,0
1445700,3106,11,0
1445700,3108,12,0
1445700,3112,13,0
1445700,4014,14,0
1445700,4004,15,0
1445700,4003,16,0
1445700,3413,17,0
1445700,3973,18,0
1445700,3415,19,0
1445700,3533,20,0
1445700,3071,21,0
1445700,3501,22,0
1445700,3118,23,0
1445700,3116,24,0
1445700,4169,25,0
1445700,3907,26,0
1445700,5912,27,1
1445701,5912,1,0
1445701,4174,2,0
1445701,3652,3,0
1445701,5731,4,0
1445701,5732,5,0
1445701,5733,6,0
1445701,5734,7,0
1445701,5730,8,0
1445701,5729,9,0
1445701,5735,10,0
1445701,5368,11,0
1445701,5736,12,0
1445701,3115,13,0
1445701,3113,14,0
1445701,3109,15,0
1445701,3107,16,0
1445701,3105,17,0
1445701,3102,18,0
1445701,3098,19,0
1445701,3095,20,0
1445701,3092,21,0
1445701,3088,22,0
1445701,3084,23,0
1445701,4287,24,0
1445701,3276,25,0
1445701,3279,26,0
1445701,3281,27,0
1445701,5413,28,1
1445800,5415,1,0
1445800,3138,2,0
1445800,3139,3,0
1445800,5830,4,0
1445800,5831,5,0
1445800,5832,6,0
1445800,5833,7,0
1445800,5792,8,0
1445800,3189,9,0
1445800,4431,10,0
1445800,3190,11,0
1445800,4437,12,0
1445800,4438,13,0
1445800,3957,14,0
1445800,3935,15,0
1445800,4436,16,0
1445800,5714,17,0
1445800,5374,18,1
1445801,5374,1,0
1445801,3497,2,0
1445801,3495,3,0
1445801,5364,4,0
1445801,3494,5,0
1445801,5715,6,0
1445801,4116,7,0
1445801,4158,8,0
1445801,5843,9,0
1445801,5800,10,0
1445801,5834,11,0
1445801,5835,12,0
1445801,5836,13,0
1445801,5837,14,0
1445801,3140,15,0
1445801,3076,16,0
1445801,3159,17,0
1445801,5414,18,1
1445901,5868,1,0
1445901,5869,2,0
1445901,5873,3,0
1445901,5599,4,0
1445901,3993,5,0
1445901,5597,6,0
1445901,3739,7,0
1445901,4166,8,0
1445901,5935,9,0
1445901,4163,10,0
1445901,3187,11,0
1445901,3176,12,0
1445901,3294,13,0
1445901,3292,14,0
1445901,5899,15,1
1445901,5415,16,1
1446000,3168,1,0
1446000,3169,2,0
1446000,5897,3,1
1446000,5413,4,0
1446000,3143,5,0
1446000,3160,6,0
1446000,3162,7,0
1446000,4333,8,0
1446000,3158,9,0
1446000,3146,10,0
1446000,3150,11,0
1446000,5833,12,0
1446000,5792,13,0
1446000,5793,14,0
1446000,3133,15,0
1446000,3666,16,0
1446000,3664,17,0
1446000,3661,18,0
1446000,3660,19,0
1446000,3658,20,0
1446000,5551,21,0
1446000,3193,22,0
1446000,3500,23,0
1446000,3620,24,0
1446000,3650,25,0
1446000,3141,26,0
1446000,4169,27,0
1446000,3907,28,0
1446000,5912,29,1
1446000,5911,30,1
1446000,5415,31,1
1446001,5912,1,0
1446001,4174,2,0
1446001,5794,3,0
1446001,5795,4,0
1446001,5788,5,0
1446001,5796,6,0
1446001,5797,7,0
1446001,5799,8,0
1446001,3657,9,0
1446001,3659,10,0
1446001,3662,11,0
1446001,3663,12,0
1446001,3653,13,0
1446001,3665,14,0
1446001,3669,15,0
1446001,5800,16,0
1446001,5804,17,0
1446001,5957,18,0
1446001,3145,19,0
1446001,4332,20,0
1446001,3163,21,0
1446001,3161,22,0
1446001,3159,23,0
1446001,5413,24,1
1446001,5414,25,0
1446001,3293,26,0
1446001,3168,27,1
1446001,5900,28,1
1446100,5900,1,0
1446100,3280,2,0
1446100,3278,3,0
1446100,3275,4,0
1446100,4000,5,0
1446100,3345,6,0
1446100,3357,7,0
1446100,3333,8,0
1446100,4053,9,0
1446100,4050,10,0
1446100,4046,11,0
1446100,5824,12,0
1446100,4065,13,0
1446100,4059,14,0
1446100,4057,15,0
1446100,4055,16,0
1446100,4063,17,0
1446100,3198,18,0
1446100,3513,19,0
1446100,3508,20,0
1446100,3511,21,0
1446100,3514,22,0
1446100,5809,23,0
1446100,5810,24,0
1446100,5811,25,0
1446100,3806,26,0
1446100,5812,27,0
1446100,5606,28,0
1446100,5813,29,0
1446100,5519,30,0
1446100,5473,31,0
1446100,5906,32,1
1446101,5906,1,0
1446101,3873,2,0
1446101,3875,3,0
1446101,3426,4,0
1446101,3419,5,0
1446101,3588,6,0
1446101,3167,7,0
1446101,3165,8,0
1446101,3166,9,0
1446101,3188,10,0
1446101,3420,11,0
1446101,3428,12,0
1446101,5822,13,0
1446101,5607,14,0
1446101,5823,15,0
1446101,3510,16,0
1446101,3506,17,0
1446101,3507,18,0
1446101,3883,19,0
1446101,3416,20,0
1446101,3560,21,0
1446101,4016,22,0
1446101,5453,23,0
1446101,4064,24,0
1446101,4056,25,0
1446101,4058,26,0
1446101,4060,27,0
1446101,4066,28,0
1446101,4047,29,0
1446101,4051,30,0
1446101,3324,31,0
1446101,3332,32,0
1446101,3358,33,0
1446101,3344,34,0
1446101,3074,35,0
1446101,3075,36,0
1446101,3076,37,0
1446101,3159,38,0
1446101,5902,39,1
1446101,5900,40,1
1446200,5899,1,0
1446200,3807,2,0
1446200,4324,3,0
1446200,4325,4,0
1446200,4326,5,0
1446200,3241,6,0
1446200,3222,7,0
1446200,3224,8,0
1446200,3225,9,0
1446200,3229,10,0
1446200,3232,11,0
1446200,3622,12,0
1446200,3233,13,0
1446200,3237,14,0
1446200,5764,15,0
1446200,5765,16,0
1446200,5766,17,0
1446200,5767,18,0
1446200,5710,19,0
1446200,3447,20,0
1446200,4383,21,0
1446200,4384,22,0
1446200,4385,23,0
1446200,4354,24,0
1446200,4316,25,0
1446200,4368,26,0
1446200,4320,27,0
1446200,4305,28,0
1446200,4307,29,0
1446200,4373,30,0
1446200,4321,31,0
1446200,5770,32,0
1446200,3526,33,0
1446200,3948,34,0
1446200,4176,35,0
1446200,4178,36,0
1446200,3907,37,0
1446200,5912,38,1
1446201,5912,1,0
1446201,4179,2,0
1446201,4177,3,0
1446201,4175,4,0
1446201,3527,5,0
1446201,3525,6,0
1446201,3524,7,0
1446201,3912,8,0
1446201,3913,9,0
1446201,3257,10,0
1446201,3255,11,0
1446201,3256,12,0
1446201,3258,13,0
1446201,4282,14,0
1446201,5768,15,0
1446201,5769,16,0
1446201,5785,17,0
1446201,5770,18,0
1446201,5771,19,0
1446201,5725,20,0
1446201,5772,21,0
1446201,3242,22,0
1446201,5782,23,0
1446201,3235,24,0
1446201,3238,25,0
1446201,3234,26,0
1446201,3239,27,0
1446201,3231,28,0
1446201,3230,29,0
1446201,3226,30,0
1446201,3223,31,0
1446201,3221,32,0
1446201,4315,33,0
1446201,4313,34,0
1446201,5608,35,0
1446201,4312,36,0
1446201,4311,37,0
1446201,4310,38,0
1446201,3163,39,0
1446201,3161,40,0
1446201,3159,41,0
1446201,5412,42,1
1446201,5414,43,1
1446300,5901,1,0
1446300,3078,2,0
1446300,3077,3,0
1446300,5756,4,0
1446300,3072,5,0
1446300,4043,6,0
1446300,4041,7,0
1446300,4061,8,0
1446300,4371,9,0
1446300,3362,10,0
1446300,3330,11,0
1446300,3339,12,0
1446300,3321,13,0
1446300,3363,14,0
1446300,3349,15,0
1446300,3359,16,0
1446300,3328,17,0
1446300,3341,18,0
1446300,3354,19,0
1446300,5737,20,0
1446300,3351,21,0
1446300,3334,22,0
1446300,4448,23,0
1446300,3323,24,0
1446300,5557,25,0
1446300,5909,26,1
1446301,5910,1,0
1446301,5556,2,0
1446301,4172,3,0
1446301,3335,4,0
1446301,3352,5,0
1446301,3338,6,0
1446301,3342,7,0
1446301,3329,8,0
1446301,3337,9,0
1446301,3360,10,0
1446301,3350,11,0
1446301,3327,12,0
1446301,5738,13,0
1446301,3340,14,0
1446301,3331,15,0
1446301,4052,16,0
1446301,4062,17,0
1446301,4042,18,0
1446301,3073,19,0
1446301,3276,20,0
1446301,3279,21,0
1446301,3281,22,0
1446301,5901,23,1
1446400,5414,1,0
1446400,3280,2,0
1446400,3278,3,0
1446400,3275,4,0
1446400,4000,5,0
1446400,5663,6,0
1446400,5758,7,0
1446400,5759,8,0
1446400,5760,9,0
1446400,3474,10,0
1446400,3472,11,0
1446400,3470,12,0
1446400,3063,13,0
1446400,3067,14,0
1446400,3489,15,0
1446400,3486,16,0
1446400,3491,17,0
1446400,3609,18,0
1446400,3608,19,0
1446400,5761,20,0
1446400,3606,21,0
1446400,3604,22,0
1446400,3499,23,0
1446400,3967,24,0
1446400,3219,25,0
1446400,4390,26,0
1446400,4391,27,0
1446400,4492,28,0
1446400,3085,29,0
1446400,5384,30,0
1446400,5525,31,0
1446400,5997,32,0
1446400,5426,33,0
1446400,5864,34,0
1446400,3798,35,0
1446400,3800,36,0
1446400,3799,37,0
1446400,4212,38,0
1446400,3745,39,0
1446400,4243,40,0
1446400,4244,41,0
1446400,4242,42,0
1446400,3114,43,0
1446400,5571,44,0
1446400,5567,45,0
1446400,3762,46,0
1446400,3765,47,0
1446400,3758,48,0
1446400,3757,49,0
1446400,3759,50,0
1446400,4117,51,0
1446400,3994,52,0
1446400,4251,53,0
1446400,3069,54,0
1446400,4202,55,0
1446400,4422,56,0
1446400,3907,57,0
1446400,5912,58,1
1446400,5911,59,1
1446401,5912,1,0
1446401,4174,2,0
1446401,4074,3,0
1446401,4054,4,0
1446401,3053,5,0
1446401,3707,6,0
1446401,4365,7,0
1446401,3756,8,0
1446401,5370,9,0
1446401,5449,10,0
1446401,4069,11,0
1446401,3197,12,0
1446401,5570,13,0
1446401,3213,14,0
1446401,5388,15,0
1446401,5389,16,0
1446401,5546,17,0
1446401,5383,18,0
1446401,3119,19,0
1446401,4072,20,0
1446401,5561,21,0
1446401,5562,22,0
1446401,5563,23,0
1446401,5564,24,0
1446401,5565,25,0
1446401,3038,26,0
1446401,3034,27,0
1446401,3031,28,0
1446401,4001,29,0
1446401,3603,30,0
1446401,5762,31,0
1446401,3607,32,0
1446401,3492,33,0
1446401,5753,34,0
1446401,3488,35,0
1446401,3068,36,0
1446401,3467,37,0
1446401,4344,38,0
1446401,3473,39,0
1446401,5752,40,0
1446401,5743,41,0
1446401,5755,42,0
1446401,5756,43,0
1446401,3276,44,0
1446401,3279,45,0
1446401,3281,46,0
1446401,5899,47,1
1446401,5415,48,1
1446500,5415,1,0
1446500,3199,2,0
1446500,3201,3,0
1446500,5558,4,0
1446500,3725,5,0
1446500,3723,6,0
1446500,3721,7,0
1446500,3309,8,0
1446500,3311,9,0
1446500,3305,10,0
1446500,3303,11,0
1446500,4419,12,0
1446500,3273,13,0
1446500,5372,14,0
1446500,4425,15,0
1446500,5656,16,0
1446500,3134,17,0
1446500,3254,18,0
1446500,3252,19,0
1446500,3253,20,0
1446500,3248,21,0
1446500,3480,22,0
1446500,4398,23,0
1446500,4399,24,0
1446500,4396,25,0
1446500,4386,26,0
1446500,5560,27,0
1446500,5828,28,0
1446500,5829,29,0
1446500,5404,30,0
1446500,5914,31,0
1446500,5916,32,0
1446500,5653,33,0
1446500,5844,34,1
1446501,5844,1,0
1446501,5401,2,0
1446501,5840,3,0
1446501,5642,4,0
1446501,5643,5,0
1446501,5644,6,0
1446501,5645,7,0
1446501,3288,8,0
1446501,5627,9,0
1446501,3443,10,0
1446501,3446,11,0
1446501,3445,12,0
1446501,3444,13,0
1446501,3442,14,0
1446501,4394,15,0
1446501,4395,16,0
1446501,3268,17,0
1446501,3483,18,0
1446501,3250,19,0
1446501,3249,20,0
1446501,3247,21,0
1446501,5750,22,0
1446501,5700,23,0
1446501,5657,24,0
1446501,5655,25,0
1446501,5373,26,0
1446501,4433,27,0
1446501,3304,28,0
1446501,3306,29,0
1446501,3312,30,0
1446501,3310,31,0
1446501,3722,32,0
1446501,4366,33,0
1446501,3437,34,0
1446501,3978,35,0
1446501,3285,36,0
1446501,5897,37,1
1446501,5415,38,1
1446501,5414,39,1
1446600,5412,1,0
1446600,3282,2,0
1446600,3171,3,0
1446600,4370,4,0
1446600,3727,5,0
1446600,3723,6,0
1446600,3721,7,0
1446600,3309,8,0
1446600,3311,9,0
1446600,3305,10,0
1446600,3303,11,0
1446600,3301,12,0
1446600,3775,13,0
1446600,3774,14,0
1446600,3777,15,0
1446600,3771,16,0
1446600,3399,17,0
1446600,4480,18,0
1446600,3409,19,0
1446600,3405,20,0
1446600,3403,21,0
1446600,3401,22,0
1446600,4447,23,0
1446600,4446,24,0
1446600,4292,25,0
1446600,3441,26,0
1446600,3440,27,0
1446600,3985,28,0
1446600,3717,29,0
1446600,4108,30,0
1446600,4107,31,0
1446600,3998,32,0
1446600,3433,33,0
1446600,3435,34,0
1446600,3616,35,0
1446600,5846,36,0
1446600,3926,37,0
1446600,3928,38,0
1446600,3755,39,0
1446600,5847,40,0
1446600,3731,41,0
1446600,3732,42,0
1446600,3736,43,0
1446600,5908,44,1
1446601,5908,1,0
1446601,3733,2,0
1446601,3754,3,0
1446601,3925,4,0
1446601,3927,5,0
1446601,5848,6,0
1446601,3619,7,0
1446601,3438,8,0
1446601,3431,9,0
1446601,3996,10,0
1446601,3997,11,0
1446601,3430,12,0
1446601,3436,13,0
1446601,3432,14,0
1446601,3439,15,0
1446601,4293,16,0
1446601,4445,17,0
1446601,3407,18,0
1446601,3400,19,0
1446601,3402,20,0
1446601,3406,21,0
1446601,3410,22,0
1446601,4227,23,0
1446601,3772,24,0
1446601,3778,25,0
1446601,3773,26,0
1446601,3776,27,0
1446601,3302,28,0
1446601,3304,29,0
1446601,3306,30,0
1446601,3312,31,0
1446601,3310,32,0
1446601,3722,33,0
1446601,4366,34,0
1446601,3437,35,0
1446601,3978,36,0
1446601,3285,37,0
1446601,5897,38,1
1446700,5453,1,0
1446700,4064,2,0
1446700,4056,3,0
1446700,4058,4,0
1446700,4060,5,0
1446700,4066,6,0
1446700,4047,7,0
1446700,4051,8,0
1446700,3362,9,0
1446700,3330,10,0
1446700,3339,11,0
1446700,4135,12,0
1446700,4148,13,0
1446700,4121,14,0
1446700,4124,15,0
1446700,4141,16,0
1446700,4149,17,0
1446700,4162,18,0
1446700,5903,19,0
1446700,4076,20,0
1446700,3787,21,0
1446700,3991,22,0
1446700,4328,23,0
1446700,4379,24,0
1446700,4378,25,0
1446700,3992,26,0
1446700,3532,27,0
1446700,3737,28,0
1446700,5907,29,0
1446700,3733,30,0
1446700,3754,31,0
1446700,5852,32,0
1446700,3700,33,0
1446700,3709,34,0
1446700,3706,35,0
1446700,3708,36,0
1446700,3713,37,0
1446700,3904,38,0
1446700,3596,39,0
1446700,3602,40,0
1446700,3598,41,0
1446700,5853,42,0
1446700,5854,43,0
1446700,5428,44,0
1446700,3644,45,0
1446700,3641,46,0
1446700,3734,47,0
1446700,3731,48,0
1446700,3732,49,0
1446700,3736,50,0
1446700,5908,51,1
1446701,5908,1,0
1446701,3735,2,0
1446701,3531,3,0
1446701,3993,4,0
1446701,4374,5,0
1446701,4375,6,0
1446701,4329,7,0
1446701,3990,8,0
1446701,4343,9,0
1446701,4077,10,0
1446701,4078,11,0
1446701,5742,12,0
1446701,5741,13,0
1446701,5904,14,0
1446701,4163,15,0
1446701,4154,16,0
1446701,4142,17,0
1446701,4123,18,0
1446701,4120,19,0
1446701,4118,20,0
1446701,4136,21,0
1446701,3327,22,0
1446701,5738,23,0
1446701,3340,24,0
1446701,4053,25,0
1446701,4050,26,0
1446701,4046,27,0
1446701,5824,28,0
1446701,4065,29,0
1446701,4059,30,0
1446701,4057,31,0
1446701,4055,32,0
1446701,3688,33,0
1446701,3504,34,0
1446701,3505,35,0
1446701,3512,36,0
1446701,3509,37,0
1446701,5453,38,1
1446800,5415,1,0
1446800,3199,2,0
1446800,3201,3,0
1446800,3287,4,0
1446800,3523,5,0
1446800,3273,6,0
1446800,5380,7,0
1446800,5381,8,0
1446800,3479,9,0
1446800,3274,10,0
1446800,5379,11,0
1446800,4221,12,0
1446800,4220,13,0
1446800,3793,14,0
1446800,3538,15,0
1446800,4266,16,0
1446800,4006,17,0
1446800,4007,18,0
1446800,4008,19,0
1446800,4009,20,0
1446800,3812,21,0
1446800,3808,22,0
1446800,3811,23,0
1446800,3299,24,0
1446800,3459,25,0
1446800,4216,26,0
1446800,3460,27,0
1446800,5602,28,1
1446801,5602,1,0
1446801,3710,2,0
1446801,4372,3,0
1446801,3485,4,0
1446801,3809,5,0
1446801,3296,6,0
1446801,3999,7,0
1446801,3300,8,0
1446801,3801,9,0
1446801,3803,10,0
1446801,3805,11,0
1446801,4380,12,0
1446801,4382,13,0
1446801,4441,14,0
1446801,4381,15,0
1446801,3810,16,0
1446801,3522,17,0
1446801,3520,18,0
1446801,5416,19,0
1446801,4093,20,0
1446801,4263,21,0
1446801,4434,22,0
1446801,3728,23,0
1446801,3729,24,0
1446801,5382,25,0
1446801,3697,26,0
1446801,3477,27,0
1446801,3683,28,0
1446801,5373,29,0
1446801,3289,30,0
1446801,3290,31,0
1446801,3209,32,0
1446801,3202,33,0
1446801,3283,34,0
1446801,5415,35,1
1446801,5902,36,1
1446900,5913,1,0
1446900,3279,2,0
1446900,5413,3,1
1446900,5415,4,1
1446900,3164,5,1
1446901,3164,1,0
1446901,5913,2,1
1447000,5902,1,0
1447000,3282,2,0
1447000,3170,3,0
1447000,3172,4,0
1447000,3173,5,0
1447000,3175,6,0
1447000,3186,7,0
1447000,4162,8,0
1447000,5904,9,0
1447000,5391,10,0
1447000,5392,11,0
1447000,4161,12,0
1447000,3747,13,0
1447000,4487,14,0
1447000,4218,15,0
1447000,4002,16,0
1447000,3314,17,0
1447000,4349,18,0
1447000,3313,19,0
1447000,3423,20,0
1447000,5728,21,0
1447000,3429,22,0
1447000,3427,23,0
1447000,3426,24,0
1447000,3419,25,0
1447000,3588,26,0
1447000,3167,27,0
1447000,3165,28,0
1447000,3166,29,0
1447000,3188,30,0
1447000,3420,31,0
1447000,3428,32,0
1447000,5473,33,0
1447000,5906,34,1
1447001,5906,1,0
1447001,3873,2,0
1447001,3875,3,0
1447001,4217,4,0
1447001,5721,5,0
1447001,5722,6,0
1447001,5612,7,0
1447001,5805,8,0
1447001,5826,9,0
1447001,5807,10,0
1447001,5808,11,0
1447001,3315,12,0
1447001,4215,13,0
1447001,3353,14,0
1447001,3746,15,0
1447001,4166,16,0
1447001,5935,17,0
1447001,4163,18,0
1447001,3187,19,0
1447001,3176,20,0
1447001,3174,21,0
1447001,5900,22,1
1447001,5902,23,1
1447100,5935,1,0
1447100,4163,2,0
1447100,4154,3,0
1447100,4142,4,0
1447100,4123,5,0
1447100,4120,6,0
1447100,4118,7,0
1447100,4136,8,0
1447100,4134,9,0
1447100,4132,10,0
1447100,4127,11,0
1447100,4152,12,0
1447100,4143,13,0
1447100,3370,14,0
1447100,5678,15,0
1447100,5676,16,0
1447100,5680,17,0
1447100,5682,18,0
1447100,5485,19,0
1447100,5683,20,0
1447100,3466,21,0
1447100,5626,22,0
1447100,5483,23,0
1447100,5532,24,0
1447100,5531,25,0
1447100,5675,26,0
1447100,5674,27,0
1447100,5520,28,0
1447100,5554,29,0
1447100,4345,30,0
1447100,5333,31,0
1447100,3714,32,1
1447101,3714,1,0
1447101,3715,2,0
1447101,3716,3,0
1447101,3719,4,0
1447101,5475,5,0
1447101,5476,6,0
1447101,5482,7,0
1447101,3465,8,0
1447101,5681,9,0
1447101,5679,10,0
1447101,4156,11,0
1447101,5677,12,0
1447101,4150,13,0
1447101,4144,14,0
1447101,4153,15,0
1447101,4128,16,0
1447101,4130,17,0
1447101,4133,18,0
1447101,4135,19,0
1447101,4148,20,0
1447101,4121,21,0
1447101,4124,22,0
1447101,4141,23,0
1447101,4149,24,0
1447101,4162,25,0
1447101,5931,26,0
1447101,4444,27,1
1447200,5909,1,0
1447200,5751,2,0
1447200,3372,3,0
1447200,3382,4,0
1447200,3378,5,0
1447200,3389,6,0
1447200,5429,7,0
1447200,3375,8,0
1447200,3374,9,0
1447200,3366,10,0
1447200,3386,11,0
1447200,5757,12,0
1447200,5744,13,0
1447200,5745,14,0
1447200,5746,15,0
1447200,4030,16,0
1447200,3911,17,0
1447200,4472,18,0
1447200,3910,19,0
1447200,3909,20,0
1447200,5747,21,0
1447200,5748,22,0
1447200,5749,23,0
1447200,4479,24,0
1447200,5919,25,0
1447200,4417,26,0
1447200,4416,27,0
1447200,4413,28,0
1447200,4414,29,0
1447200,3001,30,0
1447200,3003,31,0
1447200,4228,32,0
1447200,4229,33,0
1447200,4231,34,0
1447200,4232,35,0
1447200,3007,36,0
1447200,3006,37,0
1447200,3739,38,0
1447200,4166,39,0
1447200,5935,40,1
1447201,4444,1,0
1447201,4161,2,0
1447201,3008,3,0
1447201,3005,4,0
1447201,4234,5,0
1447201,4230,6,0
1447201,3002,7,0
1447201,3004,8,0
1447201,4410,9,0
1447201,4411,10,0
1447201,4412,11,0
1447201,4415,12,0
1447201,4418,13,0
1447201,5920,14,0
1447201,4033,15,0
1447201,4035,16,0
1447201,4031,17,0
1447201,5458,18,0
1447201,5459,19,0
1447201,5460,20,0
1447201,5461,21,0
1447201,4196,22,0
1447201,4199,23,0
1447201,4197,24,0
1447201,4198,25,0
1447201,3822,26,0
1447201,3387,27,0
1447201,3367,28,0
1447201,3379,29,0
1447201,3376,30,0
1447201,3365,31,0
1447201,3377,32,0
1447201,3381,33,0
1447201,3371,34,0
1447201,5909,35,1
1447300,5910,1,0
1447300,3380,2,0
1447300,3369,3,0
1447300,3579,4,0
1447300,3429,5,0
1447300,5432,6,0
1447300,5433,7,0
1447300,5434,8,0
1447300,5435,9,0
1447300,5821,10,0
1447300,3829,11,0
1447300,5906,12,0
1447300,5855,13,0
1447300,3844,14,0
1447300,5856,15,0
1447300,5857,16,0
1447300,3639,17,0
1447300,3631,18,0
1447300,4010,19,0
1447300,4011,20,0
1447300,4013,21,0
1447300,3688,22,0
1447300,4337,23,0
1447300,5859,24,0
1447300,3885,25,0
1447300,3889,26,0
1447300,3888,27,0
1447300,3886,28,0
1447300,3884,29,0
1447300,3898,30,0
1447300,3895,31,0
1447300,3891,32,0
1447300,3074,33,0
1447300,3075,34,0
1447300,3076,35,0
1447300,3159,36,0
1447300,5412,37,1
1447301,5897,1,0
1447301,3078,2,0
1447301,3077,3,0
1447301,3890,4,0
1447301,3893,5,0
1447301,3220,6,0
1447301,3896,7,0
1447301,3897,8,0
1447301,3024,9,0
1447301,3026,10,0
1447301,3027,11,0
1447301,3028,12,0
1447301,5456,13,0
1447301,3986,14,0
1447301,3157,15,0
1447301,4167,16,0
1447301,4081,17,0
1447301,4168,18,0
1447301,3638,19,0
1447301,3632,20,0
1447301,3626,21,0
1447301,3636,22,0
1447301,5858,23,0
1447301,3878,24,0
1447301,3970,25,0
1447301,3743,26,0
1447301,3392,27,0
1447301,3830,28,0
1447301,5906,29,1
1447301,5905,30,0
1447301,3873,31,0
1447301,3875,32,0
1447301,3874,33,0
1447301,3872,34,0
1447301,3871,35,0
1447301,3422,36,0
1447301,5721,37,0
1447301,3578,38,0
1447301,3390,39,0
1447301,3368,40,0
1447301,3383,41,0
1447301,3388,42,0
1447301,5910,43,1
1447400,3164,1,0
1447400,3143,2,0
1447400,3160,3,0
1447400,3162,4,0
1447400,4324,5,0
1447400,4325,6,0
1447400,4326,7,0
1447400,3241,8,0
1447400,3222,9,0
1447400,3224,10,0
1447400,3225,11,0
1447400,3229,12,0
1447400,3232,13,0
1447400,3622,14,0
1447400,3233,15,0
1447400,3237,16,0
1447400,4005,17,0
1447400,3690,18,0
1447400,3691,19,0
1447400,3692,20,0
1447400,4129,21,0
1447400,3262,22,0
1447400,3261,23,0
1447400,3551,24,0
1447400,4071,25,0
1447400,3236,26,0
1447400,4354,27,0
1447400,4316,28,0
1447400,4368,29,0
1447400,4320,30,0
1447400,4305,31,0
1447400,4307,32,0
1447400,4373,33,0
1447400,4321,34,0
1447400,5770,35,0
1447400,3526,36,0
1447400,3948,37,0
1447400,4176,38,0
1447400,4178,39,0
1447400,3907,40,0
1447400,5911,41,1
1447401,5912,1,0
1447401,4179,2,0
1447401,4177,3,0
1447401,4175,4,0
1447401,3527,5,0
1447401,3525,6,0
1447401,3524,7,0
1447401,3912,8,0
1447401,3913,9,0
1447401,3257,10,0
1447401,3255,11,0
1447401,3256,12,0
1447401,3258,13,0
1447401,4282,14,0
1447401,3490,15,0
1447401,3503,16,0
1447401,3263,17,0
1447401,3260,18,0
1447401,3259,19,0
1447401,3689,20,0
1447401,3685,21,0
1447401,3264,22,0
1447401,4019,23,0
1447401,4018,24,0
1447401,3235,25,0
1447401,3238,26,0
1447401,3234,27,0
1447401,3239,28,0
1447401,3231,29,0
1447401,3230,30,0
1447401,3226,31,0
1447401,3223,32,0
1447401,3221,33,0
1447401,4315,34,0
1447401,4313,35,0
1447401,5608,36,0
1447401,4312,37,0
1447401,4311,38,0
1447401,4310,39,0
1447401,3163,40,0
1447401,3161,41,0
1447401,3159,42,0
1447401,5902,43,1
1447500,3459,1,0
1447500,3461,2,0
1447500,4164,3,0
1447500,4029,4,0
1447500,4028,5,0
1447500,5592,6,0
1447500,4089,7,0
1447500,3346,8,0
1447500,3347,9,0
1447500,4086,10,0
1447500,4087,11,0
1447500,5584,12,0
1447500,5590,13,0
1447500,5589,14,0
1447500,5588,15,1
1447501,5588,1,0
1447501,5587,2,0
1447501,5585,3,0
1447501,4213,4,0
1447501,5579,5,0
1447501,5577,6,0
1447501,5575,7,0
1447501,5573,8,0
1447501,4381,9,0
1447501,3804,10,0
1447501,5866,11,0
1447501,3802,12,0
1447501,3812,13,0
1447501,3808,14,0
1447501,3811,15,0
1447501,3299,16,0
1447501,3459,17,1
1447600,5904,1,0
1447600,4076,2,0
1447600,4077,3,0
1447600,3008,4,0
1447600,3005,5,0
1447600,4233,6,0
1447600,4236,7,0
1447600,4239,8,0
1447600,3013,9,0
1447600,3019,10,0
1447600,3011,11,0
1447600,4352,12,0
1447600,4407,13,0
1447600,4408,14,0
1447600,4409,15,0
1447600,4404,16,0
1447600,5773,17,0
1447600,4309,18,0
1447600,5888,19,1
1447601,5888,1,0
1447601,5889,2,0
1447601,5872,3,0
1447601,5605,4,0
1447601,3023,5,0
1447601,3015,6,0
1447601,3020,7,0
1447601,3022,8,0
1447601,3010,9,0
1447601,4241,10,0
1447601,4240,11,0
1447601,4237,12,0
1447601,3007,13,0
1447601,3006,14,0
1447601,5427,15,0
1447601,4078,16,0
1447601,5742,17,0
1447601,5741,18,0
1447601,5904,19,1
1447700,5904,1,0
1447700,5391,2,0
1447700,5392,3,0
1447700,4161,4,0
1447700,4106,5,0
1447700,4096,6,0
1447700,4100,7,0
1447700,4104,8,0
1447700,3623,9,0
1447700,4358,10,0
1447700,4432,11,0
1447700,5595,12,0
1447700,3696,13,0
1447700,3929,14,0
1447700,3813,15,0
1447700,4281,16,0
1447700,3152,17,0
1447700,3153,18,0
1447700,3149,19,0
1447700,4160,20,0
1447700,4194,21,0
1447700,3155,22,0
1447700,3156,23,0
1447700,3617,24,0
1447700,3900,25,0
1447700,3901,26,0
1447700,3902,27,0
1447700,5491,28,0
1447700,5493,29,0
1447700,5497,30,0
1447700,5705,31,1
1447700,4195,32,1
1447701,5705,1,0
1447701,5707,2,0
1447701,5709,3,0
1447701,3482,4,0
1447701,3481,5,0
1447701,3921,6,0
1447701,3137,7,0
1447701,4195,8,0
1447701,4254,9,0
1447701,4327,10,0
1447701,3148,11,0
1447701,3286,12,0
1447701,3307,13,0
1447701,3694,14,0
1447701,3695,15,0
1447701,5599,16,0
1447701,5763,17,0
1447701,4304,18,0
1447701,4095,19,0
1447701,4105,20,0
1447701,4101,21,0
1447701,4097,22,0
1447701,4410,23,0
1447701,5742,24,0
1447701,5741,25,0
1447701,5904,26,1
1447800,5904,1,0
1447800,4076,2,0
1447800,4077,3,0
1447800,3008,4,0
1447800,3005,5,0
1447800,4233,6,0
1447800,4236,7,0
1447800,4239,8,0
1447800,3013,9,0
1447800,3019,10,0
1447800,3011,11,0
1447800,4352,12,0
1447800,3016,13,0
1447800,5781,14,0
1447800,5775,15,0
1447800,5344,16,0
1447800,5774,17,0
1447800,5526,18,0
1447800,5943,19,0
1447800,5865,20,0
1447800,5955,21,0
1447800,5945,22,0
1447800,5946,23,1
1447801,5946,1,0
1447801,5978,2,0
1447801,5979,3,0
1447801,5947,4,0
1447801,5949,5,0
1447801,5948,6,0
1447801,5980,7,0
1447801,4253,8,0
1447801,5363,9,0
1447801,5868,10,0
1447801,5869,11,0
1447801,5873,12,0
1447801,3023,13,0
1447801,3015,14,0
1447801,3020,15,0
1447801,3022,16,0
1447801,3010,17,0
1447801,4241,18,0
1447801,4240,19,0
1447801,4237,20,0
1447801,3007,21,0
1447801,3006,22,0
1447801,5427,23,0
1447801,4078,24,0
1447801,5742,25,0
1447801,5741,26,0
1447801,5904,27,1
1447900,5897,1,0
1447900,3143,2,0
1447900,3160,3,0
1447900,3162,4,0
1447900,4325,5,0
1447900,4314,6,0
1447900,5373,7,0
1447900,3532,8,0
1447900,3737,9,0
1447900,5907,10,0
1447900,3733,11,0
1447900,3754,12,0
1447900,3925,13,0
1447900,3927,14,0
1447900,5848,15,0
1447900,3618,16,0
1447900,3752,17,0
1447900,3700,18,0
1447900,3709,19,0
1447900,3706,20,0
1447900,3708,21,0
1447900,3713,22,0
1447900,3904,23,0
1447900,3596,24,0
1447900,3602,25,0
1447900,3598,26,0
1447900,5853,27,0
1447900,5854,28,0
1447900,5428,29,0
1447900,3644,30,0
1447900,3641,31,0
1447900,3734,32,0
1447900,3731,33,0
1447900,3732,34,0
1447900,3736,35,0
1447900,5908,36,1
1447901,5908,1,0
1447901,3735,2,0
1447901,3531,3,0
1447901,3273,4,0
1447901,5372,5,0
1447901,4315,6,0
1447901,4312,7,0
1447901,4318,8,0
1447901,4098,9,0
1447901,3283,10,0
1447901,5897,11,1
1447901,5415,12,1
1448300,3890,1,0
1448300,3893,2,0
1448300,3896,3,0
1448300,3897,4,0
1448300,3179,5,0
1448300,3182,6,0
1448300,4302,7,0
1448300,3356,8,0
1448300,4301,9,0
1448300,4303,10,0
1448300,3621,11,0
1448300,3630,12,0
1448300,3627,13,0
1448300,3885,14,0
1448300,3889,15,0
1448300,3888,16,0
1448300,3886,17,0
1448300,3983,18,0
1448300,5896,19,0
1448300,3577,20,0
1448300,3574,21,0
1448300,3567,22,0
1448300,3976,23,0
1448300,3563,24,0
1448300,3553,25,0
1448300,3558,26,0
1448300,3569,27,0
1448300,4032,28,0
1448300,3561,29,0
1448300,3572,30,0
1448300,4348,31,0
1448300,5355,32,1
1448301,4348,1,0
1448301,3828,2,0
1448301,3830,3,0
1448301,5855,4,0
1448301,3814,5,0
1448301,3568,6,0
1448301,3575,7,0
1448301,3552,8,0
1448301,3557,9,0
1448301,3562,10,0
1448301,3550,11,0
1448301,3548,12,0
1448301,3573,13,0
1448301,5339,14,0
1448301,3179,15,0
1448301,3182,16,0
1448301,4302,17,0
1448301,3356,18,0
1448301,4301,19,0
1448301,4303,20,0
1448301,3621,21,0
1448301,3630,22,0
1448301,3627,23,0
1448301,3885,24,0
1448301,3889,25,0
1448301,3888,26,0
1448301,3886,27,0
1448301,3884,28,0
1448301,3898,29,0
1448301,3895,30,0
1448301,3891,31,1
1448400,5792,1,0
1448400,3658,2,0
1448400,5911,3,1
1448401,5911,1,0
1448401,5800,2,1
1448501,4052,1,0
1448501,3969,2,0
1448501,4062,3,0
1448501,4042,4,0
1448501,3073,5,0
1448501,3276,6,0
1448501,3279,7,0
1448501,3281,8,0
1448501,5413,9,1
1448501,5415,10,1
1448700,5910,1,0
1448700,3380,2,0
1448700,3369,3,0
1448700,3579,4,0
1448700,3590,5,0
1448700,3373,6,0
1448700,3554,7,0
1448700,3556,8,0
1448700,3571,9,0
1448700,3559,10,0
1448700,3814,11,0
1448700,3568,12,0
1448700,3575,13,0
1448700,3552,14,0
1448700,3557,15,0
1448700,3562,16,0
1448700,3550,17,1
1448701,3976,1,0
1448701,3563,2,0
1448701,3553,3,0
1448701,3558,4,0
1448701,3569,5,0
1448701,4032,6,0
1448701,3561,7,0
1448701,3572,8,0
1448701,4348,9,0
1448701,5355,10,0
1448701,3578,11,0
1448701,3390,12,0
1448701,3368,13,0
1448701,3383,14,0
1448701,3388,15,0
1448701,5909,16,1
1448800,5593,1,0
1448800,5594,2,0
1448800,3936,3,0
1448800,3939,4,0
1448800,3937,5,0
1448800,3938,6,0
1448800,3934,7,0
1448800,5387,8,0
1448800,3686,9,0
1448800,3933,10,0
1448800,3931,11,0
1448800,3932,12,0
1448800,3790,13,0
1448800,3245,14,0
1448800,3789,15,0
1448800,3580,16,0
1448800,3582,17,0
1448800,3820,18,0
1448800,3579,19,0
1448800,3590,20,0
1448800,3373,21,0
1448800,3554,22,0
1448800,4222,23,1
1448800,3828,24,1
1448801,4348,1,0
1448801,5355,2,0
1448801,3578,3,0
1448801,5845,4,0
1448801,5593,5,0
1448801,5594,6,0
1448801,3936,7,0
1448801,3939,8,0
1448801,3937,9,0
1448801,3938,10,0
1448801,3934,11,0
1448801,5387,12,0
1448801,3686,13,0
1448801,3933,14,0
1448801,3931,15,0
1448801,3932,16,0
1448801,3790,17,0
1448801,3245,18,0
1448801,3789,19,0
1448801,3580,20,0
1448801,3582,21,0
1448801,3820,22,1
1448900,5897,1,0
1448900,3143,2,0
1448900,3160,3,0
1448900,3162,4,0
1448900,4325,5,0
1448900,4314,6,0
1448900,5373,7,0
1448900,3532,8,0
1448900,3737,9,0
1448900,5907,10,0
1448900,3733,11,0
1448900,3730,12,0
1448900,4423,13,0
1448900,4424,14,0
1448900,3646,15,0
1448900,3643,16,0
1448900,3645,17,0
1448900,3648,18,0
1448900,3671,19,0
1448900,3395,20,0
1448900,3396,21,0
1448900,3393,22,0
1448900,3601,23,0
1448900,3594,24,0
1448900,3591,25,0
1448900,3597,26,0
1448900,3593,27,0
1448900,3903,28,0
1448900,5891,29,0
1448900,5892,30,0
1448900,5893,31,0
1448900,3734,32,0
1448900,3731,33,0
1448900,3732,34,0
1448900,3736,35,0
1448900,5908,36,1
1448901,5908,1,0
1448901,3735,2,0
1448901,3531,3,0
1448901,3273,4,0
1448901,5372,5,0
1448901,4315,6,0
1448901,4312,7,0
1448901,4318,8,0
1448901,4098,9,0
1448901,3283,10,0
1448901,5897,11,1
1449000,5744,1,0
1449000,5745,2,0
1449000,5746,3,0
1449000,4030,4,0
1449000,3911,5,0
1449000,4472,6,0
1449000,3910,7,0
1449000,3909,8,0
1449000,5747,9,0
1449000,5748,10,0
1449000,5749,11,0
1449000,4479,12,0
1449000,3001,13,0
1449000,3003,14,0
1449000,4228,15,0
1449000,4229,16,0
1449000,4231,17,0
1449000,4232,18,0
1449000,4233,19,0
1449000,4236,20,0
1449000,4239,21,0
1449000,3013,22,0
1449000,3019,23,0
1449000,3011,24,0
1449000,5781,25,0
1449000,5873,26,1
1449001,5873,1,0
1449001,3020,2,0
1449001,3022,3,0
1449001,3010,4,0
1449001,4241,5,0
1449001,4240,6,0
1449001,4237,7,0
1449001,4234,8,0
1449001,4230,9,0
1449001,3002,10,0
1449001,3004,11,0
1449001,4410,12,0
1449001,4033,13,0
1449001,4035,14,0
1449001,4031,15,0
1449001,5458,16,0
1449001,5459,17,0
1449001,5460,18,0
1449001,5461,19,0
1449001,4196,20,0
1449001,4199,21,0
1449001,4197,22,0
1449001,4198,23,0
1449001,3822,24,0
1449001,3387,25,0
1449001,3367,26,0
1449001,3379,27,0
1449001,3376,28,0
1449001,3365,29,0
1449001,3377,30,0
1449001,3381,31,0
1449001,3371,32,0
1449001,5909,33,1
1449100,5902,1,0
1449100,5378,2,1
1449101,5378,1,0
1449101,3283,2,0
1449101,5413,3,1
1449200,5899,1,0
1449200,3282,2,0
1449200,3170,3,0
1449200,3172,4,0
1449200,3173,5,0
1449200,3175,6,0
1449200,3186,7,0
1449200,4162,8,0
1449200,5931,9,0
1449200,5932,10,0
1449200,4161,11,0
1449200,5569,12,0
1449200,5596,13,0
1449200,3992,14,0
1449200,5598,15,0
1449200,5781,16,0
1449200,5775,17,0
1449200,5344,18,0
1449200,5713,19,0
1449200,3900,20,0
1449200,3901,21,0
1449200,3902,22,0
1449200,5491,23,0
1449200,5493,24,0
1449200,5497,25,0
1449200,5705,26,1
1449201,5705,1,0
1449201,5707,2,0
1449201,5709,3,0
1449201,3482,4,0
1449201,3481,5,0
1449201,3484,6,0
1449201,5868,7,1
1449300,5899,1,0
1449300,3282,2,0
1449300,3170,3,0
1449300,3172,4,0
1449300,3173,5,0
1449300,3175,6,0
1449300,3186,7,0
1449300,4162,8,0
1449300,5931,9,0
1449300,5932,10,0
1449300,4161,11,0
1449300,5569,12,0
1449300,5596,13,0
1449300,3992,14,0
1449300,5598,15,0
1449300,5781,16,0
1449300,5775,17,0
1449300,5344,18,0
1449300,5774,19,0
1449300,5526,20,0
1449300,4289,21,0
1449300,4290,22,0
1449300,4291,23,0
1449300,4296,24,0
1449300,3454,25,0
1449300,3457,26,0
1449300,3458,27,1
1449301,3458,1,0
1449301,5867,2,0
1449301,4255,3,0
1449301,4253,4,0
1449301,5363,5,0
1449301,5868,6,1
1449400,5899,1,0
1449400,3282,2,0
1449400,3170,3,0
1449400,3172,4,0
1449400,3173,5,0
1449400,3175,6,0
1449400,3186,7,0
1449400,4162,8,0
1449400,5931,9,0
1449400,5932,10,0
1449400,4161,11,0
1449400,5569,12,0
1449400,5596,13,0
1449400,3992,14,0
1449400,5598,15,0
1449400,5781,16,0
1449400,5775,17,0
1449400,5344,18,0
1449400,5371,19,0
1449400,5863,20,0
1449400,3018,21,0
1449400,3963,22,0
1449400,3960,23,0
1449400,5894,24,0
1449400,4363,25,0
1449400,4451,26,0
1449400,4452,27,0
1449400,4453,28,0
1449400,4454,29,0
1449400,4455,30,0
1449400,4463,31,1
1449401,4463,1,0
1449401,4464,2,0
1449401,4465,3,0
1449401,4466,4,0
1449401,5601,5,0
1449401,5603,6,0
1449401,5604,7,0
1449401,5895,8,0
1449401,5498,9,0
1449401,5890,10,0
1449401,5868,11,1
1449500,5899,1,0
1449500,3282,2,0
1449500,3170,3,0
1449500,3172,4,0
1449500,3173,5,0
1449500,3175,6,0
1449500,3186,7,0
1449500,4162,8,0
1449500,5931,9,0
1449500,5932,10,0
1449500,4161,11,0
1449500,5569,12,0
1449500,5596,13,0
1449500,3992,14,0
1449500,5598,15,0
1449500,5781,16,0
1449500,5775,17,0
1449500,5344,18,0
1449500,5371,19,0
1449500,5863,20,0
1449500,5605,21,0
1449500,3023,22,0
1449500,3015,23,0
1449500,3020,24,0
1449500,3022,25,0
1449500,4095,26,0
1449500,4406,27,0
1449500,4407,28,0
1449500,4408,29,0
1449500,4409,30,1
1449501,4409,1,0
1449501,5952,2,0
1449501,5951,3,0
1449501,4457,4,0
1449501,4458,5,0
1449501,4460,6,0
1449501,5950,7,0
1449501,5895,8,0
1449501,5498,9,0
1449501,5890,10,0
1449501,5868,11,1
1449600,5904,1,0
1449600,5391,2,0
1449600,5392,3,0
1449600,4161,4,0
1449600,5557,5,0
1449600,3877,6,0
1449600,3348,7,0
1449600,3361,8,0
1449600,3196,9,0
1449600,5875,10,0
1449600,5877,11,0
1449600,4022,12,0
1449600,4295,13,0
1449600,4300,14,0
1449600,5593,15,0
1449600,5594,16,0
1449600,3936,17,0
1449600,3939,18,0
1449600,3937,19,0
1449600,3938,20,0
1449600,3934,21,1
1449601,3934,1,0
1449601,5387,2,0
1449601,3529,3,0
1449601,3530,4,0
1449601,3528,5,0
1449601,3789,6,0
1449601,3580,7,0
1449601,3582,8,0
1449601,3820,9,0
1449601,3817,10,0
1449601,3823,11,0
1449601,4364,12,0
1449601,3819,13,0
1449601,3629,14,0
1449601,3343,15,0
1449601,3975,16,0
1449601,3605,17,0
1449601,5556,18,0
1449601,5742,19,0
1449601,5741,20,0
1449601,5904,21,1
1449800,5898,1,0
1449800,4314,2,0
1449800,3804,3,0
1449800,5866,4,0
1449800,3802,5,0
1449800,3812,6,0
1449800,3808,7,0
1449800,3811,8,0
1449800,3299,9,0
1449800,3459,10,0
1449800,4216,11,0
1449800,3460,12,0
1449800,5602,13,0
1449800,4164,14,0
1449800,4029,15,0
1449800,4028,16,0
1449800,5592,17,0
1449800,4089,18,0
1449800,3346,19,0
1449800,3347,20,0
1449800,4086,21,0
1449800,4087,22,0
1449800,5584,23,0
1449800,5590,24,0
1449800,5589,25,0
1449800,5588,26,1
1449801,5898,1,0
1449801,3532,2,0
1449801,5907,3,0
1449801,3735,4,0
1449801,3812,5,0
1449801,3808,6,0
1449801,3811,7,0
1449801,3299,8,0
1449801,3809,9,0
1449801,3296,10,0
1449801,3999,11,0
1449801,3300,12,0
1449801,3801,13,0
1449801,3803,14,0
1449801,3805,15,0
1449801,4380,16,0
1449801,4382,17,0
1449801,4441,18,0
1449801,4381,19,1
1449900,5868,1,0
1449900,5869,2,0
1449900,5873,3,0
1449900,5890,4,0
1449900,5713,5,0
1449900,3900,6,0
1449900,3901,7,0
1449900,3902,8,0
1449900,5491,9,0
1449900,5493,10,0
1449900,5497,11,0
1449900,5705,12,0
1449900,5707,13,0
1449900,5709,14,0
1449900,3482,15,0
1449900,3481,16,0
1449900,3484,17,0
1449900,5599,18,0
1449900,3993,19,0
1449900,5597,20,0
1449900,3739,21,0
1449900,4166,22,0
1449900,5935,23,0
1449900,4163,24,0
1449900,3187,25,0
1449900,3176,26,0
1449900,3294,27,0
1449900,3292,28,0
1449900,5899,29,1
1449901,5781,1,0
1449901,5775,2,0
1449901,5344,3,0
1449901,5713,4,0
1449901,3900,5,0
1449901,3901,6,0
1449901,3902,7,0
1449901,5491,8,0
1449901,5493,9,0
1449901,5497,10,0
1449901,5705,11,0
1449901,5707,12,0
1449901,5709,13,0
1449901,3482,14,0
1449901,3481,15,0
1449901,3484,16,0
1450000,5904,1,0
1450000,5391,2,0
1450000,5392,3,0
1450000,4161,4,0
1450000,5557,5,0
1450000,3877,6,0
1450000,3348,7,0
1450000,3361,8,0
1450000,3196,9,0
1450000,5875,10,0
1450000,5877,11,0
1450000,4022,12,0
1450000,4295,13,0
1450000,4300,14,0
1450000,3818,15,0
1450000,4223,16,0
1450000,4224,17,0
1450000,4225,18,0
1450000,3686,19,0
1450000,3933,20,0
1450000,3931,21,0
1450000,3932,22,0
1450000,5882,23,0
1450000,5883,24,0
1450000,5884,25,0
1450000,4246,26,0
1450000,4248,27,1
1450001,4248,1,0
1450001,5452,2,0
1450001,3243,3,0
1450001,3244,4,0
1450001,3790,5,0
1450001,3245,6,0
1450001,3789,7,0
1450001,3580,8,0
1450001,3582,9,0
1450001,3820,10,0
1450001,3817,11,0
1450001,3823,12,0
1450001,4364,13,0
1450001,3819,14,0
1450001,3629,15,0
1450001,3343,16,0
1450001,3975,17,0
1450001,3605,18,0
1450001,5556,19,0
1450001,5742,20,0
1450001,5741,21,0
1450001,5904,22,1
1450100,3373,1,0
1450100,3554,2,0
1450100,4222,3,0
1450100,3392,4,0
1450100,3830,5,0
1450100,5905,6,0
1450100,5466,7,0
1450100,5467,8,0
1450100,5468,9,0
1450100,5469,10,0
1450100,4036,11,0
1450100,5874,12,0
1450100,3977,13,0
1450100,3972,14,0
1450100,5668,15,0
1450100,5482,16,0
1450100,3465,17,1
1450200,4208,1,0
1450200,4203,2,0
1450200,4210,3,0
1450200,4205,4,0
1450200,3277,5,0
1450200,4200,6,0
1450200,3907,7,0
1450200,5912,8,0
1450200,4174,9,0
1450200,3142,10,0
1450200,3135,11,0
1450200,3132,12,0
1450200,3128,13,0
1450200,3968,14,0
1450200,5835,15,0
1450200,5837,16,0
1450200,3140,17,0
1450200,3076,18,0
1450200,3159,19,0
1450200,5900,20,1
1450200,5911,21,1
1450201,5900,1,0
1450201,3126,2,0
1450201,3138,3,0
1450201,3139,4,0
1450201,5830,5,0
1450201,5876,6,0
1450201,3017,7,0
1450201,3127,8,0
1450201,3131,9,0
1450201,3136,10,0
1450201,3141,11,0
1450201,4169,12,0
1450201,3907,13,0
1450201,5911,14,0
1450201,4179,15,0
1450201,4177,16,0
1450201,4175,17,0
1450201,3947,18,0
1450201,3946,19,0
1450201,3955,20,0
1450201,3951,21,0
1450201,3952,22,0
1450201,3585,23,0
1450201,3583,24,0
1450201,4208,25,1
1450300,5465,1,0
1450300,5661,2,0
1450300,5660,3,0
1450300,5664,4,0
1450300,5625,5,0
1450300,4174,6,1
1450300,4169,7,0
1450300,3907,8,0
1450300,5911,9,1
1450301,5911,1,0
1450301,4174,2,0
1450301,4362,3,0
1450301,5662,4,0
1450301,5465,5,1
1450400,5533,1,0
1450400,5535,2,0
1450400,5537,3,0
1450400,4080,4,0
1450400,4082,5,0
1450400,4083,6,0
1450400,4084,7,0
1450400,5633,8,0
1450400,5631,9,0
1450400,5517,10,0
1450400,5552,11,0
1450400,5538,12,0
1450400,4284,13,0
1450400,4283,14,0
1450400,5767,15,0
1450400,5710,16,0
1450400,5711,17,0
1450400,3851,18,0
1450400,5718,19,0
1450400,5719,20,0
1450400,4178,21,0
1450400,3907,22,0
1450400,5911,23,1
1450401,5911,1,0
1450401,4179,2,0
1450401,4177,3,0
1450401,5720,4,0
1450401,3849,5,0
1450401,5723,6,0
1450401,5724,7,0
1450401,5725,8,0
1450401,5712,9,0
1450401,3537,10,0
1450401,3549,11,0
1450401,4265,12,0
1450401,3690,13,0
1450401,3691,14,0
1450401,3692,15,0
1450401,4129,16,0
1450401,4021,17,0
1450401,4023,18,0
1450401,5533,19,1
1450500,3839,1,0
1450500,3195,2,0
1450500,3835,3,0
1450500,3762,4,0
1450500,5450,5,0
1450500,4392,6,0
1450500,4249,7,0
1450500,4202,8,0
1450500,4422,9,0
1450500,3907,10,0
1450500,5912,11,1
1450500,5911,12,1
1450501,5911,1,0
1450501,4174,2,0
1450501,3069,3,0
1450501,4247,4,0
1450501,3843,5,0
1450501,3838,6,0
1450501,3847,7,0
1450501,3841,8,0
1450501,3840,9,0
1450501,3845,10,0
1450501,4361,11,0
1450501,5362,12,0
1450501,3839,13,1
1450600,4208,1,0
1450600,4203,2,0
1450600,4210,3,0
1450600,4205,4,0
1450600,3277,5,0
1450600,4200,6,0
1450600,3907,7,0
1450600,5912,8,0
1450600,4174,9,0
1450600,3142,10,0
1450600,3135,11,0
1450600,3132,12,0
1450600,3128,13,0
1450600,3968,14,0
1450600,5835,15,0
1450600,5837,16,0
1450600,3140,17,0
1450600,3076,18,0
1450600,3159,19,0
1450600,5900,20,1
1450600,5911,21,1
1450601,5900,1,0
1450601,3126,2,0
1450601,3138,3,0
1450601,3139,4,0
1450601,5830,5,0
1450601,5876,6,0
1450601,3017,7,0
1450601,3127,8,0
1450601,3131,9,0
1450601,3136,10,0
1450601,3141,11,0
1450601,4169,12,0
1450601,3907,13,0
1450601,5911,14,0
1450601,3908,15,0
1450601,4085,16,0
1450601,4092,17,0
1450601,4090,18,0
1450601,4088,19,0
1450601,4091,20,0
1450601,4094,21,0
1450601,3748,22,0
1450601,3749,23,0
1450601,5703,24,0
1450601,3750,25,0
1450601,4211,26,0
1450601,4208,27,1
1450700,5901,1,0
1450700,3078,2,0
1450700,3077,3,0
1450700,5756,4,0
1450700,3072,5,0
1450700,4043,6,0
1450700,4041,7,0
1450700,4061,8,0
1450700,4371,9,0
1450700,3362,10,0
1450700,3330,11,0
1450700,3339,12,0
1450700,3321,13,0
1450700,3363,14,0
1450700,3349,15,0
1450700,3359,16,0
1450700,3328,17,0
1450700,3341,18,0
1450700,3354,19,0
1450700,5737,20,0
1450700,3351,21,0
1450700,3334,22,0
1450700,4448,23,0
1450700,3323,24,0
1450700,5557,25,0
1450700,5909,26,0
1450700,3380,27,0
1450700,3369,28,0
1450700,3579,29,0
1450700,3590,30,0
1450700,3373,31,0
1450700,3554,32,0
1450700,3556,33,0
1450700,3571,34,0
1450700,3559,35,0
1450700,3814,36,0
1450700,3568,37,0
1450700,4181,38,0
1450700,4183,39,0
1450700,3979,40,0
1450700,4186,41,0
1450700,4191,42,0
1450700,5959,43,0
1450700,5933,44,0
1450700,5931,45,0
1450700,4444,46,1
1450701,4442,1,0
1450701,5934,2,0
1450701,5960,3,0
1450701,4180,4,0
1450701,4190,5,0
1450701,4185,6,0
1450701,4184,7,0
1450701,4182,8,0
1450701,3569,9,0
1450701,4032,10,0
1450701,3561,11,0
1450701,3572,12,0
1450701,4348,13,0
1450701,5953,14,0
1450701,5355,15,0
1450701,3578,16,0
1450701,3390,17,0
1450701,3368,18,0
1450701,3383,19,0
1450701,3388,20,0
1450701,5910,21,1
1450701,5909,22,1
1450800,5901,1,0
1450800,3078,2,0
1450800,3077,3,0
1450800,5756,4,0
1450800,3072,5,0
1450800,4043,6,0
1450800,4041,7,0
1450800,4061,8,0
1450800,4371,9,0
1450800,3362,10,0
1450800,3330,11,0
1450800,3339,12,0
1450800,3321,13,0
1450800,3363,14,0
1450800,3349,15,0
1450800,3359,16,0
1450800,3328,17,0
1450800,3341,18,0
1450800,3354,19,0
1450800,5737,20,0
1450800,3351,21,0
1450800,3334,22,0
1450800,4448,23,0
1450800,3323,24,0
1450800,5557,25,0
1450800,5909,26,0
1450800,5751,27,0
1450800,3372,28,0
1450800,3382,29,0
1450800,3378,30,0
1450800,3389,31,0
1450800,5332,32,0
1450800,3418,33,0
1450800,3425,34,0
1450800,3867,35,0
1450800,3855,36,0
1450800,3860,37,0
1450800,3857,38,0
1450800,3863,39,0
1450800,3858,40,0
1450800,3861,41,0
1450800,5787,42,0
1450800,4191,43,0
1450800,4189,44,0
1450800,4449,45,0
1450800,4188,46,0
1450800,4193,47,0
1450800,4442,48,1
1450801,4444,1,0
1450801,5431,2,0
1450801,4192,3,0
1450801,4187,4,0
1450801,4450,5,0
1450801,4180,6,0
1450801,5802,7,0
1450801,5786,8,0
1450801,3864,9,0
1450801,3859,10,0
1450801,4369,11,0
1450801,3856,12,0
1450801,3865,13,0
1450801,3866,14,0
1450801,3868,15,0
1450801,3424,16,0
1450801,3417,17,0
1450801,3062,18,0
1450801,3365,19,0
1450801,3377,20,0
1450801,3381,21,0
1450801,3371,22,0
1450801,5910,23,1
1450801,5909,24,1
1450900,5684,1,0
1450900,5626,2,0
1450900,5667,3,0
1450900,5665,4,0
1450900,5669,5,0
1450900,4323,6,0
1450900,4020,7,0
1450900,5472,8,0
1450900,5519,9,0
1450900,5473,10,0
1450900,3743,11,0
1450900,3744,12,0
1450900,3740,13,0
1450900,4348,14,0
1450900,5953,15,0
1450900,5355,16,0
1450900,3578,17,0
1450900,3390,18,0
1450900,3368,19,0
1450900,3383,20,0
1450900,3388,21,0
1450900,5910,22,1
1450901,5909,1,0
1450901,3380,2,0
1450901,3369,3,0
1450901,3579,4,0
1450901,3590,5,0
1450901,3373,6,0
1450901,3554,7,0
1450901,4222,8,0
1450901,3392,9,0
1450901,3830,10,0
1450901,5905,11,0
1450901,5466,12,0
1450901,5467,13,0
1450901,5468,14,0
1450901,5469,15,0
1450901,4036,16,0
1450901,5874,17,0
1450901,3977,18,0
1450901,3972,19,0
1450901,5668,20,0
1450901,5482,21,0
1450901,5683,22,0
1450901,5684,23,1
1451000,5901,1,0
1451000,3078,2,0
1451000,3077,3,0
1451000,5756,4,0
1451000,3072,5,0
1451000,4043,6,0
1451000,4041,7,0
1451000,4061,8,0
1451000,4371,9,0
1451000,3362,10,0
1451000,3330,11,0
1451000,3339,12,0
1451000,3321,13,0
1451000,3363,14,0
1451000,3349,15,0
1451000,3359,16,0
1451000,3328,17,0
1451000,3341,18,0
1451000,3354,19,0
1451000,5737,20,0
1451000,3351,21,0
1451000,3334,22,0
1451000,4448,23,0
1451000,3323,24,0
1451000,5557,25,0
1451000,5909,26,0
1451000,3769,27,0
1451000,3768,28,0
1451000,3794,29,0
1451000,3795,30,0
1451000,3348,31,0
1451000,3361,32,0
1451000,3364,33,0
1451000,4037,34,0
1451000,4387,35,0
1451000,4388,36,0
1451000,4039,37,0
1451000,4109,38,0
1451000,5614,39,1
1451001,5614,1,0
1451001,5615,2,0
1451001,5616,3,0
1451001,5617,4,0
1451001,5618,5,0
1451001,5619,6,0
1451001,4388,7,0
1451001,5789,8,0
1451001,5790,9,0
1451001,5791,10,0
1451001,3343,11,0
1451001,3975,12,0
1451001,3796,13,0
1451001,3766,14,0
1451001,3388,15,0
1451001,5910,16,1
1451001,5909,17,1
1451100,5901,1,0
1451100,3078,2,0
1451100,3077,3,0
1451100,5756,4,0
1451100,3072,5,0
1451100,4043,6,0
1451100,4041,7,0
1451100,4061,8,0
1451100,4371,9,0
1451100,3362,10,0
1451100,3330,11,0
1451100,3339,12,0
1451100,3321,13,0
1451100,3363,14,0
1451100,3349,15,0
1451100,3359,16,0
1451100,3328,17,0
1451100,3341,18,0
1451100,3354,19,0
1451100,5737,20,0
1451100,3351,21,0
1451100,3334,22,0
1451100,4448,23,0
1451100,3323,24,0
1451100,5557,25,0
1451100,5909,26,0
1451100,3380,27,0
1451100,3369,28,0
1451100,5845,29,0
1451100,3817,30,0
1451100,4022,31,0
1451100,3178,32,0
1451100,5878,33,0
1451100,5879,34,0
1451100,5880,35,0
1451100,5881,36,0
1451100,3183,37,0
1451100,5918,38,0
1451100,5839,39,0
1451100,3244,40,0
1451100,5967,41,0
1451100,5968,42,0
1451100,5969,43,0
1451100,5970,44,0
1451100,5971,45,0
1451100,5972,46,0
1451100,5973,47,1
1451101,5973,1,0
1451101,4489,2,0
1451101,5396,3,0
1451101,5397,4,0
1451101,3086,5,0
1451101,5398,6,0
1451101,5882,7,0
1451101,5883,8,0
1451101,5884,9,0
1451101,5885,10,0
1451101,5886,11,0
1451101,5887,12,0
1451101,3284,13,0
1451101,4298,14,0
1451101,4294,15,0
1451101,4295,16,0
1451101,4300,17,0
1451101,3390,18,0
1451101,3368,19,0
1451101,3383,20,0
1451101,3388,21,0
1451101,5910,22,1
1451101,5909,23,1
1451200,5909,1,0
1451200,3380,2,0
1451200,3369,3,0
1451200,5845,4,0
1451200,5994,5,0
1451200,5964,6,0
1451200,5966,7,0
1451200,4246,8,0
1451200,4248,9,0
1451200,5452,10,0
1451200,3129,11,0
1451200,3130,12,0
1451200,5803,13,0
1451200,5938,14,0
1451200,5939,15,0
1451200,5940,16,0
1451200,5941,17,0
1451200,5942,18,1
1451201,5942,1,0
1451201,5961,2,0
1451201,5974,3,0
1451201,5975,4,0
1451201,5976,5,0
1451201,5977,6,0
1451201,5965,7,0
1451201,5963,8,0
1451201,4300,9,0
1451201,3390,10,0
1451201,3368,11,0
1451201,3383,12,0
1451201,3388,13,0
1451201,5909,14,1
