'10801',1439000,62200,,'',0,30000,,'',0,10000,,'',0,40000,,'',0,10000,,'',0,3000,,'',0,29800,,'',0
'10801',1439001,62200,4,'',0,30000,4,'',0,10000,4,'',0,40000,4,'',0,10000,4,'',0,3000,4,'',0,29800,4,'',0
'1201',1439000,62200,,'',0,30000,,'',0,10000,,'',0,40000,,'',0,10000,,'',0,3000,,'',0,29800,,'',0
'1201',1439001,62200,4,'',0,30000,4,'',0,10000,4,'',0,40000,4,'',0,10000,4,'',0,3000,4,'',0,29800,4,'',0
'1',1439000,65200,,'',0,7000,,'',0,3000,,'',0,7000,,'',0,3000,,'',0,10000,,'',0,10000,,'',0,7000,,'',0,3000,,'',0,7000,,'',0,3000,,'',0,7000,,'',0,3000,,'',0,10000,,'',0,17000,,'',0,3000,,'',0,7000,,'',0,3000,,'',0,7000,,'',0,12200,,'',0,10000,,'',0,10000,,'',0,10000,,'',0,10000,,'',0,10000,,'',0
'1',1439001,65200,4,'',0,7000,4,'',0,3000,4,'',0,7000,4,'',0,3000,4,'',0,10000,4,'',0,10000,4,'',0,7000,4,'',0,3000,4,'',0,7000,4,'',0,3000,4,'',0,7000,4,'',0,3000,4,'',0,10000,4,'',0,17000,4,'',0,3000,4,'',0,7000,4,'',0,3000,4,'',0,7000,4,'',0,12200,4,'',0,10000,4,'',0,10000,4,'',0,10000,4,'',0,10000,4,'',0,10000,4,'',0
'2',1439000,64400,,'',0,10000,,'',0,10000,,'',0,10000,,'',0,10900,,'',0,7000,,'',0,3000,,'',0,7000,,'',0,3000,,'',0,7000,,'',0,3000,,'',0,7000,,'',0,3000,,'',0,7000,,'',0,3000,,'',0,7000,,'',0,3000,,'',0,7000,,'',0,3000,,'',0,7000,,'',0,2100,,'',0,10000,,'',0,10000,,'',0,10000,,'',0,10000,,'',0,10000,,'',0,10000,,'',0
'2',1439001,64400,4,'',0,10000,4,'',0,10000,4,'',0,10000,4,'',0,10700,4,'',0,7200,4,'',0,2800,4,'',0,7000,4,'',0,3000,4,'',0,7000,4,'',0,3000,4,'',0,7000,4,'',0,3000,4,'',0,7000,4,'',0,3000,4,'',0,7000,4,'',0,3000,4,'',0,7000,4,'',0,3000,4,'',0,7000,4,'',0,2300,4,'',0,10000,4,'',0,10000,4,'',0,10000,4,'',0,10000,4,'',0,10000,4,'',0,10000,4,'',0
'3',1439000,84400,,'',0,10000,,'',0,10000,,'',0,10000,,'',0,10000,,'',0,10000,,'',0,10000,,'',0,10000,,'',0,10000,,'',0,10000,,'',0,10000,,'',0,10000,,'',0,10000,,'',0,10000,,'',0
'3',1439001,84400,4,'',0,10000,4,'',0,10000,4,'',0,10000,4,'',0,10000,4,'',0,10000,4,'',0,10000,4,'',0,10000,4,'',0,10000,4,'',0,10000,4,'',0,10000,4,'',0,10000,4,'',0,10000,4,'',0,10000,4,'',0
