'10801',1433800,84500,4,'',0,17000,4,'',0,30000,4,'',0,30000,4,'',0
'10801',1433801,101500,,'',0,30000,,'',0,30000,,'',0
'1201',1433800,84500,4,'',0,17000,4,'',0,30000,4,'',0,30000,4,'',0
'1201',1433801,101500,,'',0,30000,,'',0,30000,,'',0
'1',1433800,54400,4,'',0,7000,4,'',0,2600,4,'',0,7000,4,'',0,3000,4,'',0,7500,4,'',0,10000,4,'',0,3000,4,'',0,10000,4,'',0,7000,4,'',0,3000,4,'',0,7000,4,'',0,3000,4,'',0,10000,4,'',0,7000,4,'',0,3000,4,'',0,7000,4,'',0,3200,4,'',0,9800,4,'',0,7000,4,'',0,3000,4,'',0,7000,4,'',0,2700,4,'',0,10000,4,'',0,10000,4,'',0,10000,4,'',0,10000,4,'',0,10000,4,'',0
'1',1433801,54400,,'',0,7000,,'',0,2700,,'',0,7000,,'',0,3000,,'',0,7400,,'',0,3000,,'',0,7000,,'',0,3000,,'',0,10000,,'',0,7000,,'',0,3000,,'',0,7000,,'',0,3000,,'',0,10000,,'',0,7000,,'',0,3000,,'',0,7000,,'',0,3200,,'',0,9800,,'',0,7000,,'',0,3000,,'',0,7000,,'',0,2700,,'',0,10000,,'',0,10000,,'',0,10000,,'',0,10000,,'',0,10000,,'',0
'2',1433800,64200,4,'',0,10000,4,'',0,10000,4,'',0,10000,4,'',0,10000,4,'',0,7900,4,'',0,3000,4,'',0,7000,4,'',0,3000,4,'',0,7000,4,'',0,3000,4,'',0,7000,4,'',0,3000,4,'',0,7000,4,'',0,3000,4,'',0,7000,4,'',0,3000,4,'',0,7000,4,'',0,3000,4,'',0,7000,4,'',0,2100,4,'',0,10000,4,'',0,10000,4,'',0,10000,4,'',0,10000,4,'',0,10000,4,'',0
'2',1433801,64200,,'',0,10000,,'',0,10000,,'',0,10000,,'',0,10000,,'',0,7900,,'',0,3000,,'',0,7000,,'',0,3000,,'',0,7000,,'',0,3000,,'',0,7000,,'',0,3000,,'',0,7000,,'',0,3000,,'',0,7000,,'',0,3000,,'',0,7000,,'',0,3000,,'',0,7000,,'',0,2100,,'',0,10000,,'',0,10000,,'',0,10000,,'',0,10000,,'',0,10000,,'',0
'3',1433800,84200,4,'',0,10000,4,'',0,10000,4,'',0,10000,4,'',0,10000,4,'',0,10000,4,'',0,10000,4,'',0,10000,4,'',0,10000,4,'',0,10000,4,'',0,10000,4,'',0,10000,4,'',0,10000,4,'',0,10000,4,'',0
'3',1433801,84200,,'',0,10000,,'',0,10000,,'',0,10000,,'',0,10000,,'',0,10000,,'',0,10000,,'',0,10000,,'',0,10000,,'',0,10000,,'',0,10000,,'',0,10000,,'',0,10000,,'',0,10000,,'',0
