1457601,'1',604,,6677,,,0,7,,6678,,,0,8,,6679,,,0,7,,6680,,,0,8,,6681,,,0,7,,6682,,,0,8,,6683,,,0,7,,6684,,,0,48,,6685,,,0,11,,6686,,,0,8,,6717,,,0,7,,6687,,,0,8,,6688,,,0,7,,6714,,,0,8,,6689,,,0,47,,6690,,,0,8,,6691,,,0,7,,6692,,,0,8,,6718,,,0,7,,6693,,,0,8,,6694,,,0,7,,6695,,,0,8,,6696,,,0,47,,6697,,,0,8,,6716,,,0,7,,6715,,,0,8,,6698,,,0,7,,6699,,,0,8,,6701,,,0,5,,6702,,,0,8,,6703,,,0,7,,6700,,,0,48,,6704,,,0,7,,6705,,,0,8,,6708,,,0,7,,6707,,,0,8,,6706,,,0,7,,6719,,,0,8,,6709,,,0,7,,6710,,,0,48,,6711,,,0,7,,6712,,,0,8,,6713,,,0,7,,6720,,,0,8,,6721,,,0,7,,6722,,,0,8,,6723,,,0,7,,6724,,,0,48,,6725,,,0,7,,6726,,,0,8,,6732,,,0,7,,6727,,,0,8,,6728,,,0,7,,6729,,,0,8,,6730,,,0,7,,6731,,,0,48,,6733,,,0,7,,6734,,,0,8,,6735,,,0,7,,6736,,,0,8,,6737,,,0,7,,6738,,,0,8,,6739,,,0,7,,6740,,,0,48,,6741,,,0,7,,6742,,,0,8,,6743,,,0,7,,6744,,,0,8,,6745,,,0,7,,6746,,,0,8,,6747,,,0,7,,6748,,,0,48,,6749,,,0,6,,6750,,,0,8,,6751,,,0,7,,6752,,,0,8,,6753,,,0,7,,6754,,,0,8,,6755,,,0,7,,6756,,,0,48,,6757,,,0,7,,6758,,,0,8,,6759,,,0,7,,6760,,,0,8,,6761,,,0,7,,6762,,,0,8,,6763,,,0,7,,6764,,,0,48,,6765,,,0,7,,6766,,,0,8,,6767,,,0,7,,6768,,,0,8,,6769,,,0,7,,6770,,,0,8,,6771,,,0,7,,6772,,,0,48,,6773,,,0,7,,6774,,,0,8,,6775,,,0,7,,6776,,,0,8,,6777,,,0,6,,6778,,,0,63,,6786,,,0,29,,6779,,,0,70,,6780,,,0,30,,6781,,,0,70,,6782,,,0,30,,6783,,,0,70,,6784,,,0,30,,6785,,,0
1457601,'2',633,,6787,,,0,70,,6788,,,0,30,,6789,,,0,70,,6790,,,0,30,,6791,,,0,70,,6792,,,0,30,,6793,,,0,70,,6794,,,0,30,,6795,,,0,71,,6796,,,0,29,,6805,,,0,15,,6806,,,0,55,,6807,,,0,15,,6808,,,0,15,,6809,,,0,15,,6810,,,0,55,,6811,,,0,15,,6812,,,0,15,,6813,,,0,15,,6814,,,0,55,,6815,,,0,15,,6816,,,0,15,,6817,,,0,15,,6818,,,0,55,,6819,,,0,15,,6820,,,0,15,,6821,,,0,15,,6822,,,0,55,,6823,,,0,30,,6824,,,0,15,,6825,,,0,55,,6826,,,0,15,,6827,,,0,15,,6828,,,0,15,,6829,,,0,55,,6830,,,0,15,,6831,,,0,15,,6832,,,0,15,,6833,,,0,55,,6834,,,0,15,,6835,,,0,15,,6836,,,0,15,,6837,,,0,55,,6797,,,0,30,,6798,,,0,70,,6799,,,0,30,,6800,,,0,70,,6801,,,0,30,,6802,,,0,70,,6803,,,0,30,,6804,,,0
1457601,'3',903,,6838,,,0,30,,6839,,,0,70,,6840,,,0,30,,6841,,,0,70,,6842,,,0,30,,6848,,,0,70,,6849,,,0,30,,6850,,,0,70,,6851,,,0,30,,6852,,,0,70,,6853,,,0,30,,6854,,,0,70,,6855,,,0,30,,6856,,,0,70,,6857,,,0,30,,6858,,,0,70,,6859,,,0,30,,6860,,,0,70,,6861,,,0,30,,6862,,,0,70,,6863,,,0,30,,6843,,,0,70,,6844,,,0,30,,6845,,,0,70,,6846,,,0,28,,6847,,,0,28,,6864,0,8,0
1458901,'1',613,,8732,,,0,32,,8727,,,0,72,,8707,,,0,32,,8708,,,0,72,,8709,,,0,32,,8710,,,0,72,,8711,,,0,32,,8712,,,0,72,,8713,,,0,72,,8714,,,0,32,,8733,,,0,72,,8715,,,0,32,,8716,,,0,72,,8717,,,0,32,,8718,,,0,72,,8719,,,0,32,,8720,,,0,72,,8721,,,0,32,,8722,,,0,72,,8723,,,0,32,,8724,,,0,72,,8734,,,0,32,,8725,,,0,72,,8735,,,0,71,,8726,,,0,103,,8728,,,0,100,,8729,,,0,100,,8730,,,0,100,,8731,,,0
1458901,'2',609,,8737,,,0,100,,8738,,,0,100,,8739,,,0,100,,8740,,,0,100,,8741,,,0,100,,8742,,,0,35,,8743,,,0,72,,8744,,,0,32,,8745,,,0,72,,8746,,,0,32,,8747,,,0,72,,8748,,,0,32,,8749,,,0,72,,8750,,,0,72,,8751,,,0,32,,8752,,,0,72,,8753,,,0,32,,8754,,,0,72,,8755,,,0,32,,8756,,,0,101,,8757,,,0,100,,8758,,,0,100,,8759,,,0,100,,8760,,,0,100,,8761,,,0
1458901,'3',905,,8762,,,0,100,,8763,,,0,100,,8764,,,0,100,,8765,,,0,100,,8766,,,0,100,,8767,,,0,100,,8768,,,0,100,,8769,,,0,100,,8770,,,0,100,,8771,,,0,100,,8772,,,0,100,,8773,,,0,100,,8774,,,0
1459100,'1',622,,9146,,,0,28,,9147,,,0,68,,9148,,,0,28,,9149,,,0,68,,9150,,,0,28,,9151,,,0,68,,9152,,,0,28,,9153,,,0,68,,9154,,,0,28,,9155,,,0,68,,9156,,,0,28,,9157,,,0,28,,9158,,,0,68,,9159,,,0,28,,9160,,,0,68,,9161,,,0,28,,9162,,,0,68,,9163,,,0,28,,9164,,,0,68,,9165,,,0,28,,9166,,,0,68,,9167,,,0,28,,9168,,,0,68,,9169,,,0,28,,9170,,,0,68,,9171,,,0,28,,9172,,,0,26,,9173,,,0,68,,9179,,,0,100,,9174,,,0,100,,9175,,,0,100,,9176,,,0,100,,9177,,,0
1459100,'2',620,,9180,,,0,100,,9181,,,0,100,,9182,,,0,100,,9183,,,0,100,,9184,,,0,100,,9185,,,0,34,,9186,,,0,72,,9187,,,0,32,,9188,,,0,72,,9189,,,0,72,,9190,,,0,32,,9191,,,0,72,,9192,,,0,32,,9193,,,0,72,,9194,,,0,32,,9195,,,0,72,,9196,,,0,32,,9197,,,0,72,,9198,,,0,32,,9199,,,0,68,,9205,,,0,100,,9200,,,0,100,,9201,,,0,100,,9202,,,0,100,,9203,,,0
1459100,'3',920,,9206,,,0,100,,9207,,,0,100,,9208,,,0,100,,9209,,,0,100,,9210,,,0,100,,9211,,,0,100,,9212,,,0,100,,9213,,,0,100,,9214,,,0,100,,9215,,,0,100,,9216,,,0,100,,9217,,,0,100,,9218,,,0
1461800,'1',928,,10565,,,0
