1459600,'1',1935,,9624,4,,0,100,,9625,4,,0,100,,9626,4,,0
1459600,'2',640,,9633,4,,0,95,,9632,4,,0,100,,9631,4,,0,100,,9630,4,,0,300,,9639,4,,0,100,,9640,4,,0,100,,9641,4,,0,100,,9642,4,,0,100,,9643,4,,0,100,,9644,4,,0,100,,9645,4,,0,100,,9638,4,,0,100,,9637,4,,0,100,,9636,4,,0,100,,9635,4,,0,100,,9634,4,,0
1459600,'3',840,,9649,4,,0,95,,9650,4,,0,100,,9651,4,,0,100,,9652,4,,0,100,,9653,4,,0,100,,9654,4,,0,100,,9655,4,,0,100,,9656,4,,0,100,,9657,4,,0,100,,9658,4,,0,100,,9659,4,,0,100,,9646,4,,0,100,,9647,4,,0,91,,9648,4,,0
1459601,'1',1940,,9678,,,0,100,,9679,,,0,100,,9680,,,0,100,,9681,,,0,100,,9682,,,0
1459601,'2',640,,9692,,,0,100,,9691,,,0,100,,9690,,,0,100,,9689,,,0,100,,9688,,,0,100,,9687,,,0,100,,9697,,,0,100,,9698,,,0,100,,9699,,,0,100,,9700,,,0,100,,9701,,,0,100,,9702,,,0,100,,9703,,,0,100,,9696,,,0,100,,9695,,,0,300,,9693,,,0
1459601,'3',840,,9706,,,0,100,,9707,,,0,100,,9708,,,0,100,,9709,,,0,100,,9710,,,0,100,,9711,,,0,100,,9712,,,0,100,,9713,,,0,100,,9714,,,0,100,,9715,,,0,100,,9716,,,0,100,,9704,,,0,100,,9705,,,0
1461100,'1',545,,10075,4,,0,70,,10076,4,,0,30,,10077,4,,0,70,,10078,4,,0,30,,10079,4,,0,70,,10080,4,,0,30,,10081,4,,0,70,,10082,4,,0,29,,10083,4,,0,70,,10084,4,,0,30,,10085,4,,0,70,,10086,4,,0,30,,10087,4,,0,70,,10088,4,,0,30,,10089,4,,0,70,,10090,4,,0,30,,10091,4,,0,70,,10092,4,,0,30,,10093,4,,0,70,,10094,4,,0,30,,10095,4,,0,70,,10096,4,,0,30,,10097,4,,0,70,,10098,4,,0,30,,10099,4,,0,70,,10100,4,,0,30,,10101,4,,0
1461101,'1',545,,10102,,,0,70,,10103,,,0,30,,10104,,,0,70,,10105,,,0,30,,10106,,,0,70,,10107,,,0,30,,10108,,,0,70,,10109,,,0,29,,10110,,,0,70,,10111,,,0,30,,10112,,,0,70,,10113,,,0,30,,10114,,,0,70,,10115,,,0,30,,10116,,,0,70,,10117,,,0,30,,10118,,,0,70,,10119,,,0,30,,10120,,,0,70,,10121,,,0,30,,10122,,,0,70,,10123,,,0,30,,10124,,,0,70,,10125,,,0,30,,10126,,,0,70,,10127,,,0,30,,10128,,,0
1461800,'1',730,,10564,0,21 22,0,70,,10566,0,21 22,0,30,,10567,0,21 22,0,70,,10568,0,21 22,0
1461801,'1',1410,,10569,,,0,30,,10570,,,0,70,,10571,,,0,30,,10572,,,0,70,,10573,,,0,30,,10574,,,0
