1440001,'1',619,,566,,,0,30,,565,,,0,70,,564,,,0,30,,563,,,0,100,,562,,,0,100,,561,,,0,70,,560,,,0,30,,559,,,0,70,,558,,,0,30,,557,,,0,70,,556,,,0,30,,555,,,0,100,,554,,,0,170,,553,,,0,30,,552,,,0,70,,551,,,0,30,,550,,,0,170,,549,,,0,102,,548,,,0,100,,547,,,0,100,,546,,,0,100,,545,,,0,100,,544,,,0,100,,543,,,0
1440001,'10801',819,,574,,,0,100,,569,,,0,400,,570,,,0,100,,572,,,0,30,,567,,,0,270,,571,,,0,30,,573,,,0,98,,568,,,0
1440001,'1201',819,,582,,,0,100,,581,,,0,400,,580,,,0,100,,579,,,0,30,,578,,,0,270,,577,,,0,30,,576,,,0,98,,575,,,0
1440001,'2',721,,608,,,0,100,,607,,,0,100,,606,,,0,100,,605,,,0,98,,604,,,0,30,,603,,,0,70,,602,,,0,30,,601,,,0,70,,600,,,0,30,,599,,,0,70,,598,,,0,30,,597,,,0,70,,596,,,0,30,,595,,,0,70,,594,,,0,30,,593,,,0,70,,592,,,0,30,,591,,,0,70,,590,,,0,28,,589,,,0,74,,588,,,0,100,,587,,,0,100,,586,,,0,100,,585,,,0,100,,584,,,0,100,,583,,,0
1440001,'3',921,,621,,,0,100,,620,,,0,100,,619,,,0,100,,618,,,0,100,,617,,,0,100,,616,,,0,100,,615,,,0,100,,614,,,0,100,,613,,,0,100,,612,,,0,100,,611,,,0,100,,610,,,0,100,,609,,,0
1440201,'1',620,,966,,,0,100,,947,,,0,30,,948,,,0,70,,949,,,0,30,,950,,,0,70,,951,,,0,100,,952,,,0,100,,953,,,0,30,,954,,,0,70,,955,,,0,30,,956,,,0,70,,957,,,0,30,,958,,,0,70,,959,,,0,100,,960,,,0,130,,961,,,0,70,,962,,,0,30,,963,,,0,70,,964,,,0,30,,965,,,0,156,,972,,,0,100,,973,,,0,100,,974,,,0,100,,975,,,0,100,,976,,,0
1440201,'10801',650,,978,,,0,300,,982,,,0,100,,979,,,0,400,,980,,,0,100,,981,,,0,70,,977,,,0
1440201,'1201',650,,983,,,0,300,,984,,,0,100,,985,,,0,400,,986,,,0,86,,989,,,0,14,,987,,,0,70,,988,,,0
1440201,'2',706,,1023,,,0,100,,1021,,,0,100,,1019,,,0,100,,1017,,,0,114,,1015,,,0,30,,1014,,,0,70,,1013,,,0,30,,1012,,,0,70,,1011,,,0,30,,1010,,,0,70,,1009,,,0,30,,1008,,,0,70,,1007,,,0,30,,1006,,,0,70,,1005,,,0,30,,1004,,,0,70,,1003,,,0,30,,1002,,,0,70,,1001,,,0,30,,1000,,,0,156,,999,,,0,100,,998,,,0,100,,997,,,0,100,,996,,,0,100,,995,,,0
1440201,'3',906,,1049,,,0,100,,1047,,,0,100,,1045,,,0,100,,1043,,,0,100,,1041,,,0,100,,1039,,,0,100,,1037,,,0,100,,1035,,,0,100,,1033,,,0,100,,1031,,,0,100,,1030,,,0,100,,1029,,,0,100,,1028,,,0
