1472601,'1',553,,16393,13,,,0,80,,16394,13,,,0,80,,16395,13,,,0,40,,16396,13,,,0,79,,16418,4,,,0,1,,16397,13,,,0,79,,16419,4,,,0,1,,16398,13,,,0,40,,16399,13,,,0,80,,16400,13,,,0,80,,16401,13,,,0,40,,16402,13,,,0,80,,16403,13,,,0,80,,16404,13,,,0,40,,16405,13,,,0,80,,16406,13,,,0,80,,16407,13,,,0,40,,16408,13,,,0,80,,16409,13,,,0,80,,16410,13,,,0,40,,16411,13,,,0,80,,16412,13,,,0,84,,16413,13,,,0,100,,16414,13,,,0,100,,16415,13,,,0,100,,16416,13,,,0
1472601,'2',717,,16420,13,,,0,100,,16421,13,,,0,100,,16422,13,,,0,100,,16423,13,,,0,96,,16424,13,,,0,40,,16425,13,,,0,80,,16426,13,,,0,80,,16427,13,,,0,40,,16428,13,,,0,80,,16429,13,,,0,80,,16430,13,,,0,40,,16431,13,,,0,80,,16432,13,,,0,80,,16433,13,,,0,40,,16434,13,,,0,80,,16435,13,,,0,84,,16436,13,,,0,100,,16437,13,,,0,100,,16438,13,,,0
1472601,'3',917,,16443,13,,,0,100,,16444,13,,,0,100,,16445,13,,,0,100,,16446,13,,,0,100,,16447,13,,,0,100,,16448,13,,,0,100,,16449,13,,,0,100,,16450,13,,,0,100,,16451,13,,,0,100,,16452,13,,,0,100,,16440,13,,,0,100,,16441,13,,,0,98,,16442,13,,,0
1473101,'1',612,,16565,14,,,0,40,,16543,14,,,0,80,,16566,4,,,0,0,,16544,14,,,0,80,,16545,14,,,0,40,,16546,14,,,0,80,,16547,14,,,0,80,,16548,14,,,0,40,,16549,14,,,0,80,,16550,14,,,0,80,,16551,14,,,0,40,,16552,14,,,0,80,,16553,14,,,0,80,,16554,14,,,0,40,,16555,14,,,0,80,,16556,14,,,0,80,,16557,14,,,0,40,,16558,14,,,0,80,,16559,14,,,0,80,,16560,14,,,0,35,,16561,14,,,0,99,,16562,14,,,0,100,,16563,14,,,0,100,,16564,14,,,0
1473101,'1201',852,,16568,4,,,0,80,,16567,4,,,0
1473101,'12801',852,,16569,4,,,0,80,,16570,4,,,0
1473101,'2',646,,16590,14,,,0,200,,16571,14,,,0,100,,16572,14,,,0,100,,16573,14,,,0,94,,16574,14,,,0,72,,16575,14,,,0,40,,16576,14,,,0,80,,16577,14,,,0,80,,16578,14,,,0,40,,16579,14,,,0,80,,16580,14,,,0,80,,16581,14,,,0,40,,16582,14,,,0,80,,16583,14,,,0,80,,16584,14,,,0,35,,16585,14,,,0,99,,16586,14,,,0,100,,16587,14,,,0,100,,16588,14,,,0
1473101,'3',946,,16591,14,,,0,100,,16592,14,,,0,100,,16593,14,,,0,100,,16594,14,,,0,100,,16595,14,,,0,100,,16596,14,,,0,100,,16597,14,,,0,100,,16598,14,,,0,100,,16599,14,,,0,100,,16600,14,,,0,100,,16601,14,,,0,100,,16602,14,,,0
1473901,'1',647,,17634,19,,,0,69,,17635,19,,,0,28,,17636,19,,,0,68,,17637,19,,,0,28,,17638,19,,,0,68,,17639,19,,,0,27,,17640,19,,,0,67,,17641,19,,,0,23,,17642,19,,,0,78,,17643,19,,,0,35,,17644,19,,,0,75,,17645,19,,,0,35,,17646,19,,,0,75,,17647,19,,,0,35,,17648,19,,,0,69,,17649,19,,,0,76,,17650,19,,,0,33,,17651,19,,,0,23,,17652,19,,,0,65,,17653,19,,,0,28,,17654,19,,,0,68,,17655,19,,,0,28,,17656,19,,,0,68,,17657,19,,,0,28,,17658,19,,,0,65,,17659,19,,,0,38,,17660,19,,,0,80,,17661,19,,,0,80,,17662,19,,,0,40,,17663,19,,,0,80,,17664,19,,,0
1473901,'2',632,,17666,19,,,0,80,,17667,19,,,0,40,,17668,19,,,0,80,,17669,19,,,0,80,,17670,19,,,0,40,,17671,19,,,0,80,,17672,19,,,0,80,,17673,19,,,0,40,,17674,19,,,0,75,,17675,19,,,0,25,,17676,19,,,0,65,,17677,19,,,0,25,,17678,19,,,0,65,,17679,19,,,0,25,,17680,19,,,0,25,,17681,19,,,0,65,,17682,19,,,0,25,,17683,19,,,0,65,,17684,19,,,0,25,,17685,19,,,0,65,,17686,19,,,0,25,,17687,19,,,0,25,,17688,19,,,0,65,,17689,19,,,0,25,,17690,19,,,0,65,,17691,19,,,0,25,,17692,19,,,0,80,,17693,19,,,0,40,,17694,19,,,0,80,,17695,19,,,0,80,,17696,19,,,0,40,,17697,19,,,0
1473901,'3',929,,17699,19,,,0,80,,17700,19,,,0,40,,17701,19,,,0,80,,17702,19,,,0,80,,17703,19,,,0,40,,17704,19,,,0,80,,17705,19,,,0,80,,17706,19,,,0,40,,17707,19,,,0,80,,17708,19,,,0,80,,17709,19,,,0,40,,17710,19,,,0,80,,17711,19,,,0,80,,17712,19,,,0,40,,17713,19,,,0,80,,17714,19,,,0,80,,17715,19,,,0,40,,17716,19,,,0,80,,17717,19,,,0
