1440600,'1',602,,1726,0,6,0,30,,1706,0,6,0,74,,1707,,,0,30,,1708,,,0,70,,1709,,,0,30,,1710,,,0,97,,1711,,,0,100,,1712,,,0,70,,1713,,,0,30,,1714,,,0,70,,1715,,,0,30,,1716,,,0,70,,1717,,,0,30,,1718,,,0,100,,1719,,,0,173,,1720,,,0,30,,1721,,,0,70,,1722,,,0,30,,1723,,,0,70,,1724,,,0,53,,1725,,,0,100,,1727,,,0,100,,1728,,,0,100,,1729,,,0,100,,1730,,,0,100,,1731,,,0
1440600,'10801',903,,1737,,,0,100,,1733,,,0,400,,1734,,,0,100,,1735,,,0,30,,1732,,,0,302,,1736,,,0
1440600,'1201',903,,1738,,,0,100,,1739,,,0,400,,1740,,,0,100,,1741,,,0,30,,1742,,,0,302,,1743,,,0
1440600,'2',659,,1750,0,6,0,100,,1769,,,0,100,,1768,,,0,100,,1767,,,0,100,,1766,,,0,70,,1765,,,0,30,,1764,,,0,70,,1763,,,0,30,,1762,,,0,70,,1761,,,0,30,,1760,,,0,70,,1759,,,0,30,,1758,,,0,73,,1757,,,0,70,,1756,,,0,30,,1755,,,0,70,,1754,,,0,30,,1753,,,0,70,,1752,,,0,30,,1751,,,0,27,,1749,,,0,100,,1748,,,0,100,,1747,,,0,100,,1746,,,0,100,,1745,,,0,100,,1744,,,0
1440600,'3',859,,1773,,,0,100,,1782,,,0,100,,1781,,,0,100,,1780,,,0,100,,1779,,,0,100,,1778,,,0,100,,1777,,,0,100,,1776,,,0,100,,1775,,,0,100,,1774,,,0,100,,1772,,,0,100,,1771,,,0,100,,1770,,,0
1444701,'1',714,,5217,,,0,30,,5218,,,0,70,,5219,,,0,30,,5220,,,0,100,,5221,,,0,100,,5222,,,0,70,,5223,,,0,30,,5224,,,0,70,,5225,,,0,30,,5226,,,0,70,,5227,,,0,30,,5228,,,0,100,,5229,,,0,170,,5230,,,0,30,,5231,,,0,70,,5232,,,0,30,,5233,,,0,70,,5234,,,0,122,,5235,,,0,100,,5236,,,0,100,,5237,,,0,100,,5238,,,0,100,,5239,,,0,100,,5240,,,0
1444701,'10801',914,,5247,,,0,100,,5243,,,0,400,,5244,,,0,100,,5245,,,0,30,,5241,,,0,299,,5246,,,0
1444701,'1201',914,,5248,,,0,100,,5249,,,0,400,,5250,,,0,100,,5251,,,0,30,,5252,,,0,299,,5253,,,0
1444701,'2',736,,5262,,,0,100,,5263,,,0,100,,5264,,,0,107,,5265,,,0,100,,5267,,,0,70,,5268,,,0,30,,5269,,,0,70,,5270,,,0,30,,5271,,,0,70,,5272,,,0,30,,5273,,,0,70,,5274,,,0,30,,5275,,,0,70,,5276,,,0,30,,5277,,,0,70,,5278,,,0,30,,5279,,,0,70,,5280,,,0,23,,5281,,,0,100,,5256,,,0,100,,5257,,,0,100,,5258,,,0,100,,5259,,,0,100,,5260,,,0,100,,5261,,,0
1444701,'3',936,,5286,,,0,100,,5287,,,0,100,,5288,,,0,100,,5289,,,0,100,,5290,,,0,100,,5291,,,0,100,,5292,,,0,100,,5293,,,0,100,,5294,,,0,100,,5295,,,0,100,,5283,,,0,100,,5284,,,0,100,,5285,,,0
