1468700,'1',652,,11985,2,,,0,60,,11986,2,,,0,20,,11987,2,,,0,20,,11988,2,,,0,60,,11989,2,,,0,20,,11990,2,,,0,20,,11991,2,,,0,60,,11992,2,,,0,20,,11993,2,,,0,20,,11994,2,,,0,60,,11995,2,,,0,20,,11996,2,,,0,20,,11997,2,,,0,60,,11998,2,,,0,20,,11999,2,,,0,20,,12000,2,,,0,60,,12001,2,,,0,20,,12002,2,,,0,20,,12003,2,,,0,80,,12005,2,,,0,20,,12006,2,,,0,60,,12007,2,,,0,20,,12008,2,,,0,20,,12009,2,,,0,60,,12010,2,,,0,20,,12011,2,,,0,20,,12012,2,,,0,60,,12013,2,,,0,20,,12014,2,,,0,20,,12015,2,,,0,5,,12020,2,,,0,55,,12016,2,,,0,20,,12017,2,,,0,20,,12018,2,,,0,65,,12019,2,,,0,30,,11979,2,,,0,70,,11974,2,,,0,30,,11980,2,,,0,70,,11975,2,,,0,30,,11981,2,,,0,70,,11976,2,,,0,30,,11982,2,,,0,70,,11977,2,,,0,30,,11983,2,,,0,70,,11978,2,,,0
1468700,'1201',1630,,12021,2,,,0
1468700,'2',647,,12026,2,,,0,70,,12041,2,,,0,30,,12025,2,,,0,70,,12040,2,,,0,30,,12024,2,,,0,70,,12039,2,,,0,30,,12023,2,,,0,70,,12038,2,,,0,30,,12022,2,,,0,65,,12042,2,,,0,20,,12043,2,,,0,20,,12044,2,,,0,60,,12045,2,,,0,20,,12046,2,,,0,20,,12047,2,,,0,60,,12048,2,,,0,20,,12049,2,,,0,20,,12050,2,,,0,60,,12051,2,,,0,20,,12052,2,,,0,20,,12053,2,,,0,60,,12054,2,,,0,20,,12055,2,,,0,20,,12056,2,,,0,60,,12057,2,,,0,20,,12058,2,,,0,20,,12059,2,,,0,60,,12060,2,,,0,20,,12061,2,,,0,20,,12062,2,,,0,65,,12063,2,,,0,30,,12032,2,,,0,70,,12037,2,,,0,30,,12031,2,,,0,70,,12036,2,,,0,30,,12030,2,,,0,70,,12035,2,,,0,30,,12029,2,,,0,70,,12034,2,,,0,130,,12027,2,4,,0
1468700,'3',847,,12066,2,,,0,70,,12089,2,,,0,30,,12065,2,,,0,70,,12088,2,,,0,30,,12064,2,,,0,70,,12087,2,,,0,30,,12086,2,,,0,70,,12085,2,,,0,30,,12084,2,,,0,70,,12083,2,,,0,30,,12082,2,,,0,70,,12081,2,,,0,30,,12080,2,,,0,70,,12079,2,,,0,30,,12078,2,,,0,70,,12077,2,,,0,30,,12076,2,,,0,70,,12075,2,,,0,30,,12074,2,,,0,70,,12073,2,,,0,30,,12069,2,,,0,70,,12072,2,,,0,30,,12068,2,,,0,70,,12071,2,,,0,30,,12067,2,,,0,71,,12070,2,,,0
1469300,'1',617,,13071,2,,,0,10,,13075,2,,,0,10,,13079,2,,,0,10,,13082,2,,,0,10,,13085,2,,,0,50,,13072,2,,,0,10,,13076,2,,,0,10,,13080,2,,,0,10,,13083,2,,,0,10,,13086,2,,,0,10,,13073,2,,,0,50,,13077,2,,,0,10,,13081,2,,,0,10,,13084,2,,,0,10,,13087,2,,,0,10,,13074,2,,,0,10,,13078,2,,,0,50,,13088,2,,,0,10,,13096,2,,,0,10,,13103,2,,,0,10,,13110,2,,,0,10,,13117,2,,,0,10,,13089,2,,,0,50,,13097,2,,,0,10,,13104,2,,,0,10,,13111,2,,,0,10,,13118,2,,,0,10,,13090,2,,,0,10,,13098,2,,,0,50,,13105,2,,,0,10,,13112,2,,,0,10,,13119,2,,,0,10,,13091,2,,,0,10,,13099,2,,,0,10,,13106,2,,,0,50,,13113,2,,,0,10,,13120,2,,,0,10,,13092,2,,,0,10,,13100,2,,,0,10,,13107,2,,,0,10,,13114,2,,,0,50,,13121,2,,,0,10,,13093,2,,,0,10,,13101,2,,,0,10,,13108,2,,,0,10,,13115,2,,,0,10,,13122,2,,,0,50,,13094,2,,,0,10,,13102,2,,,0,10,,13109,2,,,0,10,,13116,2,,,0,10,,13123,2,,,0,10,,13095,2,,,0,50,,13124,2,,,0,10,,13128,2,,,0,10,,13132,2,,,0,10,,13136,2,,,0,10,,13139,2,,,0,10,,13125,2,,,0,50,,13129,2,,,0,10,,13133,2,,,0,10,,13137,2,,,0,10,,13140,2,,,0,10,,13126,2,,,0,10,,13130,2,,,0,50,,13134,2,,,0,10,,13138,2,,,0,10,,13141,2,,,0,10,,13127,2,,,0,10,,13131,2,,,0,10,,13135,2,,,0,50,,13142,2,,,0,10,,13143,2,,,0,10,,13144,2,,,0,10,,13145,2,,,0,12,,13146,2,,,0,62,,13147,2,,,0,22,,13148,2,,,0,22,,13149,2,,,0,62,,13150,2,,,0,22,,13151,2,,,0,62,,13152,2,,,0,22,,13153,2,,,0,22,,13154,2,,,0,62,,13155,2,,,0,22,,13156,2,,,0,22,,13157,2,,,0,62,,13158,2,,,0,22,,13159,2,,,0
1469300,'2',624,,13161,2,,,0,22,,13215,2,,,0,62,,13162,2,,,0,22,,13163,2,,,0,22,,13164,2,,,0,62,,13165,2,,,0,22,,13166,2,,,0,22,,13167,2,,,0,62,,13168,2,,,0,22,,13169,2,,,0,62,,13170,2,,,0,22,,13171,2,,,0,22,,13172,2,,,0,62,,13173,2,,,0,22,,13174,2,,,0,15,,13175,2,,,0,55,,13176,2,,,0,15,,13177,2,,,0,15,,13178,2,,,0,15,,13179,2,,,0,55,,13180,2,,,0,15,,13181,2,,,0,15,,13182,2,,,0,15,,13183,2,,,0,55,,13184,2,,,0,15,,13185,2,,,0,15,,13186,2,,,0,15,,13187,2,,,0,55,,13188,2,,,0,15,,13189,2,,,0,15,,13190,2,,,0,15,,13191,2,,,0,55,,13192,2,,,0,15,,13193,2,,,0,15,,13194,2,,,0,15,,13195,2,,,0,55,,13196,2,,,0,15,,13197,2,,,0,15,,13198,2,,,0,15,,13199,2,,,0,55,,13200,2,,,0,15,,13201,2,,,0,15,,13202,2,,,0,15,,13203,2,,,0,62,,13204,2,,,0,22,,13205,2,,,0,22,,13206,2,,,0,62,,13207,2,,,0,22,,13208,2,,,0,22,,13209,2,,,0,62,,13210,2,,,0,22,,13211,2,,,0,62,,13212,2,,,0,22,,13213,2,,,0,22,,13214,2,,,0
1469300,'3',847,,13216,2,,,0,62,,13217,2,,,0,22,,13218,2,,,0,22,,13219,2,,,0,62,,13220,2,,,0,22,,13221,2,,,0,22,,13222,2,,,0,62,,13223,2,,,0,22,,13224,2,,,0,62,,13225,2,,,0,22,,13226,2,,,0,22,,13227,2,,,0,62,,13228,2,,,0,22,,13229,2,,,0,22,,13230,2,,,0,62,,13231,2,,,0,22,,13232,2,,,0,62,,13233,2,,,0,22,,13234,2,,,0,22,,13235,2,,,0,62,,13236,2,,,0,22,,13237,2,,,0,22,,13238,2,,,0,62,,13239,2,,,0,22,,13240,2,,,0,22,,13241,2,,,0,62,,13242,2,,,0,22,,13243,2,,,0,62,,13244,2,,,0,22,,13245,2,,,0,22,,13246,2,,,0,62,,13247,2,,,0,22,,13248,2,,,0,22,,13249,2,,,0,62,,13250,2,,,0
1470301,'1',617,,15059,2,,,0,30,,15060,2,,,0,70,,15061,2,,,0,30,,15062,2,,,0,70,,15063,2,,,0,30,,15064,2,,,0,70,,15065,2,,,0,30,,15066,2,,,0,70,,15067,2,,,0,30,,15068,2,,,0,70,,15069,2,,,0,30,,15070,2,,,0,70,,15071,2,,,0,30,,15072,2,,,0,70,,15073,2,,,0,30,,15074,2,,,0,70,,15075,2,,,0,30,,15076,2,,,0,70,,15077,2,,,0,30,,15078,2,,,0,70,,15079,2,,,0,30,,15080,2,,,0,70,,15081,2,,,0,30,,15082,2,,,0,170,,15083,2,,,0,100,,15084,2,,,0,100,,15085,2,,,0,100,,15086,2,,,0,100,,15087,2,,,0
1470301,'2',817,,15113,2,,,0,100,,15112,2,,,0,100,,15111,2,,,0,100,,15110,2,,,0,30,,15109,2,,,0,70,,15108,2,,,0,30,,15107,2,,,0,70,,15106,2,,,0,30,,15105,2,,,0,70,,15104,2,,,0,30,,15103,2,,,0,70,,15102,2,,,0,30,,15101,2,,,0,70,,15100,2,,,0,30,,15099,2,,,0,70,,15098,2,,,0,30,,15097,2,,,0,70,,15114,2,,,0,100,,15096,2,,,0,100,,15095,2,,,0,100,,15094,2,,,0,100,,15093,2,,,0,100,,15092,2,,,0
1470301,'3',917,,15127,2,,,0,100,,15126,2,,,0,100,,15125,2,,,0,100,,15124,2,,,0,100,,15123,2,,,0,100,,15122,2,,,0,100,,15121,2,,,0,100,,15120,2,,,0,100,,15119,2,,,0,100,,15128,2,,,0,100,,15118,2,,,0,100,,15117,2,,,0,101,,15116,2,0,23 12,0
