5001,'1',633,,4537,12,,,0,80,,4538,12,,,0,40,,4539,12,,,0,80,,4540,12,,,0,80,,4541,12,,,0,40,,4542,12,,,0,80,,4543,12,,,0,80,,4544,12,,,0,40,,4545,12,,,0,80,,4546,12,,,0,80,,4547,12,,,0,40,,4548,12,,,0,80,,4549,12,,,0,80,,4550,12,,,0,40,,4551,12,,,0,80,,4552,12,,,0,80,,4553,12,,,0,40,,4554,12,,,0,80,,4555,12,,,0,84,,4556,12,,,0,100,,4557,12,,,0,100,,4558,12,,,0
5001,'12901',831,,4561,3,,,0,80,,4562,3,,,0
5001,'2',717,,4563,12,,,0,100,,4564,12,,,0,100,,4565,12,,,0,100,,4566,12,,,0,96,,4567,12,,,0,40,,4568,12,,,0,80,,4569,12,,,0,80,,4570,12,,,0,40,,4571,12,,,0,80,,4572,12,,,0,80,,4573,12,,,0,40,,4574,12,,,0,80,,4575,12,,,0,80,,4576,12,,,0,40,,4577,12,,,0,80,,4578,12,,,0,84,,4579,12,,,0,100,,4580,12,,,0,100,,4581,12,,,0
5001,'3',917,,4586,12,,,0,100,,4587,12,,,0,100,,4588,12,,,0,100,,4589,12,,,0,100,,4590,12,,,0,100,,4591,12,,,0,100,,4592,12,,,0,100,,4593,12,,,0,100,,4594,12,,,0,100,,4595,12,,,0,100,,4583,12,,,0,100,,4584,12,,,0,97,,4585,12,,,0
5501,'1',612,,4681,13,,,0,40,,4657,13,,,0,80,,4658,13,,,0,80,,4659,13,,,0,40,,4660,13,,,0,80,,4661,13,,,0,80,,4662,13,,,0,40,,4663,13,,,0,80,,4664,13,,,0,80,,4665,13,,,0,40,,4666,13,,,0,80,,4667,13,,,0,80,,4668,13,,,0,40,,4669,13,,,0,80,,4670,13,,,0,80,,4671,13,,,0,40,,4672,13,,,0,80,,4673,13,,,0,80,,4674,13,,,0,35,,4675,13,,,0,99,,4676,13,,,0,100,,4677,13,,,0,100,,4678,13,,,0,100,,4679,13,,,0
5501,'12901',731,,4684,3,,,0,120,,4682,3,,,0,80,,4683,3,,,0
5501,'13001',851,,4686,3,,,0,80,,4685,3,,,0
5501,'2',646,,4706,13,,,0,100,,4687,13,,,0,100,,4688,13,,,0,100,,4689,13,,,0,100,,4690,13,,,0,93,,4691,13,,,0,73,,4692,13,,,0,40,,4693,13,,,0,80,,4694,13,,,0,80,,4695,13,,,0,40,,4696,13,,,0,80,,4697,13,,,0,80,,4698,13,,,0,40,,4699,13,,,0,80,,4700,13,,,0,80,,4701,13,,,0,35,,4702,13,,,0,99,,4703,13,,,0,100,,4704,13,,,0,100,,4705,13,,,0
5501,'3',946,,4707,13,,,0,100,,4708,13,,,0,100,,4709,13,,,0,100,,4710,13,,,0,100,,4711,13,,,0,100,,4712,13,,,0,100,,4713,13,,,0,100,,4714,13,,,0,100,,4715,13,,,0,100,,4716,13,,,0,100,,4717,13,,,0,100,,4718,13,,,0
8601,'1',618,,5750,18,,,0,28,,5751,18,,,0,70,,5752,18,,,0,28,,5753,18,,,0,68,,5754,18,,,0,28,,5755,18,,,0,68,,5756,18,,,0,26,,5757,18,,,0,67,,5758,18,,,0,23,,5759,18,,,0,78,,5760,18,,,0,35,,5761,18,,,0,75,,5762,18,,,0,35,,5763,18,,,0,75,,5764,18,,,0,35,,5765,18,,,0,69,,5766,18,,,0,76,,5767,18,,,0,34,,5768,18,,,0,23,,5769,18,,,0,65,,5770,18,,,0,28,,5771,18,,,0,68,,5772,18,,,0,28,,5773,18,,,0,68,,5774,18,,,0,28,,5775,18,,,0,65,,5776,18,,,0,38,,5777,18,,,0,80,,5778,18,,,0,80,,5779,18,,,0,40,,5780,18,,,0
8601,'2',632,,5782,18,,,0,80,,5783,18,,,0,40,,5784,18,,,0,80,,5785,18,,,0,80,,5786,18,,,0,40,,5787,18,,,0,80,,5788,18,,,0,80,,5789,18,,,0,40,,5790,18,,,0,75,,5791,18,,,0,25,,5792,18,,,0,65,,5793,18,,,0,25,,5794,18,,,0,65,,5795,18,,,0,25,,5796,18,,,0,25,,5797,18,,,0,65,,5798,18,,,0,25,,5799,18,,,0,65,,5800,18,,,0,25,,5801,18,,,0,65,,5802,18,,,0,25,,5803,18,,,0,25,,5804,18,,,0,65,,5805,18,,,0,25,,5806,18,,,0,65,,5807,18,,,0,25,,5808,18,,,0,80,,5809,18,,,0,40,,5810,18,,,0,80,,5811,18,,,0,80,,5812,18,,,0,40,,5813,18,,,0
8601,'3',929,,5814,18,,,0,80,,5815,18,,,0,40,,5816,18,,,0,80,,5817,18,,,0,80,,5818,18,,,0,40,,5819,18,,,0,80,,5820,18,,,0,80,,5821,18,,,0,40,,5822,18,,,0,80,,5823,18,,,0,80,,5824,18,,,0,40,,5825,18,,,0,80,,5826,18,,,0,80,,5827,18,,,0,40,,5828,18,,,0,80,,5829,18,,,0,80,,5830,18,,,0,40,,5831,18,,,0,80,,5832,18,,,0
