'10801',1400100,65800,0,'University',0,7000,0,'University',0,2800,0,'University',0,200,0,'University',0,6800,0,'University',0,200,0,'University',0,2800,0,'University',0,200,0,'University',0,6800,0,'University',0,200,0,'University',0,3000,0,'University',0,7000,0,'University',0,3000,0,'University',0,7000,0,'University',0,3000,0,'University',0,7000,0,'University',0,3000,0,'University',0,7000,0,'University',0,8000,0,'University',0,3000,0,'University',0,7000,0,'University',0,3000,0,'University',0,7000,0,'University',0,3000,0,'University',0,7000,0,'University',0,3000,0,'University',0,7000,0,'University',0,2900,0,'University',0
'2201',1400100,92600,0,'University',0
'2901',1400100,65800,0,'University',0,7000,0,'University',0,3000,0,'University',0,7000,0,'University',0,78000,0,'University',0,3000,0,'University',0,7000,0,'University',0
'3001',1400100,65800,0,'University',0,7000,0,'University',0,2800,0,'University',0,200,0,'University',0,6800,0,'University',0,200,0,'University',0,2800,0,'University',0,200,0,'University',0,7000,0,'University',0,3000,0,'University',0,7000,0,'University',0,3000,0,'University',0,7000,0,'University',0,3000,0,'University',0,7000,0,'University',0,3000,0,'University',0,7000,0,'University',0,8000,0,'University',0,3000,0,'University',0,7000,0,'University',0,3000,0,'University',0,7000,0,'University',0,3000,0,'University',0,7000,0,'University',0,3000,0,'University',0,7000,0,'University',0,2900,0,'University',0
'10801',1400501,74200,,'',0,7000,,'',0,3000,,'',0,7000,,'',0,3000,,'',0
'1',1400501,61400,,'',0,3000,,'',0,7000,,'',0,3000,,'',0,7000,,'',0,3000,,'',0,7000,,'',0,3000,,'',0,7000,,'',0,3000,,'',0,7000,,'',0,3000,,'',0,7000,,'',0,3000,,'',0,7000,,'',0,3000,,'',0,7000,,'',0,3000,,'',0,7000,,'',0,3000,,'',0,7000,,'',0,3000,,'',0,7000,,'',0,3000,,'',0,7000,,'',0,10000,,'',0,10000,,'',0,10000,,'',0,10000,,'',0,10000,,'',0,10000,,'',0
'2201',1400501,91200,,'',0,3000,,'',0
'2',1400501,61400,,'',0,10000,,'',0,10000,,'',0,10000,,'',0,10000,,'',0,10000,,'',0,3000,,'',0,7000,,'',0,3000,,'',0,7000,,'',0,3000,,'',0,7000,,'',0,3000,,'',0,7000,,'',0,3000,,'',0,7000,,'',0,3000,,'',0,7000,,'',0,3000,,'',0,7000,,'',0,10000,,'',0,10000,,'',0,10000,,'',0,10000,,'',0,10000,,'',0,10000,,'',0
'3001',1400501,74200,,'',0,7000,,'',0,3000,,'',0
'3',1400501,91400,,'',0,10000,,'',0,10000,,'',0,10000,,'',0,10000,,'',0,10000,,'',0,10000,,'',0,10000,,'',0,10000,,'',0,10000,,'',0,10000,,'',0,10000,,'',0,10000,,'',0
