601,'1',1914,,1043,39,4,,0
1401,'1',1644,,2271,34,4,,0,70,,2272,34,4,,0,30,,2273,34,4,,0
1600,'1',625,,2504,1,,,0,32,,2505,1,,,0,72,,2506,1,,,0,72,,2507,1,,,0,32,,2508,1,,,0,72,,2509,1,,,0,32,,2510,1,,,0,72,,2511,1,,,0,32,,2512,1,,,0,72,,2513,1,,,0,32,,2514,1,,,0,72,,2524,1,,,0,32,,2525,1,,,0,72,,2515,1,,,0,32,,2516,1,,,0,72,,2517,1,,,0,32,,2518,1,,,0,72,,2519,1,,,0,72,,2520,1,,,0,32,,2521,1,,,0,72,,2522,1,,,0,32,,2526,1,,,0,72,,2523,1,,,0,32,,2527,1,,,0,75,,2528,1,,,0,100,,2529,1,,,0,100,,2530,1,,,0,100,,2531,1,,,0,100,,2532,1,,,0
1600,'2',620,,2533,1,,,0,100,,2534,1,,,0,100,,2535,1,,,0,100,,2536,1,,,0,100,,2537,1,,,0,102,,2538,1,,,0,34,,2539,1,,,0,72,,2540,1,,,0,72,,2541,1,,,0,32,,2542,1,,,0,72,,2543,1,,,0,32,,2544,1,,,0,72,,2545,1,,,0,32,,2546,1,,,0,72,,2547,1,,,0,32,,2548,1,,,0,72,,2549,1,,,0,32,,2550,1,,,0,72,,2551,1,,,0,32,,2552,1,,,0,100,,2553,1,,,0,100,,2554,1,,,0,100,,2555,1,,,0
1600,'3',816,,2569,1,,,0,100,,2556,1,,,0,100,,2557,1,,,0,100,,2558,1,,,0,100,,2559,1,,,0,100,,2560,1,,,0,100,,2561,1,,,0,100,,2562,1,,,0,100,,2563,1,,,0,100,,2564,1,,,0,100,,2565,1,,,0,100,,2566,1,,,0,100,,2567,1,,,0,101,,2568,1,,,0
1601,'1',621,,2595,23,4,,0,32,,2590,23,4,,0,72,,2570,23,4,,0,32,,2571,23,4,,0,72,,2572,23,4,,0,72,,2573,23,4,,0,32,,2574,23,4,,0,72,,2575,23,4,,0,32,,2576,23,4,,0,72,,2577,23,4,,0,32,,2596,23,4,,0,72,,2578,23,4,,0,32,,2579,23,4,,0,72,,2580,23,4,,0,32,,2581,23,4,,0,72,,2582,23,4,,0,32,,2583,23,4,,0,72,,2584,23,4,,0,32,,2585,23,4,,0,72,,2586,23,4,,0,72,,2587,23,4,,0,32,,2597,23,4,,0,72,,2588,23,4,,0,102,,2589,23,4,,0,103,,2591,23,4,,0,100,,2592,23,4,,0,100,,2593,23,4,,0,100,,2594,23,4,,0
1601,'2',716,,2599,23,4,,0,100,,2600,23,4,,0,100,,2601,23,4,,0,100,,2602,23,4,,0,100,,2603,23,4,,0,36,,2604,23,4,,0,72,,2605,23,4,,0,32,,2606,23,4,,0,72,,2607,23,4,,0,72,,2608,23,4,,0,32,,2609,23,4,,0,72,,2610,23,4,,0,32,,2611,23,4,,0,72,,2612,23,4,,0,32,,2613,23,4,,0,72,,2614,23,4,,0,32,,2615,23,4,,0,72,,2616,23,4,,0,32,,2617,23,4,,0,100,,2618,23,4,,0,100,,2619,23,4,,0,100,,2620,23,4,,0,100,,2621,23,4,,0,100,,2622,23,4,,0
1601,'3',912,,2623,23,4,,0,100,,2624,23,4,,0,100,,2625,23,4,,0,100,,2626,23,4,,0,100,,2627,23,4,,0,100,,2628,23,4,,0,100,,2629,23,4,,0,100,,2630,23,4,,0,100,,2631,23,4,,0,100,,2632,23,4,,0,100,,2633,23,4,,0,100,,2634,23,4,,0,100,,2635,23,4,,0
2201,'1',707,,3295,43,4,,0,30,,3294,43,4,,0,70,,3296,43,4,,0,30,,3293,43,4,,0,70,,3292,43,4,,0
30501,'1',1635,,5879,8,4,,0
