401,'1',553,,505,1,,,0,47,,506,1,,,0,8,,507,1,,,0,7,,508,1,,,0,8,,509,1,,,0,7,,510,1,,,0,8,,511,1,,,0,7,,512,1,,,0,8,,513,1,,,0,47,,514,1,,,0,8,,545,1,,,0,7,,515,1,,,0,8,,516,1,,,0,7,,542,1,,,0,8,,517,1,,,0,7,,518,1,,,0,8,,519,1,,,0,47,,520,1,,,0,8,,546,1,,,0,7,,521,1,,,0,8,,522,1,,,0,7,,523,1,,,0,8,,524,1,,,0,7,,525,1,,,0,8,,544,1,,,0,47,,543,1,,,0,8,,526,1,,,0,7,,527,1,,,0,8,,529,1,,,0,7,,530,1,,,0,8,,531,1,,,0,7,,528,1,,,0,8,,532,1,,,0,47,,533,1,,,0,8,,536,1,,,0,7,,535,1,,,0,8,,534,1,,,0,7,,547,1,,,0,8,,537,1,,,0,7,,538,1,,,0,8,,539,1,,,0,47,,540,1,,,0,8,,541,1,,,0,7,,548,1,,,0,8,,549,1,,,0,7,,550,1,,,0,8,,551,1,,,0,7,,552,1,,,0,8,,553,1,,,0,47,,554,1,,,0,8,,560,1,,,0,7,,555,1,,,0,8,,556,1,,,0,7,,557,1,,,0,8,,558,1,,,0,7,,559,1,,,0,8,,561,1,,,0,47,,562,1,,,0,8,,563,1,,,0,7,,564,1,,,0,8,,565,1,,,0,7,,566,1,,,0,8,,567,1,,,0,7,,568,1,,,0,8,,569,1,,,0,47,,570,1,,,0,8,,571,1,,,0,7,,572,1,,,0,8,,573,1,,,0,7,,574,1,,,0,8,,575,1,,,0,7,,576,1,,,0,8,,577,1,,,0,47,,578,1,,,0,8,,579,1,,,0,7,,580,1,,,0,8,,581,1,,,0,7,,582,1,,,0,8,,583,1,,,0,7,,584,1,,,0,8,,585,1,,,0,47,,586,1,,,0,8,,587,1,,,0,7,,588,1,,,0,8,,589,1,,,0,7,,590,1,,,0,8,,591,1,,,0,7,,592,1,,,0,8,,593,1,,,0,47,,594,1,,,0,8,,595,1,,,0,7,,596,1,,,0,8,,597,1,,,0,7,,598,1,,,0,8,,599,1,,,0,7,,600,1,,,0,8,,601,1,,,0,47,,602,1,,,0,8,,603,1,,,0,7,,604,1,,,0,8,,605,1,,,0,7,,606,1,,,0,92,,607,1,,,0,23,,616,1,,,0,77,,608,1,,,0,23,,617,1,,,0,57,,609,1,,,0,20,,610,1,,,0,23,,618,1,,,0,57,,611,1,,,0,20,,612,1,,,0,80,,613,1,,,0,20,,614,1,,,0
401,'2',632,,620,1,,,0,20,,621,1,,,0,60,,669,1,,,0,20,,622,1,,,0,20,,623,1,,,0,60,,670,1,,,0,20,,624,1,,,0,20,,625,1,,,0,60,,671,1,,,0,20,,626,1,,,0,20,,627,1,,,0,60,,672,1,,,0,20,,628,1,,,0,20,,629,1,,,0,60,,673,1,,,0,20,,636,1,,,0,10,,684,1,,,0,10,,637,1,,,0,50,,638,1,,,0,10,,674,1,,,0,10,,639,1,,,0,10,,640,1,,,0,10,,685,1,,,0,10,,641,1,,,0,50,,642,1,,,0,10,,675,1,,,0,10,,643,1,,,0,10,,644,1,,,0,10,,686,1,,,0,10,,645,1,,,0,50,,646,1,,,0,10,,676,1,,,0,10,,647,1,,,0,10,,648,1,,,0,10,,687,1,,,0,10,,649,1,,,0,50,,650,1,,,0,10,,677,1,,,0,10,,651,1,,,0,10,,652,1,,,0,10,,688,1,,,0,10,,653,1,,,0,50,,654,1,,,0,10,,678,1,,,0,10,,655,1,,,0,10,,656,1,,,0,10,,689,1,,,0,10,,657,1,,,0,50,,658,1,,,0,10,,679,1,,,0,10,,659,1,,,0,10,,660,1,,,0,10,,690,1,,,0,10,,661,1,,,0,50,,662,1,,,0,10,,680,1,,,0,10,,663,1,,,0,10,,664,1,,,0,10,,691,1,,,0,10,,665,1,,,0,50,,666,1,,,0,10,,681,1,,,0,10,,667,1,,,0,10,,668,1,,,0,20,,630,1,,,0,60,,682,1,,,0,20,,631,1,,,0,20,,632,1,,,0,60,,683,1,,,0,20,,633,1,,,0,20,,634,1,,,0,80,,635,1,,,0
401,'3',852,,692,1,,,0,60,,719,1,,,0,20,,693,1,,,0,20,,694,1,,,0,60,,720,1,,,0,20,,695,1,,,0,20,,696,1,,,0,60,,721,1,,,0,20,,702,1,,,0,20,,703,1,,,0,60,,722,1,,,0,20,,704,1,,,0,20,,705,1,,,0,60,,723,1,,,0,20,,706,1,,,0,20,,707,1,,,0,60,,724,1,,,0,20,,708,1,,,0,20,,709,1,,,0,60,,725,1,,,0,20,,710,1,,,0,20,,711,1,,,0,60,,726,1,,,0,20,,712,1,,,0,20,,713,1,,,0,60,,727,1,,,0,20,,714,1,,,0,20,,715,1,,,0,60,,728,1,,,0,20,,716,1,,,0,20,,717,1,,,0,60,,729,1,,,0,20,,697,1,,,0,20,,698,1,,,0,60,,730,1,,,0,20,,699,1,,,0,20,,700,1,,,0,60,,731,1,,,0,20,,701,1,,,0,18,,718,1,0,7,0
2901,'1',645,,3665,10,,,0,80,,3666,10,,,0,80,,3667,10,,,0,40,,3668,10,,,0,80,,3669,10,,,0,80,,3670,10,,,0,40,,3671,10,,,0,80,,3672,10,,,0,80,,3673,10,,,0,40,,3674,10,,,0,80,,3675,10,,,0,80,,3682,10,,,0,40,,3676,10,,,0,80,,3677,10,,,0,80,,3678,10,,,0,40,,3679,10,,,0,80,,3680,10,,,0,80,,3681,10,,,0
4301,'1',552,,4092,7,4,,0,70,,4093,7,4,,0,30,,4094,7,4,,0,70,,4095,7,4,,0,30,,4096,7,4,,0,70,,4097,7,4,,0,30,,4098,7,4,,0,70,,4099,7,4,,0,30,,4100,7,4,,0,70,,4101,7,4,,0,30,,4102,7,4,,0,70,,4103,7,4,,0,30,,4104,7,4,,0,70,,4105,7,4,,0,30,,4106,7,4,,0,70,,4107,7,4,,0,30,,4108,7,4,,0,70,,4109,7,4,,0,30,,4110,7,4,,0,70,,4111,7,4,,0,30,,4112,7,4,,0,70,,4113,7,4,,0,30,,4114,7,4,,0,70,,4115,7,4,,0,30,,4116,7,4,,0,70,,4117,7,4,,0,29,,4118,7,4,,0,61,,4119,7,4,,0,30,,4120,7,4,,0,100,,4121,7,4,,0,100,,4122,7,4,,0,100,,4123,7,4,,0,100,,4124,7,4,,0
4301,'2',712,,4126,7,4,,0,100,,4127,7,4,,0,100,,4128,7,4,,0,100,,4129,7,4,,0,100,,4130,7,4,,0,30,,4139,7,4,,0,70,,4131,7,4,,0,30,,4140,7,4,,0,70,,4132,7,4,,0,30,,4141,7,4,,0,70,,4133,7,4,,0,30,,4142,7,4,,0,70,,4134,7,4,,0,100,,4135,7,4,,0,100,,4136,7,4,,0,30,,4143,7,4,,0,70,,4137,7,4,,0,30,,4144,7,4,,0,70,,4138,7,4,,0
4301,'3',912,,4145,7,4,,0,100,,4146,7,4,,0,100,,4147,7,4,,0,100,,4148,7,4,,0,100,,4149,7,4,,0,100,,4150,7,4,,0,100,,4151,7,4,,0,100,,4152,7,4,,0,100,,4153,7,4,,0,100,,4154,7,4,,0,100,,4155,7,4,,0,100,,4156,7,4,,0,100,,4157,7,4,,0,100,,4158,7,4,,0
4401,'1',829,,4231,6,4,,0,30,,4232,6,4,,0,70,,4233,6,4,,0,30,,4234,6,4,,0,70,,4235,6,4,,0,30,,4236,6,4,,0,70,,4237,6,4,,0,30,,4238,6,4,,0,70,,4239,6,4,,0,100,,4240,6,4,,0,30,,4241,6,4,,0,70,,4242,6,4,,0,30,,4243,6,4,,0,70,,4244,6,4,,0,30,,4245,6,4,,0,70,,4246,6,4,,0,30,,4247,6,4,,0
4401,'2',651,,4259,6,4,,0,100,,4258,6,4,,0,100,,4257,6,4,,0,100,,4256,6,4,,0,100,,4255,6,4,,0,100,,4260,6,4,,0,70,,4261,6,4,,0,30,,4262,6,4,,0,70,,4263,6,4,,0,30,,4264,6,4,,0,70,,4265,6,4,,0,30,,4266,6,4,,0,70,,4267,6,4,,0,30,,4268,6,4,,0,70,,4269,6,4,,0,30,,4270,6,4,,0,70,,4271,6,4,,0,30,,4272,6,4,,0,70,,4273,6,4,,0,30,,4274,6,4,,0,70,,4275,6,4,,0,30,,4254,6,4,,0,100,,4253,6,4,,0,100,,4252,6,4,,0,100,,4251,6,4,,0,100,,4250,6,4,,0
4401,'3',851,,4289,6,4,,0,100,,4288,6,4,,0,100,,4287,6,4,,0,100,,4283,6,4,,0,100,,4282,6,4,,0,100,,4281,6,4,,0,100,,4280,6,4,,0,100,,4279,6,4,,0,100,,4278,6,4,,0,100,,4277,6,4,,0,100,,4276,6,4,,0,100,,4286,6,4,,0,100,,4285,6,4,,0,95,,4284,6,4,,0
4501,'1',607,,4359,11,4,,0,30,,4360,11,4,,0,70,,4361,11,4,,0,30,,4362,11,4,,0,70,,4363,11,4,,0,30,,4364,11,4,,0,70,,4365,11,4,,0,30,,4366,11,4,,0,70,,4367,11,4,,0,30,,4368,11,4,,0,70,,4369,11,4,,0,30,,4370,11,4,,0,70,,4371,11,4,,0,30,,4372,11,4,,0,70,,4373,11,4,,0,30,,4374,11,4,,0,70,,4375,11,4,,0,30,,4376,11,4,,0,70,,4377,11,4,,0,30,,4378,11,4,,0,70,,4379,11,4,,0,30,,4380,11,4,,0,70,,4381,11,4,,0,30,,4382,11,4,,0,70,,4383,11,4,,0,52,,4384,11,4,,0,142,,4385,11,4,,0
4501,'2',632,,4391,11,4,,0,99,,4390,11,4,,0,100,,4389,11,4,,0,100,,4388,11,4,,0,100,,4387,11,4,,0,100,,4386,11,4,,0,70,,4392,11,4,,0,30,,4393,11,4,,0,70,,4394,11,4,,0,30,,4395,11,4,,0,70,,4396,11,4,,0,30,,4397,11,4,,0,70,,4398,11,4,,0,30,,4399,11,4,,0,70,,4400,11,4,,0,30,,4401,11,4,,0,70,,4402,11,4,,0,30,,4403,11,4,,0,70,,4404,11,4,,0,30,,4405,11,4,,0,70,,4406,11,4,,0,30,,4407,11,4,,0
4501,'3',931,,4421,11,4,,0,100,,4420,11,4,,0,100,,4411,11,4,,0,100,,4419,11,4,,0,100,,4418,11,4,,0,100,,4417,11,4,,0,100,,4416,11,4,,0,100,,4415,11,4,,0,100,,4414,11,4,,0,100,,4413,11,4,,0,100,,4412,11,4,,0,100,,4422,11,4,,0,99,,4410,11,4,,0
4601,'1',614,,4474,11,4,,0,30,,4449,11,4,,0,70,,4450,11,4,,0,30,,4451,11,4,,0,70,,4452,11,4,,0,30,,4453,11,4,,0,70,,4454,11,4,,0,30,,4455,11,4,,0,70,,4456,11,4,,0,30,,4457,11,4,,0,70,,4458,11,4,,0,30,,4459,11,4,,0,70,,4460,11,4,,0,30,,4461,11,4,,0,70,,4462,11,4,,0,30,,4463,11,4,,0,70,,4464,11,4,,0,30,,4465,11,4,,0,70,,4466,11,4,,0,30,,4467,11,4,,0,70,,4468,11,4,,0,30,,4469,11,4,,0,70,,4470,11,4,,0,30,,4471,11,4,,0,70,,4472,11,4,,0,30,,4473,11,4,,0
