4300,'1',626,,4021,13,,,0,30,,4022,13,,,0,69,,4023,13,,,0,30,,4024,13,,,0,70,,4025,13,,,0,30,,4026,13,,,0,69,,4027,13,,,0,28,,4028,13,,,0,70,,4029,13,,,0,30,,4030,13,,,0,70,,4031,13,,,0,30,,4032,13,,,0,70,,4033,13,,,0,30,,4034,13,,,0,70,,4035,13,,,0,30,,4036,13,,,0,70,,4037,13,,,0,30,,4038,13,,,0,68,,4039,13,,,0,30,,4040,13,,,0,70,,4041,13,,,0,30,,4042,13,,,0,70,,4043,13,,,0,30,,4044,13,,,0,70,,4045,13,,,0,25,,4046,13,,,0,70,,4047,13,,,0,100,,4048,13,,,0,100,,4049,13,,,0,100,,4050,13,,,0
4300,'2',645,,4052,13,,,0,100,,4053,13,,,0,100,,4054,13,,,0,100,,4055,13,,,0,100,,4056,13,,,0,70,,4070,13,,,0,30,,4057,13,,,0,70,,4071,13,,,0,30,,4058,13,,,0,100,,4059,13,,,0,70,,4073,13,,,0,30,,4060,13,,,0,70,,4074,13,,,0,30,,4061,13,,,0,70,,4075,13,,,0,30,,4062,13,,,0,70,,4076,13,,,0,30,,4063,13,,,0,70,,4077,13,,,0,30,,4064,13,,,0,100,,4065,13,,,0,100,,4066,13,,,0,100,,4067,13,,,0,100,,4068,13,,,0
4300,'3',845,,4078,13,,,0,100,,4079,13,,,0,100,,4080,13,,,0,100,,4081,13,,,0,100,,4082,13,,,0,100,,4083,13,,,0,100,,4084,13,,,0,100,,4085,13,,,0,100,,4086,13,,,0,100,,4087,13,,,0,100,,4088,13,,,0,100,,4089,13,,,0,100,,4090,13,,,0,100,,4091,13,,,0
4400,'1',633,,4161,13,,,0,70,,4162,13,,,0,29,,4163,13,,,0,70,,4164,13,,,0,30,,4165,13,,,0,70,,4166,13,,,0,29,,4167,13,,,0,69,,4168,13,,,0,30,,4169,13,,,0,70,,4170,13,,,0,30,,4171,13,,,0,70,,4172,13,,,0,30,,4173,13,,,0,70,,4174,13,,,0,30,,4175,13,,,0,70,,4176,13,,,0,30,,4177,13,,,0,70,,4178,13,,,0,28,,4179,13,,,0,30,,4180,13,,,0,70,,4181,13,,,0,30,,4182,13,,,0,70,,4183,13,,,0,30,,4184,13,,,0,97,,4185,13,,,0,100,,4186,13,,,0,100,,4187,13,,,0,100,,4188,13,,,0,100,,4189,13,,,0
4400,'2',725,,4200,13,,,0,100,,4199,13,,,0,100,,4198,13,,,0,100,,4197,13,,,0,100,,4202,13,,,0,30,,4203,13,,,0,70,,4204,13,,,0,30,,4205,13,,,0,70,,4206,13,,,0,30,,4207,13,,,0,70,,4208,13,,,0,30,,4209,13,,,0,70,,4210,13,,,0,30,,4211,13,,,0,100,,4212,13,,,0,70,,4213,13,,,0,30,,4214,13,,,0,70,,4215,13,,,0,30,,4216,13,,,0,70,,4196,13,,,0,100,,4195,13,,,0,100,,4194,13,,,0,100,,4193,13,,,0,100,,4192,13,,,0
4400,'3',925,,4229,13,,,0,100,,4228,13,,,0,100,,4224,13,,,0,100,,4223,13,,,0,100,,4222,13,,,0,100,,4221,13,,,0,100,,4220,13,,,0,100,,4219,13,,,0,100,,4218,13,,,0,100,,4217,13,,,0,100,,4227,13,,,0,100,,4226,13,,,0,100,,4225,13,,,0
4500,'1',640,,4291,13,,,0,69,,4292,13,,,0,30,,4293,13,,,0,70,,4294,13,,,0,30,,4295,13,,,0,70,,4296,13,,,0,30,,4297,13,,,0,70,,4298,13,,,0,30,,4299,13,,,0,70,,4300,13,,,0,30,,4301,13,,,0,70,,4302,13,,,0,30,,4303,13,,,0,70,,4304,13,,,0,30,,4305,13,,,0,70,,4306,13,,,0,30,,4307,13,,,0,70,,4308,13,,,0,27,,4309,13,,,0,70,,4310,13,,,0,30,,4311,13,,,0,70,,4312,13,,,0,30,,4313,13,,,0,93,,4314,13,,,0,106,,4315,13,,,0,100,,4316,13,,,0,100,,4317,13,,,0,100,,4318,13,,,0,100,,4319,13,,,0
4500,'2',705,,4328,13,,,0,100,,4327,13,,,0,100,,4326,13,,,0,100,,4325,13,,,0,100,,4320,13,,,0,30,,4330,13,,,0,70,,4331,13,,,0,30,,4332,13,,,0,70,,4333,13,,,0,30,,4334,13,,,0,70,,4335,13,,,0,30,,4336,13,,,0,70,,4337,13,,,0,30,,4338,13,,,0,70,,4339,13,,,0,30,,4340,13,,,0,70,,4341,13,,,0,30,,4342,13,,,0,70,,4343,13,,,0,30,,4344,13,,,0,70,,4345,13,,,0,100,,4324,13,,,0,100,,4323,13,,,0,100,,4322,13,,,0
4500,'3',905,,4358,13,,,0,100,,4357,13,,,0,100,,4346,13,,,0,100,,4356,13,,,0,100,,4355,13,,,0,100,,4354,13,,,0,100,,4353,13,,,0,100,,4352,13,,,0,100,,4351,13,,,0,100,,4350,13,,,0,100,,4349,13,,,0,101,,4348,13,,,0,99,,4347,13,,,0
4600,'1',618,,4424,13,,,0,29,,4425,13,,,0,69,,4426,13,,,0,30,,4427,13,,,0,70,,4428,13,,,0,30,,4429,13,,,0,71,,4430,13,,,0,30,,4431,13,,,0,70,,4432,13,,,0,30,,4433,13,,,0,70,,4434,13,,,0,30,,4435,13,,,0,70,,4436,13,,,0,30,,4437,13,,,0,70,,4438,13,,,0,30,,4439,13,,,0,70,,4440,13,,,0,29,,4441,13,,,0,66,,4442,13,,,0,30,,4443,13,,,0,70,,4444,13,,,0,30,,4445,13,,,0,70,,4446,13,,,0,30,,4447,13,,,0,70,,4448,13,,,0
