1469201,'1',619,,13032,33,,,0,30,,13031,33,,,0,70,,13030,33,,,0,30,,13029,33,,,0,70,,13028,33,,,0,30,,13027,33,,,0,70,,13026,33,,,0,30,,13025,33,,,0,70,,13024,33,,,0,30,,13023,33,,,0,70,,13022,33,,,0,30,,13021,33,,,0,70,,13020,33,,,0,30,,13019,33,,,0,70,,13018,33,,,0,30,,13017,33,,,0,70,,13016,33,,,0,30,,13015,33,,,0,70,,13014,33,,,0,30,,13013,33,,,0,70,,13012,33,,,0,30,,13011,33,,,0,70,,13010,33,,,0,30,,13009,33,,,0,70,,13008,33,,,0,30,,13007,33,,,0,70,,13006,33,,,0,100,,13005,33,,,0,100,,13004,33,,,0,100,,13003,33,,,0,100,,13002,33,,,0
1469201,'2',719,,13057,33,,,0,100,,13056,33,,,0,100,,13055,33,,,0,100,,13054,33,,,0,100,,13053,33,,,0,30,,13052,33,,,0,70,,13051,33,,,0,30,,13050,33,,,0,70,,13049,33,,,0,30,,13048,33,,,0,70,,13047,33,,,0,30,,13046,33,,,0,70,,13045,33,,,0,30,,13044,33,,,0,70,,13043,33,,,0,30,,13042,33,,,0,70,,13041,33,,,0,30,,13040,33,,,0,70,,13039,33,,,0,30,,13038,33,,,0,70,,13037,33,,,0,100,,13036,33,,,0,100,,13035,33,,,0,100,,13034,33,,,0,100,,13033,33,,,0
1469201,'3',919,,13070,33,,,0,100,,13069,33,,,0,100,,13068,33,,,0,100,,13067,33,,,0,100,,13066,33,,,0,100,,13065,33,,,0,100,,13064,33,,,0,100,,13063,33,,,0,100,,13062,33,,,0,100,,13061,33,,,0,100,,13060,33,,,0,100,,13059,33,,,0,86,,13058,33,,,0
1470401,'1',700,,15138,34,,,0,30,,15137,34,,,0,70,,15139,34,,,0,30,,15136,34,,,0,70,,15135,34,,,0
1470901,'1',616,,15597,8,,,0,37,,15598,8,,,0,162,,15599,8,,,0,40,,15600,8,,,0,83,,15601,8,,,0,77,,15602,8,,,0,40,,15603,8,,,0,80,,15604,8,,,0,80,,15605,8,,,0,40,,15606,8,,,0,80,,15607,8,,,0,80,,15608,8,,,0,40,,15609,8,,,0,83,,15610,8,,,0,82,,15611,8,,,0,80,,15612,8,,,0,40,,15613,8,,,0,80,,15614,8,,,0,38,,15615,8,,,0,78,,15593,8,,,0,95,,15594,8,,,0,100,,15595,8,,,0
1470901,'2',638,,15619,8,,,0,99,,15621,8,,,0,100,,15622,8,,,0,100,,15623,8,,,0,100,,15620,8,,,0,82,,15624,8,,,0,40,,15625,8,,,0,80,,15626,8,,,0,80,,15627,8,,,0,40,,15628,8,,,0,80,,15629,8,,,0,80,,15630,8,,,0,40,,15631,8,,,0,80,,15632,8,,,0,80,,15633,8,,,0,40,,15634,8,,,0,78,,15635,8,,,0,100,,15616,8,,,0,100,,15617,8,,,0
1470901,'3',836,,15636,8,,,0,100,,15637,8,,,0,100,,15638,8,,,0,100,,15639,8,,,0,100,,15640,8,,,0,100,,15641,8,,,0,100,,15642,8,,,0,100,,15643,8,,,0,100,,15644,8,,,0,100,,15645,8,,,0,100,,15646,8,,,0,100,,15647,8,,,0,100,,15648,8,,,0,100,,15649,8,,,0
1471901,'1',557,,15820,8,,,0,80,,15821,8,,,0,75,,15822,8,,,0,43,,15823,8,,,0,80,,15824,8,,,0,80,,15825,8,,,0,39,,15826,8,,,0,83,,15827,8,,,0,80,,15828,8,,,0,40,,15829,8,,,0,80,,15830,8,,,0,80,,15831,8,,,0,40,,15832,8,,,0,80,,15833,8,,,0,164,,15834,8,,,0,40,,15835,8,,,0,80,,15836,8,,,0,80,,15837,8,,,0,40,,15816,8,,,0,75,,15838,8,,,0,85,,15817,8,,,0,100,,15818,8,,,0
1471901,'2',707,,15853,8,,,0,100,,15854,8,,,0,100,,15855,8,,,0,100,,15856,8,,,0,95,,15857,8,,,0,40,,15842,8,,,0,80,,15843,8,,,0,80,,15844,8,,,0,40,,15845,8,,,0,80,,15846,8,,,0,80,,15847,8,,,0,40,,15848,8,,,0,80,,15849,8,,,0,80,,15850,8,,,0,40,,15851,8,,,0,80,,15852,8,,,0,85,,15839,8,,,0,100,,15840,8,,,0
1471901,'3',907,,15858,8,,,0,100,,15859,8,,,0,100,,15860,8,,,0,100,,15861,8,,,0,100,,15862,8,,,0,100,,15863,8,,,0,100,,15864,8,,,0,100,,15865,8,,,0,100,,15866,8,,,0,100,,15867,8,,,0,100,,15868,8,,,0,100,,15869,8,,,0,100,,15870,8,,,0
