1469000,'1',646,,12574,2,,,0,70,,12575,2,,,0,30,,12576,2,,,0,70,,12577,2,,,0,30,,12578,2,,,0,70,,12579,2,,,0,30,,12580,2,,,0,70,,12581,2,,,0,30,,12582,2,,,0,70,,12583,2,,,0,30,,12584,2,,,0,70,,12585,2,,,0,30,,12586,2,,,0,70,,12587,2,,,0,30,,12588,2,,,0,70,,12589,2,,,0,30,,12590,2,,,0,70,,12591,2,,,0,30,,12592,2,,,0,70,,12593,2,,,0,30,,12594,2,,,0,70,,12595,2,,,0,30,,12596,2,,,0,70,,12597,2,,,0,100,,12628,2,,,0,100,,12629,2,,,0,100,,12630,2,,,0,100,,12631,2,,,0
1469000,'2',716,,12663,2,,,0,100,,12661,2,,,0,100,,12659,2,,,0,100,,12657,2,,,0,100,,12655,2,,,0,130,,12653,2,,,0,70,,12652,2,,,0,30,,12651,2,,,0,70,,12650,2,,,0,30,,12649,2,,,0,70,,12648,2,,,0,30,,12647,2,,,0,70,,12646,2,,,0,30,,12645,2,,,0,70,,12644,2,,,0,30,,12643,2,,,0,70,,12664,2,,,0,200,,12636,2,,,0,100,,12635,2,,,0,100,,12634,2,,,0,100,,12633,2,,,0
1469000,'3',916,,12693,2,,,0,100,,12692,2,,,0,100,,12690,2,,,0,100,,12689,2,,,0,100,,12688,2,,,0,100,,12687,2,,,0,100,,12686,2,,,0,100,,12685,2,,,0,100,,12684,2,,,0,100,,12694,2,,,0,100,,12702,2,,,0,100,,12680,2,,,0,101,,12679,2,,,0
1470400,'1',1601,,15129,2,,,0,30,,15130,2,,,0,70,,15131,2,,,0,30,,15132,2,,,0
1470400,'1201',1531,,15133,2,,,0
1470400,'12801',1531,,15134,2,,,0
1470900,'1',608,,15495,2,,,0,40,,15497,2,,,0,81,,15499,2,,,0,80,,15500,2,,,0,40,,15501,2,,,0,82,,15502,2,,,0,80,,15503,2,,,0,40,,15504,2,,,0,80,,15505,2,,,0,80,,15506,2,,,0,40,,15507,2,,,0,283,,15509,2,,,0,80,,15510,2,,,0,40,,15511,2,,,0,80,,15512,2,,,0,80,,15513,2,,,0,132,,15490,2,,,0,100,,15491,2,,,0,100,,15492,2,,,0,100,,15493,2,,,0
1470900,'2',747,,15537,2,,,0,100,,15538,2,,,0,100,,15539,2,,,0,105,,15540,2,,,0,80,,15541,2,,,0,80,,15542,2,,,0,40,,15543,2,,,0,160,,15544,2,,,0,40,,15545,2,,,0,80,,15546,2,,,0,80,,15547,2,,,0,40,,15548,2,,,0,80,,15549,2,,,0,80,,15550,2,,,0
1470900,'3',847,,15579,2,,,0,100,,15580,2,,,0,100,,15581,2,,,0,100,,15582,2,,,0,100,,15583,2,,,0,100,,15584,2,,,0,100,,15585,2,,,0,100,,15586,2,,,0,100,,15587,2,,,0,100,,15588,2,,,0,100,,15589,2,,,0,100,,15590,2,,,0,101,,15591,2,,,0
1471900,'1',627,,15729,2,,,0,81,,15730,2,,,0,40,,15731,2,,,0,80,,15732,2,,,0,80,,15733,2,,,0,43,,15734,2,,,0,80,,15735,2,,,0,80,,15736,2,,,0,40,,15737,2,,,0,80,,15738,2,,,0,80,,15739,2,,,0,40,,15740,2,,,0,80,,15741,2,,,0,83,,15742,2,,,0,40,,15743,2,,,0,80,,15744,2,,,0,80,,15745,2,,,0,40,,15746,2,,,0,77,,15747,2,,,0,85,,15704,2,,,0,100,,15705,2,,,0,100,,15706,2,,,0,100,,15707,2,,,0,100,,15708,2,4,,0
1471900,'2',717,,15774,2,,,0,100,,15775,2,,,0,100,,15776,2,,,0,100,,15777,2,,,0,95,,15778,2,,,0,40,,15779,2,,,0,80,,15780,2,,,0,80,,15781,2,,,0,40,,15782,2,,,0,80,,15783,2,,,0,80,,15784,2,,,0,40,,15785,2,,,0,80,,15786,2,,,0,80,,15787,2,,,0,40,,15788,2,,,0,165,,15754,2,,,0,100,,15755,2,,,0
1471900,'3',917,,15800,2,,,0,100,,15801,2,,,0,100,,15802,2,,,0,100,,15803,2,,,0,100,,15804,2,,,0,100,,15805,2,,,0,100,,15806,2,,,0,100,,15807,2,,,0,100,,15808,2,,,0,100,,15809,2,,,0,100,,15812,2,,,0,100,,15813,2,,,0,100,,15814,2,,,0
