300,'1',649,,380,4,,,0,70,,381,4,,,0,30,,382,4,,,0,70,,383,4,,,0,30,,384,4,,,0,70,,385,4,,,0,30,,386,4,,,0,70,,387,4,,,0,30,,388,4,,,0,70,,389,4,,,0,30,,390,4,,,0,70,,391,4,,,0,30,,392,4,,,0,70,,393,4,,,0,30,,394,4,,,0,70,,395,4,,,0,30,,396,4,,,0,70,,397,4,,,0,30,,398,4,,,0,70,,379,4,,,0,130,,371,4,,,0,70,,372,4,,,0,30,,373,4,,,0,100,,374,4,,,0,100,,375,4,,,0,100,,376,4,,,0,100,,377,4,,,0
300,'2',749,,424,4,4,,0,100,,423,4,,,0,100,,422,4,,,0,100,,421,4,,,0,70,,420,4,,,0,30,,419,4,,,0,70,,418,4,,,0,30,,417,4,,,0,70,,416,4,,,0,30,,415,4,,,0,70,,414,4,,,0,30,,413,4,,,0,70,,412,4,,,0,30,,411,4,,,0,70,,410,4,,,0,30,,409,4,,,0,70,,408,4,,,0,30,,407,4,,,0,70,,406,4,,,0,30,,405,4,,,0,100,,404,4,,,0,100,,403,4,,,0,100,,402,4,,,0,100,,401,4,,,0
300,'3',849,,437,4,,,0,100,,436,4,,,0,100,,435,4,,,0,100,,434,4,,,0,100,,433,4,,,0,100,,432,4,,,0,100,,431,4,,,0,100,,430,4,,,0,100,,429,4,,,0,100,,428,4,,,0,100,,427,4,,,0,100,,426,4,,,0,100,,425,4,,,0
6001,'1',619,,4789,5,,,0,30,,4813,5,,,0,70,,4812,5,,,0,30,,4811,5,,,0,70,,4810,5,,,0,30,,4809,5,,,0,70,,4808,5,,,0,30,,4807,5,,,0,70,,4806,5,,,0,30,,4805,5,,,0,70,,4804,5,,,0,30,,4803,5,,,0,70,,4802,5,,,0,30,,4801,5,,,0,70,,4800,5,,,0,30,,4799,5,,,0,70,,4798,5,,,0,30,,4797,5,,,0,70,,4796,5,,,0,30,,4795,5,,,0,70,,4794,5,,,0,30,,4793,5,,,0,70,,4818,5,,,0,30,,4819,5,,,0,70,,4792,5,,,0,100,,4791,5,,,0,100,,4814,5,,,0,100,,4815,5,,,0,100,,4816,5,,,0
6001,'12901',1617,,4820,5,,,0,30,,4821,5,,,0
6001,'2',719,,4846,5,,,0,100,,4839,5,,,0,100,,4838,5,,,0,100,,4837,5,,,0,100,,4836,5,,,0,30,,4835,5,,,0,70,,4834,5,,,0,30,,4833,5,,,0,70,,4832,5,,,0,30,,4831,5,,,0,70,,4830,5,,,0,30,,4829,5,,,0,70,,4828,5,,,0,30,,4827,5,,,0,70,,4826,5,,,0,30,,4825,5,,,0,70,,4844,5,,,0,30,,4845,5,,,0,70,,4824,5,,,0,100,,4823,5,,,0,100,,4840,5,,,0,100,,4841,5,,,0,100,,4842,5,,,0
6001,'3',919,,4857,5,,,0,100,,4856,5,,,0,100,,4855,5,,,0,100,,4854,5,,,0,100,,4853,5,,,0,100,,4852,5,,,0,100,,4851,5,,,0,100,,4850,5,,,0,100,,4860,5,,,0,100,,4849,5,,,0,100,,4848,5,,,0,100,,4858,5,,,0,100,,4859,5,,,0
6501,'1',634,,5394,5,,,0,70,,5393,5,,,0,30,,5392,5,,,0,70,,5391,5,,,0,30,,5390,5,,,0,70,,5389,5,,,0,30,,5388,5,,,0,70,,5387,5,,,0,30,,5386,5,,,0,70,,5385,5,,,0,30,,5384,5,,,0,70,,5383,5,,,0,30,,5382,5,,,0,70,,5381,5,,,0,30,,5380,5,,,0,70,,5379,5,,,0,30,,5378,5,,,0,70,,5377,5,,,0,30,,5376,5,,,0,70,,5375,5,,,0,30,,5374,5,,,0,67,,5395,5,0,6 15,0,3,,5373,5,,,0,30,,5372,5,,,0,70,,5371,5,,,0,30,,5370,5,,,0,15,,5363,5,,,0,100,,5369,5,,,0,100,,5368,5,,,0,100,,5367,5,,,0
6501,'12901',1549,,5396,5,0,6 15,0
6501,'2',649,,5422,5,,,0,100,,5421,5,,,0,100,,5420,5,,,0,100,,5419,5,,,0,100,,5418,5,,,0,55,,5417,5,,,0,30,,5416,5,,,0,70,,5415,5,,,0,30,,5414,5,,,0,70,,5413,5,,,0,30,,5412,5,,,0,70,,5411,5,,,0,30,,5410,5,,,0,70,,5409,5,,,0,30,,5408,5,,,0,70,,5407,5,,,0,30,,5406,5,,,0,70,,5405,5,,,0,30,,5404,5,,,0,70,,5403,5,,,0,30,,5402,5,,,0,115,,5401,5,,,0,100,,5400,5,,,0
6501,'3',849,,5428,5,,,0,100,,5427,5,,,0,100,,5426,5,,,0,100,,5429,5,,,0,100,,5430,5,,,0,100,,5431,5,,,0,100,,5432,5,,,0,100,,5433,5,,,0,100,,5434,5,,,0,100,,5435,5,,,0,100,,5423,5,,,0,100,,5425,5,,,0,100,,5424,5,,,0
