1700,'1',647,,2636,2,0,7,0,60,,2637,2,0,7,0,20,,2638,2,0,7,0,20,,2639,2,0,7,0,60,,2640,2,0,7,0,20,,2641,2,0,7,0,20,,2642,2,0,7,0,60,,2643,2,0,7,0,20,,2670,2,0,7,0,74,,2671,2,0,7,0,35,,2672,2,0,7,0,70,,2673,2,0,7,0,30,,2674,2,0,7,0,70,,2675,2,0,7,0,30,,2676,2,0,7,0,70,,2677,2,0,7,0,30,,2678,2,0,7,0,75,,2679,2,0,7,0,23,,2680,2,0,7,0,20,,2716,2,0,7,0,58,,2644,2,0,7,0,18,,2645,2,0,7,0,20,,2646,2,0,7,0,60,,2647,2,0,7,0,20,,2648,2,0,7,0,20,,2649,2,0,7,0,60,,2650,2,0,7,0,20,,2651,2,0,7,0,20,,2652,2,0,7,0,60,,2692,2,0,7,0,20,,2693,2,0,7,0,28,,2694,2,0,7,0,85,,2697,2,0,7,0,85,,2698,2,0,7,0,85,,2699,2,0,7,0,45,,2700,2,0,7,0,85,,2701,2,0,7,0,85,,2702,2,0,7,0
1700,'2',715,,2737,2,0,7,0,85,,2738,2,0,7,0,45,,2739,2,0,7,0,85,,2740,2,0,7,0,85,,2741,2,0,7,0,85,,2742,2,0,7,0,30,,2751,2,0,7,0,70,,2752,2,0,7,0,30,,2753,2,0,7,0,70,,2754,2,0,7,0,30,,2755,2,0,7,0,70,,2756,2,0,7,0,30,,2757,2,0,7,0,70,,2758,2,0,7,0,30,,2759,2,0,7,0,70,,2760,2,0,7,0,30,,2761,2,0,7,0,70,,2762,2,0,7,0,30,,2763,2,0,7,0,70,,2764,2,0,7,0,30,,2765,2,0,7,0,85,,2783,2,0,7,0,85,,2781,2,0,7,0,130,,2782,2,0,7,0,170,,2784,2,0,7,0
1700,'3',846,,2790,2,0,7,0,85,,2791,2,0,7,0,85,,2792,2,0,7,0,85,,2793,2,0,7,0,45,,2794,2,0,7,0,85,,2795,2,0,7,0,85,,2823,2,0,7,0,85,,2796,2,0,7,0,45,,2797,2,0,7,0,85,,2798,2,0,7,0,85,,2799,2,0,7,0,85,,2800,2,0,7,0,45,,2801,2,0,7,0,85,,2802,2,0,7,0,85,,2803,2,0,7,0,85,,2804,2,0,7,0,45,,2805,2,0,7,0
3001,'1',607,,3798,2,,,0,37,,3799,2,,,0,160,,3801,2,,,0,40,,3802,2,,,0,83,,3803,2,,,0,78,,3804,2,,,0,40,,3805,2,,,0,80,,3806,2,,,0,80,,3807,2,,,0,40,,3808,2,,,0,80,,3809,2,,,0,80,,3810,2,,,0,40,,3811,2,,,0,82,,3812,2,,,0,82,,3813,2,,,0,40,,3814,2,,,0,80,,3815,2,,,0,80,,3816,2,,,0,40,,3817,2,,,0,78,,3795,2,,,0,95,,3796,2,,,0,100,,3797,2,,,0
3001,'2',632,,3822,2,,,0,97,,3824,2,,,0,100,,3825,2,,,0,100,,3826,2,,,0,100,,3823,2,,,0,82,,3827,2,,,0,40,,3828,2,,,0,80,,3829,2,,,0,80,,3830,2,,,0,40,,3831,2,,,0,80,,3832,2,,,0,80,,3833,2,,,0,40,,3834,2,,,0,80,,3835,2,,,0,80,,3836,2,,,0,318,,3819,2,,,0,100,,3820,2,,,0,100,,3821,2,,,0
3001,'3',828,,3838,2,,,0,100,,3839,2,,,0,100,,3840,2,,,0,100,,3841,2,,,0,100,,3842,2,,,0,100,,3843,2,,,0,100,,3844,2,,,0,100,,3845,2,,,0,100,,3846,2,,,0,100,,3847,2,,,0,100,,3848,2,,,0,100,,3849,2,,,0,100,,3850,2,,,0,100,,3851,2,,,0
3501,'1',548,,3970,2,,,0,80,,3971,2,,,0,73,,3972,2,,,0,43,,3973,2,,,0,80,,3974,2,,,0,80,,3975,2,,,0,40,,3976,2,,,0,83,,3977,2,,,0,80,,3978,2,,,0,40,,3979,2,,,0,80,,3980,2,,,0,80,,3981,2,,,0,40,,3982,2,,,0,80,,3983,2,,,0,323,,3985,2,,,0,80,,3968,2,,,0,77,,3986,2,,,0,45,,3969,2,,,0
3501,'2',659,,4001,2,,,0,100,,4002,2,,,0,100,,4003,2,,,0,100,,4004,2,,,0,96,,4005,2,,,0,157,,3991,2,,,0,40,,3992,2,,,0,80,,3993,2,,,0,80,,3994,2,,,0,40,,3995,2,,,0,80,,3996,2,,,0,80,,3997,2,,,0,40,,3998,2,,,0,80,,3999,2,,,0,80,,4000,2,,,0,45,,3987,2,,,0,102,,3988,2,,,0,100,,3989,2,,,0
3501,'3',859,,4006,2,,,0,100,,4007,2,,,0,100,,4008,2,,,0,100,,4009,2,,,0,100,,4010,2,,,0,100,,4011,2,,,0,100,,4012,2,,,0,100,,4013,2,,,0,100,,4014,2,,,0,100,,4015,2,,,0,100,,4016,2,,,0,100,,4017,2,,,0,100,,4018,2,,,0
51401,'1',640,,5926,4,,,0
