1400,'1',620,,2199,21,,,0,130,,2209,21,,,0,70,,2208,21,,,0,30,,2207,21,,,0,70,,2206,21,,,0,100,,2205,21,,,0,100,,2204,21,,,0,100,,2203,21,,,0,100,,2202,21,,,0,100,,2201,21,,,0,100,,2200,21,,,0,85,,2213,10,,,0,15,,2198,21,,,0,15,,2211,10,,,0,15,,2197,21,,,0,55,,2212,10,,,0,15,,2196,21,,,0,30,,2195,21,,,0,70,,2194,21,,,0,100,,2193,21,,,0,100,,2192,21,,,0,100,,2191,21,,,0,100,,2190,21,,,0
1400,'1201',1550,,2214,21,,,0
1400,'12801',1550,,2215,21,,,0
1400,'13001',1605,,2216,10,,,0
1400,'2',620,,2225,21,,,0,100,,2234,21,,,0,100,,2233,21,,,0,100,,2232,21,,,0,100,,2231,21,,,0,100,,2230,21,,,0,100,,2229,21,,,0,100,,2228,21,,,0,100,,2227,21,,,0,100,,2226,21,,,0,100,,2224,21,,,0,100,,2223,21,,,0,100,,2222,21,,,0,100,,2221,21,,,0,100,,2220,21,,,0,100,,2219,21,,,0,100,,2218,21,,,0,100,,2217,21,,,0
1400,'3',920,,2247,21,,,0,100,,2246,21,,,0,100,,2245,21,,,0,100,,2244,21,,,0,100,,2243,21,,,0,100,,2242,21,,,0,100,,2241,21,,,0,100,,2240,21,,,0,100,,2239,21,,,0,100,,2238,21,,,0,100,,2237,21,,,0,100,,2236,21,,,0,96,,2235,21,,,0
2501,'1',718,,3313,12,0,8 9 10,0,30,,3312,12,0,8 9 10,0,70,,3311,12,0,8 9 10,0,30,,3310,12,0,8 9 10,0,793,,3309,12,0,8 9 10,0,70,,3308,12,0,8 9 10,0,30,,3307,12,0,8 9 10,0,70,,3306,12,0,8 9 10,0
2501,'1201',1611,,3314,12,0,8 9 10,0
2501,'12801',1611,,3315,12,0,8 9 10,0
51400,'1',643,,5925,6,,,0
51401,'1',642,,5926,5,,,0
