1200,'1',616,,2052,2,,,0,30,,2053,2,,,0,70,,2054,2,,,0,30,,2055,2,,,0,70,,2056,2,,,0,30,,2057,2,,,0,70,,2058,2,,,0,30,,2059,2,,,0,70,,2060,2,,,0,30,,2061,2,,,0,70,,2062,2,,,0,30,,2063,2,,,0,70,,2064,2,,,0,30,,2065,2,,,0,70,,2066,2,,,0,30,,2067,2,,,0,70,,2068,2,,,0,30,,2069,2,,,0,70,,2070,2,,,0,30,,2071,2,,,0,70,,2072,2,,,0,30,,2073,2,,,0,70,,2074,2,,,0,30,,2075,2,,,0,70,,2076,2,,,0,100,,2077,2,,,0,100,,2078,2,,,0,100,,2079,2,,,0,100,,2080,2,,,0,100,,2081,2,,,0
1200,'2',616,,2083,2,,,0,100,,2084,2,,,0,100,,2085,2,,,0,100,,2086,2,,,0,100,,2087,2,,,0,100,,2088,2,,,0,30,,2089,2,,,0,70,,2090,2,,,0,30,,2091,2,,,0,70,,2092,2,,,0,30,,2093,2,,,0,70,,2094,2,,,0,30,,2095,2,,,0,70,,2096,2,,,0,30,,2097,2,,,0,70,,2098,2,,,0,30,,2099,2,,,0,70,,2100,2,,,0,30,,2101,2,,,0,70,,2102,2,,,0,100,,2103,2,,,0,100,,2104,2,,,0,100,,2105,2,,,0,100,,2106,2,,,0,100,,2107,2,,,0
1200,'3',916,,2108,2,,,0,100,,2109,2,,,0,100,,2110,2,,,0,100,,2111,2,,,0,100,,2112,2,,,0,100,,2113,2,,,0,100,,2114,2,,,0,100,,2115,2,,,0,100,,2116,2,,,0,100,,2117,2,,,0,100,,2118,2,,,0,100,,2119,2,,,0,101,,2120,2,,,0
1600,'1',625,,2504,2,,,0,32,,2505,2,,,0,72,,2506,2,,,0,72,,2507,2,,,0,32,,2508,2,,,0,72,,2509,2,,,0,32,,2510,2,,,0,72,,2511,2,,,0,32,,2512,2,,,0,72,,2513,2,,,0,32,,2514,2,,,0,72,,2524,2,,,0,32,,2525,2,,,0,72,,2515,2,,,0,32,,2516,2,,,0,72,,2517,2,,,0,32,,2518,2,,,0,72,,2519,2,,,0,72,,2520,2,,,0,32,,2521,2,,,0,72,,2522,2,,,0,32,,2526,2,,,0,72,,2523,2,,,0,32,,2527,2,,,0,75,,2528,2,,,0,100,,2529,2,,,0,100,,2530,2,,,0,100,,2531,2,,,0,100,,2532,2,,,0
1600,'2',620,,2533,2,,,0,100,,2534,2,,,0,100,,2535,2,,,0,100,,2536,2,,,0,100,,2537,2,,,0,102,,2538,2,,,0,34,,2539,2,,,0,72,,2540,2,,,0,72,,2541,2,,,0,32,,2542,2,,,0,72,,2543,2,,,0,32,,2544,2,,,0,72,,2545,2,,,0,32,,2546,2,,,0,72,,2547,2,,,0,32,,2548,2,,,0,72,,2549,2,,,0,32,,2550,2,,,0,72,,2551,2,,,0,32,,2552,2,,,0,100,,2553,2,,,0,100,,2554,2,,,0,100,,2555,2,,,0
1600,'3',816,,2569,2,,,0,100,,2556,2,,,0,100,,2557,2,,,0,100,,2558,2,,,0,100,,2559,2,,,0,100,,2560,2,,,0,100,,2561,2,,,0,100,,2562,2,,,0,100,,2563,2,,,0,100,,2564,2,,,0,100,,2565,2,,,0,100,,2566,2,,,0,100,,2567,2,,,0,101,,2568,2,,,0
4300,'1',617,,4021,2,,,0,30,,4022,2,,,0,66,,4023,2,,,0,30,,4024,2,,,0,70,,4025,2,,,0,30,,4026,2,,,0,69,,4027,2,,,0,27,,4028,2,,,0,70,,4029,2,,,0,30,,4030,2,,,0,70,,4031,2,,,0,30,,4032,2,,,0,70,,4033,2,,,0,30,,4034,2,,,0,70,,4035,2,,,0,30,,4036,2,,,0,70,,4037,2,,,0,30,,4038,2,,,0,67,,4039,2,,,0,30,,4040,2,,,0,70,,4041,2,,,0,30,,4042,2,,,0,70,,4043,2,,,0,30,,4044,2,,,0,70,,4045,2,,,0,30,,4046,2,,,0,70,,4047,2,,,0,100,,4048,2,,,0,100,,4049,2,,,0,100,,4050,2,,,0,100,,4051,2,,,0
4300,'2',636,,4052,2,,,0,100,,4053,2,,,0,100,,4054,2,,,0,100,,4055,2,,,0,100,,4056,2,,,0,70,,4070,2,,,0,30,,4057,2,,,0,70,,4071,2,,,0,30,,4058,2,,,0,100,,4059,2,,,0,70,,4073,2,,,0,30,,4060,2,,,0,70,,4074,2,,,0,30,,4061,2,,,0,70,,4075,2,,,0,30,,4062,2,,,0,70,,4076,2,,,0,30,,4063,2,,,0,70,,4077,2,,,0,30,,4064,2,,,0,100,,4065,2,,,0,100,,4066,2,,,0,100,,4067,2,,,0,100,,4068,2,,,0
4300,'3',836,,4078,2,,,0,100,,4079,2,,,0,100,,4080,2,,,0,100,,4081,2,,,0,100,,4082,2,,,0,100,,4083,2,,,0,100,,4084,2,,,0,100,,4085,2,,,0,100,,4086,2,,,0,100,,4087,2,,,0,100,,4088,2,,,0,100,,4089,2,,,0,100,,4090,2,,,0,100,,4091,2,,,0
4400,'1',624,,4161,2,,,0,30,,4162,2,,,0,66,,4163,2,,,0,30,,4164,2,,,0,70,,4165,2,,,0,30,,4166,2,,,0,69,,4167,2,,,0,28,,4168,2,,,0,70,,4169,2,,,0,30,,4170,2,,,0,70,,4171,2,,,0,30,,4172,2,,,0,70,,4173,2,,,0,30,,4174,2,,,0,70,,4175,2,,,0,30,,4176,2,,,0,70,,4177,2,,,0,30,,4178,2,,,0,67,,4179,2,,,0,30,,4180,2,,,0,70,,4181,2,,,0,30,,4182,2,,,0,70,,4183,2,,,0,30,,4184,2,,,0,102,,4185,2,,,0,100,,4186,2,,,0,100,,4187,2,,,0,100,,4188,2,,,0,100,,4189,2,,,0,101,,4190,2,,,0
4400,'2',716,,4200,2,,,0,100,,4199,2,,,0,100,,4198,2,,,0,100,,4197,2,,,0,100,,4202,2,,,0,30,,4203,2,,,0,70,,4204,2,,,0,30,,4205,2,,,0,70,,4206,2,,,0,30,,4207,2,,,0,70,,4208,2,,,0,30,,4209,2,,,0,70,,4210,2,,,0,30,,4211,2,,,0,100,,4212,2,,,0,70,,4213,2,,,0,30,,4214,2,,,0,70,,4215,2,,,0,30,,4216,2,,,0,70,,4196,2,,,0,100,,4195,2,,,0,100,,4194,2,,,0,100,,4193,2,,,0,100,,4192,2,,,0
4400,'3',916,,4229,2,,,0,100,,4228,2,,,0,100,,4224,2,,,0,100,,4223,2,,,0,100,,4222,2,,,0,100,,4221,2,,,0,100,,4220,2,,,0,100,,4219,2,,,0,100,,4218,2,,,0,100,,4217,2,,,0,100,,4227,2,,,0,100,,4226,2,,,0,100,,4225,2,,,0
4500,'1',631,,4291,2,,,0,26,,4292,2,,,0,70,,4293,2,,,0,30,,4294,2,,,0,70,,4295,2,,,0,30,,4296,2,,,0,69,,4297,2,,,0,30,,4298,2,,,0,70,,4299,2,,,0,30,,4300,2,,,0,70,,4301,2,,,0,30,,4302,2,,,0,70,,4303,2,,,0,30,,4304,2,,,0,70,,4305,2,,,0,30,,4306,2,,,0,70,,4307,2,,,0,30,,4308,2,,,0,66,,4309,2,,,0,30,,4310,2,,,0,70,,4311,2,,,0,30,,4312,2,,,0,70,,4313,2,,,0,93,,4314,2,,,0,111,,4315,2,,,0,100,,4316,2,,,0,100,,4317,2,,,0,100,,4318,2,,,0,100,,4319,2,,,0
4500,'2',656,,4328,2,,,0,100,,4327,2,,,0,100,,4326,2,,,0,100,,4325,2,,,0,100,,4320,2,,,0,70,,4330,2,,,0,30,,4331,2,,,0,70,,4332,2,,,0,30,,4333,2,,,0,70,,4334,2,,,0,30,,4335,2,,,0,70,,4336,2,,,0,30,,4337,2,,,0,70,,4338,2,,,0,30,,4339,2,,,0,70,,4340,2,,,0,30,,4341,2,,,0,70,,4342,2,,,0,30,,4343,2,,,0,70,,4344,2,,,0,30,,4345,2,,,0,100,,4324,2,,,0,100,,4323,2,,,0,100,,4322,2,,,0
4500,'3',856,,4358,2,,,0,100,,4357,2,,,0,100,,4346,2,,,0,100,,4356,2,,,0,100,,4355,2,,,0,100,,4354,2,,,0,100,,4353,2,,,0,100,,4352,2,,,0,100,,4351,2,,,0,100,,4350,2,,,0,100,,4349,2,,,0,101,,4348,2,,,0,99,,4347,2,,,0
4600,'1',609,,4424,2,,,0,29,,4425,2,,,0,66,,4426,2,,,0,30,,4427,2,,,0,70,,4428,2,,,0,30,,4429,2,,,0,71,,4430,2,,,0,29,,4431,2,,,0,70,,4432,2,,,0,30,,4433,2,,,0,70,,4434,2,,,0,30,,4435,2,,,0,70,,4436,2,,,0,30,,4437,2,,,0,70,,4438,2,,,0,30,,4439,2,,,0,70,,4440,2,,,0,29,,4441,2,,,0,25,,4442,2,,,0,70,,4443,2,,,0,30,,4444,2,,,0,70,,4445,2,,,0,30,,4446,2,,,0,70,,4447,2,,,0,30,,4448,2,,,0
