500,'1',647,,732,3,,,0,70,,733,3,,,0,30,,734,3,,,0,70,,735,3,,,0,30,,736,3,,,0,70,,737,3,,,0,30,,738,3,,,0,70,,739,3,,,0,30,,740,3,,,0,70,,741,3,,,0,30,,742,3,,,0,70,,743,3,,,0,30,,744,3,,,0,70,,745,3,,,0,30,,746,3,,,0,70,,747,3,,,0,30,,748,3,,,0,70,,749,3,,,0,30,,750,3,,,0,70,,751,3,,,0,30,,752,3,,,0,70,,753,3,,,0,30,,754,3,,,0,70,,755,3,,,0,100,,786,3,,,0,100,,787,3,,,0,100,,788,3,,,0,100,,789,3,,,0,100,,790,3,,,0
500,'2',717,,821,3,,,0,100,,819,3,,,0,100,,817,3,,,0,100,,815,3,,,0,100,,813,3,,,0,30,,812,3,,,0,70,,811,3,,,0,30,,810,3,,,0,170,,808,3,,,0,30,,807,3,,,0,70,,806,3,,,0,30,,805,3,,,0,70,,804,3,,,0,30,,803,3,,,0,70,,802,3,,,0,30,,801,3,,,0,70,,822,3,,,0,100,,834,3,,,0,100,,794,3,,,0,100,,793,3,,,0,100,,792,3,,,0
500,'3',917,,851,3,,,0,100,,850,3,,,0,100,,848,3,,,0,100,,847,3,,,0,100,,846,3,,,0,100,,845,3,,,0,100,,844,3,,,0,100,,843,3,,,0,100,,842,3,,,0,100,,852,3,,,0,100,,860,3,,,0,100,,838,3,,,0,101,,837,3,,,0
2200,'1',1532,,3290,3,,,0,70,,3286,3,,,0,30,,3287,3,,,0,70,,3288,3,,,0,30,,3289,3,,,0
2200,'13001',1532,,3291,3,,,0
3000,'1',609,,3695,3,,,0,40,,3697,3,,,0,80,,3699,3,,,0,80,,3700,3,,,0,40,,3701,3,,,0,83,,3702,3,,,0,80,,3703,3,,,0,40,,3704,3,,,0,80,,3705,3,,,0,80,,3706,3,,,0,40,,3707,3,,,0,402,,3709,3,,,0,80,,3710,3,,,0,80,,3711,3,,,0,133,,3689,3,,,0,100,,3690,3,,,0,100,,3691,3,,,0,100,,3692,3,,,0,101,,3693,3,4,,0
3000,'2',749,,3738,3,,,0,100,,3739,3,,,0,100,,3740,3,,,0,105,,3741,3,,,0,80,,3742,3,,,0,80,,3743,3,,,0,40,,3744,3,,,0,80,,3745,3,,,0,80,,3746,3,,,0,40,,3747,3,,,0,80,,3748,3,,,0,80,,3749,3,,,0,40,,3750,3,,,0,80,,3751,3,,,0,80,,3752,3,,,0,35,,3734,3,,,0,100,,3735,3,,,0
3000,'3',849,,3781,3,,,0,100,,3782,3,,,0,100,,3783,3,,,0,100,,3784,3,,,0,100,,3785,3,,,0,100,,3786,3,,,0,100,,3787,3,,,0,100,,3788,3,,,0,100,,3789,3,,,0,100,,3790,3,,,0,100,,3791,3,,,0,100,,3792,3,,,0,100,,3793,3,,,0
3500,'1',628,,3881,3,,,0,80,,3882,3,,,0,40,,3883,3,,,0,80,,3884,3,,,0,80,,3885,3,,,0,44,,3886,3,,,0,80,,3887,3,,,0,80,,3888,3,,,0,40,,3889,3,,,0,80,,3890,3,,,0,80,,3891,3,,,0,40,,3892,3,,,0,80,,3893,3,,,0,82,,3894,3,,,0,40,,3895,3,,,0,80,,3896,3,,,0,80,,3897,3,,,0,40,,3898,3,,,0,78,,3899,3,,,0,85,,3857,3,,,0,100,,3858,3,,,0,100,,3859,3,,,0
3500,'2',718,,3926,3,,,0,100,,3927,3,,,0,100,,3928,3,,,0,100,,3929,3,,,0,95,,3930,3,,,0,40,,3931,3,,,0,80,,3932,3,,,0,80,,3933,3,,,0,40,,3934,3,,,0,80,,3935,3,,,0,80,,3936,3,,,0,40,,3937,3,,,0,80,,3938,3,,,0,80,,3939,3,,,0,40,,3940,3,,,0,165,,3906,3,,,0,100,,3907,3,,,0,100,,3908,3,,,0
3500,'3',918,,3952,3,,,0,100,,3953,3,,,0,100,,3954,3,,,0,100,,3955,3,,,0,100,,3956,3,,,0,100,,3957,3,,,0,100,,3958,3,,,0,100,,3959,3,,,0,100,,3960,3,,,0,100,,3961,3,,,0,100,,3964,3,,,0,100,,3965,3,,,0,100,,3966,3,,,0
