5000,'1',646,,4477,7,,,0,80,,4478,7,,,0,80,,4479,7,,,0,40,,4480,7,,,0,80,,4481,7,,,0,80,,4482,7,,,0,40,,4483,7,,,0,80,,4484,7,,,0,80,,4485,7,,,0,40,,4486,7,,,0,80,,4487,7,,,0,80,,4488,7,,,0,40,,4489,7,,,0,80,,4490,7,,,0,80,,4491,7,,,0,40,,4492,7,,,0,80,,4493,7,,,0,80,,4494,7,,,0,40,,4495,7,,,0,103,,4496,7,,,0,100,,4497,7,,,0,100,,4498,7,,,0,100,,4499,7,,,0,100,,4500,7,,,0
5000,'2',649,,4502,7,,,0,100,,4503,7,,,0,100,,4504,7,,,0,100,,4505,7,,,0,99,,4506,7,,,0,78,,4507,7,,,0,80,,4508,7,,,0,40,,4509,7,,,0,80,,4510,7,,,0,80,,4511,7,,,0,40,,4512,7,,,0,80,,4513,7,,,0,80,,4514,7,,,0,40,,4515,7,,,0,80,,4516,7,,,0,80,,4517,7,,,0,40,,4518,7,,,0,103,,4519,7,,,0,100,,4520,7,,,0,100,,4521,7,,,0,100,,4522,7,,,0
5000,'3',949,,4524,7,,,0,100,,4525,7,,,0,100,,4528,7,,,0,100,,4529,7,,,0,100,,4530,7,,,0,100,,4531,7,,,0,100,,4532,7,,,0,100,,4533,7,,,0,100,,4534,7,,,0,100,,4535,7,,,0,100,,4526,7,,,0,100,,4527,7,,,0
5500,'1',626,,4596,7,,,0,80,,4597,7,,,0,40,,4598,7,,,0,80,,4599,7,,,0,80,,4600,7,,,0,40,,4601,7,,,0,80,,4602,7,,,0,80,,4603,7,,,0,40,,4604,7,,,0,80,,4605,7,,,0,80,,4606,7,,,0,40,,4607,7,,,0,80,,4608,7,,,0,80,,4609,7,,,0,40,,4610,7,,,0,80,,4611,7,,,0,80,,4612,7,,,0,40,,4613,7,,,0,80,,4614,7,,,0,80,,4615,7,,,0,113,,4616,7,,,0,100,,4617,7,,,0,100,,4618,7,,,0
5500,'1201',1616,,4622,7,,,0
5500,'12901',1616,,4623,7,,,0
5500,'2',819,,4624,7,,,0,100,,4625,7,,,0,100,,4626,7,,,0,97,,4627,7,,,0,30,,4628,7,,,0,80,,4629,7,,,0,80,,4630,7,,,0,40,,4631,7,,,0,80,,4632,7,,,0,80,,4633,7,,,0,40,,4634,7,,,0,80,,4635,7,,,0,80,,4636,7,,,0,40,,4637,7,,,0,80,,4638,7,,,0,80,,4639,7,,,0,113,,4640,7,,,0,100,,4641,7,,,0,100,,4642,7,,,0
5500,'3',919,,4644,7,,,0,100,,4645,7,,,0,100,,4646,7,,,0,100,,4647,7,,,0,100,,4648,7,,,0,100,,4649,7,,,0,100,,4650,7,,,0,100,,4651,7,,,0,100,,4652,7,,,0,100,,4653,7,,,0,100,,4654,7,,,0,100,,4655,7,,,0,99,,4656,7,,,0
8400,'1',604,,5492,3,,,0,28,,5493,3,,,0,68,,5494,3,,,0,28,,5495,3,,,0,28,,5496,3,,,0,68,,5497,3,,,0,28,,5498,3,,,0,68,,5499,3,,,0,35,,5500,3,,,0,75,,5501,3,,,0,75,,5502,3,,,0,35,,5503,3,,,0,75,,5504,3,,,0,35,,5505,3,,,0,75,,5506,3,,,0,75,,5507,3,,,0,35,,5508,3,,,0,73,,5509,3,,,0,34,,5510,3,,,0,66,,5511,3,,,0,28,,5512,3,,,0,68,,5513,3,,,0,28,,5514,3,,,0,68,,5515,3,,,0,28,,5516,3,,,0,80,,5517,3,,,0,40,,5518,3,,,0,80,,5519,3,,,0,80,,5520,3,,,0,40,,5521,3,,,0,80,,5522,3,,,0,80,,5523,3,,,0,40,,5524,3,,,0
8400,'2',637,,5526,3,,,0,80,,5527,3,,,0,40,,5528,3,,,0,80,,5529,3,,,0,80,,5530,3,,,0,40,,5531,3,,,0,80,,5532,3,,,0,82,,5533,3,,,0,25,,5534,3,,,0,63,,5535,3,,,0,27,,5536,3,,,0,25,,5537,3,,,0,65,,5538,3,,,0,25,,5539,3,,,0,65,,5540,3,,,0,25,,5541,3,,,0,65,,5542,3,,,0,25,,5543,3,,,0,25,,5544,3,,,0,65,,5545,3,,,0,25,,5546,3,,,0,65,,5547,3,,,0,25,,5548,3,,,0,25,,5549,3,,,0,65,,5550,3,,,0,27,,5551,3,,,0,80,,5552,3,,,0,80,,5553,3,,,0,40,,5554,3,,,0,80,,5555,3,,,0,80,,5556,3,,,0,40,,5557,3,,,0,80,,5558,3,,,0
8400,'3',902,,5559,3,,,0,40,,5560,3,,,0,80,,5561,3,,,0,80,,5562,3,,,0,40,,5563,3,,,0,80,,5564,3,,,0,80,,5565,3,,,0,40,,5566,3,,,0,80,,5567,3,,,0,80,,5568,3,,,0,40,,5569,3,,,0,80,,5570,3,,,0,80,,5571,3,,,0,40,,5572,3,,,0,80,,5573,3,,,0,80,,5574,3,,,0,40,,5575,3,,,0,80,,5576,3,,,0,80,,5577,3,,,0,40,,5578,3,,,0
