5001,'1',637,,4537,17,,,0,80,,4538,17,,,0,40,,4539,17,,,0,80,,4540,17,,,0,80,,4541,17,,,0,40,,4542,17,,,0,80,,4543,17,,,0,80,,4544,17,,,0,40,,4545,17,,,0,80,,4546,17,,,0,80,,4547,17,,,0,40,,4548,17,,,0,80,,4549,17,,,0,80,,4550,17,,,0,40,,4551,17,,,0,80,,4552,17,,,0,80,,4553,17,,,0,40,,4554,17,,,0,80,,4555,17,,,0,84,,4556,17,,,0,100,,4557,17,,,0,100,,4558,17,,,0
5001,'12901',836,,4561,8,,,0,80,,4562,8,,,0
5001,'2',721,,4563,17,,,0,100,,4564,17,,,0,100,,4565,17,,,0,100,,4566,17,,,0,96,,4567,17,,,0,40,,4568,17,,,0,80,,4569,17,,,0,80,,4570,17,,,0,40,,4571,17,,,0,80,,4572,17,,,0,80,,4573,17,,,0,40,,4574,17,,,0,80,,4575,17,,,0,80,,4576,17,,,0,40,,4577,17,,,0,80,,4578,17,,,0,84,,4579,17,,,0,100,,4580,17,,,0,100,,4581,17,,,0
5001,'3',921,,4586,17,,,0,100,,4587,17,,,0,100,,4588,17,,,0,100,,4589,17,,,0,100,,4590,17,,,0,100,,4591,17,,,0,100,,4592,17,,,0,100,,4593,17,,,0,100,,4594,17,,,0,100,,4595,17,,,0,100,,4583,17,,,0,100,,4584,17,,,0,97,,4585,17,,,0
5501,'1',617,,4681,18,,,0,40,,4657,18,,,0,80,,4658,18,,,0,80,,4659,18,,,0,40,,4660,18,,,0,80,,4661,18,,,0,80,,4662,18,,,0,40,,4663,18,,,0,80,,4664,18,,,0,80,,4665,18,,,0,40,,4666,18,,,0,80,,4667,18,,,0,80,,4668,18,,,0,40,,4669,18,,,0,80,,4670,18,,,0,80,,4671,18,,,0,40,,4672,18,,,0,80,,4673,18,,,0,80,,4674,18,,,0,33,,4675,18,,,0,101,,4676,18,,,0,100,,4677,18,,,0,100,,4678,18,,,0,100,,4679,18,,,0
5501,'12901',736,,4684,8,,,0,120,,4682,8,,,0,80,,4683,8,,,0
5501,'13001',856,,4686,8,,,0,80,,4685,8,,,0
5501,'2',651,,4706,18,,,0,100,,4687,18,,,0,100,,4688,18,,,0,100,,4689,18,,,0,100,,4690,18,,,0,92,,4691,18,,,0,74,,4692,18,,,0,40,,4693,18,,,0,80,,4694,18,,,0,80,,4695,18,,,0,40,,4696,18,,,0,80,,4697,18,,,0,80,,4698,18,,,0,40,,4699,18,,,0,80,,4700,18,,,0,80,,4701,18,,,0,33,,4702,18,,,0,101,,4703,18,,,0,100,,4704,18,,,0,100,,4705,18,,,0
5501,'3',951,,4707,18,,,0,100,,4708,18,,,0,100,,4709,18,,,0,100,,4710,18,,,0,100,,4711,18,,,0,100,,4712,18,,,0,100,,4713,18,,,0,100,,4714,18,,,0,100,,4715,18,,,0,100,,4716,18,,,0,100,,4717,18,,,0,100,,4718,18,,,0
8401,'1',549,,5579,16,,,0,79,,5580,16,,,0,28,,5581,16,,,0,73,,5582,16,,,0,28,,5583,16,,,0,68,,5584,16,,,0,28,,5585,16,,,0,67,,5586,16,,,0,27,,5587,16,,,0,75,,5588,16,,,0,35,,5589,16,,,0,75,,5590,16,,,0,75,,5591,16,,,0,35,,5592,16,,,0,75,,5593,16,,,0,35,,5594,16,,,0,75,,5595,16,,,0,73,,5596,16,,,0,37,,5597,16,,,0,73,,5598,16,,,0,27,,5599,16,,,0,68,,5600,16,,,0,28,,5601,16,,,0,68,,5602,16,,,0,28,,5603,16,,,0,24,,5604,16,,,0,80,,5605,16,,,0,80,,5606,16,,,0,40,,5607,16,,,0,80,,5608,16,,,0,80,,5609,16,,,0
8401,'2',706,,5611,16,,,0,40,,5612,16,,,0,80,,5613,16,,,0,80,,5614,16,,,0,40,,5615,16,,,0,80,,5616,16,,,0,80,,5617,16,,,0,40,,5618,16,,,0,65,,5619,16,,,0,21,,5620,16,,,0,69,,5621,16,,,0,25,,5622,16,,,0,25,,5623,16,,,0,65,,5624,16,,,0,25,,5625,16,,,0,65,,5626,16,,,0,25,,5627,16,,,0,25,,5628,16,,,0,65,,5629,16,,,0,25,,5630,16,,,0,65,,5631,16,,,0,25,,5632,16,,,0,65,,5633,16,,,0,25,,5634,16,,,0,25,,5635,16,,,0,67,,5636,16,,,0,40,,5637,16,,,0,80,,5638,16,,,0,80,,5639,16,,,0,40,,5640,16,,,0,80,,5641,16,,,0,80,,5642,16,,,0
8401,'3',851,,5644,16,,,0,80,,5645,16,,,0,80,,5646,16,,,0,40,,5647,16,,,0,80,,5648,16,,,0,80,,5649,16,,,0,40,,5650,16,,,0,80,,5651,16,,,0,80,,5652,16,,,0,40,,5653,16,,,0,80,,5654,16,,,0,80,,5655,16,,,0,40,,5656,16,,,0,80,,5657,16,,,0,80,,5658,16,,,0,40,,5659,16,,,0,80,,5660,16,,,0,80,,5661,16,,,0,40,,5662,16,,,0,80,,5663,16,,,0
