1469900,'1',1844,,14195,3,4,,0
1469900,'2',644,,14233,3,4,,0,70,,14234,3,4,,0,30,,14203,3,4,,0,70,,14232,3,4,,0,30,,14231,3,4,,0,70,,14230,3,4,,0,30,,14229,3,4,,0,15,,14205,3,4,,0,55,,14228,3,4,,0,15,,14217,3,4,,0,15,,14227,3,4,,0,785,,14244,3,4,,0,15,,14245,3,4,,0
1469900,'3',1429,,14250,3,4,,0,15,,14248,3,4,,0,15,,14251,3,4,,0,55,,14247,3,4,,0,15,,14249,3,4,,0,15,,14246,3,4,,0
1469901,'1',617,,14272,1,,,0,15,,14271,1,,,0,15,,14270,1,,,0,55,,14269,1,,,0,15,,14268,1,,,0,15,,14267,1,,,0,15,,14266,1,,,0,55,,14265,1,,,0,15,,14264,1,,,0,15,,14263,1,,,0,15,,14286,1,,,0,55,,14273,1,,,0,15,,14287,1,,,0,15,,14262,1,,,0,15,,14288,1,,,0,55,,14274,1,,,0,15,,14289,1,,,0,15,,14275,1,,,0,15,,14290,1,,,0,55,,14276,1,,,0,15,,14291,1,,,0,15,,14277,1,,,0,15,,14292,1,,,0,55,,14303,1,,,0,15,,14293,1,,,0,15,,14261,1,,,0,15,,14260,1,,,0,55,,14278,1,,,0,15,,14294,1,,,0,15,,14279,1,,,0,15,,14295,1,,,0,55,,14280,1,,,0,15,,14296,1,,,0,15,,14281,1,,,0,15,,14297,1,,,0,55,,14282,1,,,0,15,,14301,1,,,0,15,,14283,1,,,0,15,,14259,1,,,0,55,,14302,1,,,0,15,,14258,1,,,0,15,,14257,1,,,0,15,,14298,1,,,0,55,,14284,1,,,0,15,,14299,1,,,0,15,,14285,1,,,0,15,,14300,1,,,0,55,,14256,1,,,0,15,,14255,1,,,0,15,,14254,1,,,0,15,,14253,1,,,0,55,,14252,1,,,0
1469901,'2',647,,14334,1,,,0,70,,14335,1,,,0,30,,14333,1,,,0,70,,14332,1,,,0,30,,14331,1,,,0,70,,14330,1,,,0,30,,14329,1,,,0,55,,14317,1,,,0,15,,14328,1,,,0,15,,14316,1,,,0,15,,14327,1,,,0,55,,14315,1,,,0,15,,14326,1,,,0,15,,14314,1,,,0,15,,14325,1,,,0,55,,14305,1,,,0,15,,14336,1,,,0,15,,14337,1,,,0,15,,14338,1,,,0,55,,14339,1,,,0,15,,14324,1,,,0,15,,14313,1,,,0,15,,14323,1,,,0,55,,14312,1,,,0,15,,14322,1,,,0,15,,14311,1,,,0,15,,14321,1,,,0,55,,14340,1,,,0,15,,14304,1,,,0,15,,14310,1,,,0,15,,14341,1,,,0,55,,14309,1,,,0,15,,14342,1,,,0,15,,14308,1,,,0,15,,14320,1,,,0,55,,14307,1,,,0,15,,14319,1,,,0,15,,14306,1,,,0,15,,14318,1,,,0,55,,14343,1,,,0,15,,14344,1,,,0,15,,14345,1,,,0,15,,14346,1,,,0,55,,14347,1,,,0
1469901,'3',1432,,14349,1,,,0,15,,14352,1,,,0,55,,14353,1,,,0,15,,14351,1,,,0,15,,14348,1,,,0,15,,14350,1,,,0
1470400,'1',1601,,15129,1,,,0,30,,15130,1,,,0,70,,15131,1,,,0,30,,15132,1,,,0
1470400,'1201',1531,,15133,1,,,0
1470400,'12801',1531,,15134,1,,,0
1471500,'1',1245,,15658,1,,,0,80,,15659,1,,,0,420,,15651,1,,,0,60,,15652,1,,,0,20,,15653,1,,,0,20,,15654,1,,,0,60,,15655,1,,,0,20,,15656,1,,,0,20,,15657,1,,,0
1471500,'11903',1345,,15667,1,,,0,80,,15668,1,,,0,20,,15669,1,,,0,80,,15670,1,,,0,220,,15660,1,,,0,60,,15661,1,,,0,20,,15662,1,,,0,20,,15663,1,,,0,60,,15664,1,,,0,20,,15665,1,,,0,20,,15666,1,,,0
1471500,'2',1245,,15678,1,,,0,80,,15679,1,,,0,420,,15671,1,,,0,60,,15672,1,,,0,20,,15673,1,,,0,20,,15674,1,,,0,60,,15675,1,,,0,20,,15676,1,,,0,20,,15677,1,,,0
1471501,'1',1325,,15685,2,4,,0,500,,15680,2,4,,0,20,,15681,2,4,,0,60,,15682,2,4,,0,20,,15683,2,4,,0,20,,15684,2,4,,0
1471501,'11903',1425,,15691,2,4,,0,100,,15692,2,4,,0,300,,15686,2,4,,0,20,,15687,2,4,,0,60,,15688,2,4,,0,20,,15689,2,4,,0,20,,15690,2,4,,0
1471501,'2',1325,,15698,2,4,,0,500,,15693,2,4,,0,20,,15694,2,4,,0,60,,15695,2,4,,0,20,,15696,2,4,,0,20,,15697,2,4,,0
