1468700,'1',657,,11984,26,,,0,60,,11985,26,,,0,20,,11986,26,,,0,20,,11987,26,,,0,60,,11988,26,,,0,20,,11989,26,,,0,20,,11990,26,,,0,60,,11991,26,,,0,20,,11992,26,,,0,20,,11993,26,,,0,60,,11994,26,,,0,20,,11995,26,,,0,20,,11996,26,,,0,60,,11997,26,,,0,20,,11998,26,,,0,20,,11999,26,,,0,60,,12000,26,,,0,20,,12001,26,,,0,20,,12002,26,,,0,60,,12003,26,,,0,20,,12004,26,,,0,20,,12005,26,,,0,60,,12006,26,,,0,20,,12007,26,,,0,20,,12008,26,,,0,60,,12009,26,,,0,20,,12010,26,,,0,20,,12011,26,,,0,60,,12012,26,,,0,20,,12013,26,,,0,20,,12014,26,,,0,60,,12015,26,,,0,5,,12020,26,,,0,15,,12016,26,,,0,20,,12017,26,,,0,59,,12018,26,,,0,26,,12019,26,,,0,70,,11979,26,,,0,30,,11974,26,,,0,70,,11980,26,,,0,30,,11975,26,,,0,70,,11981,26,,,0,30,,11976,26,,,0,70,,11982,26,,,0,30,,11977,26,,,0,100,,11978,26,,,0
1468700,'2',712,,12026,26,,,0,30,,12041,26,,,0,70,,12025,26,,,0,30,,12040,26,,,0,70,,12024,26,,,0,30,,12039,26,,,0,70,,12023,26,,,0,28,,12038,26,,,0,72,,12022,26,,,0,25,,12042,26,,,0,20,,12043,26,,,0,60,,12044,26,,,0,20,,12045,26,,,0,20,,12046,26,,,0,60,,12047,26,,,0,20,,12048,26,,,0,20,,12049,26,,,0,60,,12050,26,,,0,20,,12051,26,,,0,20,,12052,26,,,0,60,,12053,26,,,0,20,,12054,26,,,0,20,,12055,26,,,0,60,,12056,26,,,0,20,,12057,26,,,0,20,,12058,26,,,0,60,,12059,26,,,0,20,,12060,26,,,0,20,,12061,26,,,0,59,,12062,26,,,0,26,,12063,26,,,0,100,,12037,26,,,0,70,,12031,26,,,0,30,,12036,26,,,0,70,,12030,26,,,0,30,,12035,26,,,0,70,,12029,26,,,0,30,,12034,26,,,0,70,,12028,26,,,0,30,,12033,26,,,0
1468700,'3',912,,12066,26,,,0,30,,12089,26,,,0,70,,12065,26,,,0,30,,12088,26,,,0,70,,12064,26,,,0,30,,12087,26,,,0,70,,12086,26,,,0,30,,12085,26,,,0,70,,12084,26,,,0,30,,12083,26,,,0,70,,12082,26,,,0,30,,12081,26,,,0,70,,12080,26,,,0,30,,12079,26,,,0,70,,12078,26,,,0,30,,12077,26,,,0,70,,12076,26,,,0,30,,12075,26,,,0,70,,12074,26,,,0,30,,12073,26,,,0,70,,12069,26,,,0,30,,12072,26,,,0,70,,12068,26,,,0,30,,12071,26,,,0,70,,12067,26,,,0,27,,12070,26,,,0
1469000,'1',706,,12574,25,,,0,30,,12575,25,,,0,70,,12576,25,,,0,30,,12577,25,,,0,70,,12578,25,,,0,30,,12579,25,,,0,70,,12580,25,,,0,30,,12581,25,,,0,70,,12582,25,,,0,30,,12583,25,,,0,70,,12584,25,,,0,30,,12585,25,,,0,70,,12586,25,,,0,30,,12587,25,,,0,70,,12588,25,,,0,30,,12589,25,,,0,70,,12590,25,,,0,30,,12591,25,,,0,70,,12592,25,,,0,30,,12593,25,,,0,70,,12594,25,,,0,30,,12595,25,,,0,70,,12596,25,,,0,30,,12597,25,,,0,96,,12628,25,,,0,100,,12629,25,,,0,100,,12630,25,,,0
1469000,'2',732,,12663,25,,,0,100,,12661,25,,,0,100,,12659,25,,,0,107,,12657,25,,,0,100,,12655,25,,,0,70,,12654,25,,,0,100,,12653,25,,,0,30,,12652,25,,,0,70,,12651,25,,,0,30,,12650,25,,,0,70,,12649,25,,,0,30,,12648,25,,,0,70,,12647,25,,,0,30,,12646,25,,,0,70,,12645,25,,,0,30,,12644,25,,,0,70,,12643,25,,,0,23,,12664,25,,,0,200,,12636,25,,,0,100,,12635,25,,,0,100,,12634,25,,,0,100,,12633,25,,,0
1469000,'3',932,,12693,25,,,0,100,,12692,25,,,0,100,,12690,25,,,0,100,,12689,25,,,0,100,,12688,25,,,0,100,,12687,25,,,0,100,,12686,25,,,0,100,,12685,25,,,0,100,,12684,25,,,0,100,,12694,25,,,0,100,,12702,25,,,0,100,,12680,25,,,0,100,,12679,25,,,0
1469200,'1',650,,12962,37,,,0,70,,12933,37,,,0,30,,12934,37,,,0,70,,12935,37,,,0,30,,12936,37,,,0,70,,12937,37,,,0,30,,12938,37,,,0,70,,12939,37,,,0,30,,12940,37,,,0,70,,12941,37,,,0,30,,12942,37,,,0,70,,12943,37,,,0,30,,12944,37,,,0,70,,12945,37,,,0,30,,12946,37,,,0,70,,12947,37,,,0,30,,12948,37,,,0,70,,12949,37,,,0,30,,12950,37,,,0,70,,12951,37,,,0,30,,12952,37,,,0,70,,12953,37,,,0,30,,12954,37,,,0,70,,12955,37,,,0,30,,12956,37,,,0,100,,12957,37,,,0,100,,12958,37,,,0,100,,12959,37,,,0,100,,12960,37,,,0
1469200,'2',750,,12963,37,,,0,100,,12964,37,,,0,100,,12965,37,,,0,100,,12966,37,,,0,100,,12967,37,,,0,70,,12968,37,,,0,30,,12969,37,,,0,70,,12970,37,,,0,30,,12971,37,,,0,70,,12972,37,,,0,30,,12973,37,,,0,70,,12974,37,,,0,30,,12975,37,,,0,70,,12976,37,,,0,30,,12977,37,,,0,70,,12978,37,,,0,30,,12979,37,,,0,70,,12980,37,,,0,30,,12981,37,,,0,100,,12982,37,,,0,100,,12983,37,,,0,100,,12984,37,,,0,100,,12985,37,,,0
1469200,'3',950,,12988,37,,,0,100,,12989,37,,,0,100,,12990,37,,,0,100,,12991,37,,,0,100,,12992,37,,,0,100,,12993,37,,,0,100,,12994,37,,,0,100,,12995,37,,,0,100,,12996,37,,,0,100,,12997,37,,,0,100,,12998,37,,,0,93,,12999,37,,,0,94,,13000,37,,,0
1469400,'1',606,,13459,23,0,6,0,30,,13434,23,0,6,0,74,,13435,55,,,0,30,,13436,55,,,0,70,,13437,55,,,0,30,,13438,55,,,0,67,,13439,45,,,0,30,,13440,45,,,0,70,,13441,45,,,0,30,,13442,45,,,0,70,,13443,45,,,0,30,,13444,45,,,0,70,,13445,45,,,0,30,,13446,45,,,0,70,,13447,45,,,0,30,,13448,45,,,0,70,,13449,45,,,0,30,,13450,45,,,0,70,,13465,45,,,0,30,,13451,45,,,0,73,,13452,55,,,0,30,,13453,55,,,0,70,,13454,55,,,0,30,,13455,55,,,0,70,,13456,55,,,0,29,,13457,55,,,0,64,,13458,45,,,0,100,,13460,45,,,0,100,,13461,45,,,0,100,,13462,45,,,0,100,,13463,45,,,0
1469400,'2',903,,13487,45,,,0,100,,13486,45,,,0,100,,13485,45,,,0,30,,13484,45,,,0,70,,13483,45,,,0,30,,13482,45,,,0,70,,13481,45,,,0,30,,13480,45,,,0,70,,13479,45,,,0,30,,13478,45,,,0,70,,13477,45,,,0,33,,13476,45,,,0,70,,13475,45,,,0,30,,13474,45,,,0,70,,13473,45,,,0,30,,13472,45,,,0,70,,13471,45,,,0,30,,13470,45,,,0,67,,13469,45,,,0,100,,13468,45,,,0,100,,13467,45,,,0,100,,13466,45,,,0
1469400,'3',903,,13492,45,,,0,100,,13501,45,,,0,100,,13500,45,,,0,100,,13499,45,,,0,100,,13498,45,,,0,100,,13497,45,,,0,100,,13496,45,,,0,100,,13495,45,,,0,100,,13494,45,,,0,100,,13493,45,,,0,100,,13491,45,,,0,100,,13490,45,,,0,100,,13489,45,,,0
1470400,'1',1629,,15129,40,,,0,30,,15130,40,,,0,70,,15131,40,,,0,30,,15132,40,,,0
1470400,'1201',1559,,15133,40,,,0
1470400,'12801',1559,,15134,40,,,0
1473200,'1',653,,16630,7,,,0,70,,16629,7,,,0,30,,16628,7,,,0,70,,16627,7,,,0,30,,16626,7,,,0,70,,16625,7,,,0,30,,16624,7,,,0,70,,16623,7,,,0,30,,16622,7,,,0,70,,16621,7,,,0,30,,16620,7,,,0,70,,16619,7,,,0,30,,16618,7,,,0,70,,16617,7,,,0,30,,16616,7,,,0,70,,16615,7,,,0,30,,16614,7,,,0,70,,16613,7,,,0,30,,16612,7,,,0,70,,16611,7,,,0,30,,16610,7,,,0,70,,16609,7,,,0,30,,16608,7,,,0,70,,16607,7,,,0,30,,16632,7,,,0,96,,16606,7,,,0,100,,16605,7,,,0,100,,16604,7,,,0,100,,16603,7,,,0
1473200,'2',649,,16656,7,,,0,100,,16655,7,,,0,100,,16654,7,,,0,100,,16653,7,,,0,100,,16652,7,,,0,70,,16651,7,,,0,30,,16650,7,,,0,70,,16649,7,,,0,30,,16648,7,,,0,70,,16647,7,,,0,30,,16646,7,,,0,70,,16645,7,,,0,30,,16644,7,,,0,70,,16643,7,,,0,30,,16642,7,,,0,70,,16641,7,,,0,30,,16640,7,,,0,70,,16639,7,,,0,30,,16638,7,,,0,70,,16637,7,,,0,30,,16657,7,,,0,100,,16636,7,,,0,100,,16635,7,,,0,100,,16634,7,,,0
1473200,'3',849,,16670,7,,,0,100,,16669,7,,,0,100,,16668,7,,,0,100,,16667,7,,,0,100,,16666,7,,,0,100,,16665,7,,,0,100,,16664,7,,,0,100,,16663,7,,,0,100,,16662,7,,,0,100,,16661,7,,,0,100,,16671,7,,,0,100,,16660,7,,,0,100,,16659,7,,,0,99,,16658,7,0,6 15,0
1473201,'1',633,,16672,13,,,0,70,,16696,13,,,0,30,,16695,13,,,0,70,,16694,13,,,0,30,,16693,13,,,0,70,,16692,13,,,0,30,,16691,13,,,0,70,,16690,13,,,0,30,,16689,13,,,0,70,,16688,13,,,0,30,,16687,13,,,0,70,,16686,13,,,0,30,,16685,13,,,0,70,,16684,13,,,0,30,,16683,13,,,0,70,,16682,13,,,0,30,,16681,13,,,0,70,,16680,13,,,0,30,,16679,13,,,0,70,,16678,13,,,0,26,,16703,13,,,0,4,,16677,13,,,0,26,,16704,13,,,0,44,,16676,13,,,0,100,,16702,13,,,0,30,,16675,13,,,0,100,,16674,13,,,0,100,,16697,13,,,0,100,,16698,13,,,0,100,,16699,13,,,0,100,,16700,13,,,0
1473201,'2',733,,16729,13,,,0,100,,16722,13,,,0,100,,16721,13,,,0,100,,16720,13,,,0,100,,16719,13,,,0,70,,16718,13,,,0,30,,16717,13,,,0,70,,16716,13,,,0,30,,16715,13,,,0,70,,16714,13,,,0,30,,16713,13,,,0,70,,16712,13,,,0,30,,16711,13,,,0,70,,16710,13,,,0,30,,16709,13,,,0,70,,16708,13,,,0,100,,16728,13,,,0,30,,16707,13,,,0,100,,16706,13,,,0,100,,16723,13,,,0,100,,16724,13,,,0,100,,16725,13,,,0,100,,16726,13,,,0
1473201,'3',933,,16740,13,,,0,100,,16739,13,,,0,100,,16738,13,,,0,100,,16737,13,,,0,100,,16736,13,,,0,100,,16735,13,,,0,100,,16734,13,,,0,100,,16733,13,,,0,100,,16743,13,,,0,100,,16732,13,,,0,100,,16731,13,,,0,100,,16741,13,,,0,100,,16742,13,,,0
1473300,'1',624,,16784,7,,,0,10,,16777,7,,,0,70,,16776,7,,,0,30,,16775,7,,,0,70,,16774,7,,,0,7,,16785,7,,,0,8,,16752,7,,,0,10,,16778,7,,,0,5,,16773,7,,,0,15,,16779,7,,,0,55,,16772,7,,,0,30,,16771,7,,,0,70,,16770,7,,,0,30,,16769,7,,,0,70,,16768,7,,,0,30,,16767,7,,,0,70,,16766,7,,,0,30,,16765,7,,,0,70,,16764,7,,,0,30,,16763,7,,,0,70,,16762,7,,,0,30,,16761,7,,,0,70,,16760,7,,,0,24,,16781,7,,,0,4,,16780,7,0,13 14,0,2,,16759,7,,,0,18,,16782,7,,,0,52,,16758,7,,,0,15,,16750,7,,,0,15,,16754,7,,,0,15,,16751,7,,,0,55,,16753,7,,,0,30,,16744,7,,,0,100,,16756,7,,,0,20,,16755,7,,,0,80,,16749,7,,,0,100,,16748,7,,,0,100,,16747,7,,,0,100,,16746,7,,,0,100,,16745,7,,,0
1473300,'1201',1533,,16786,7,0,13 14,0
1473300,'2',634,,16808,7,,,0,100,,16807,7,,,0,100,,16806,7,,,0,100,,16805,7,,,0,100,,16804,7,,,0,100,,16803,7,,,0,70,,16802,7,,,0,30,,16801,7,,,0,70,,16800,7,,,0,30,,16799,7,,,0,70,,16798,7,,,0,30,,16797,7,,,0,70,,16796,7,,,0,30,,16795,7,,,0,170,,16793,7,,,0,30,,16787,7,,,0,200,,16792,7,,,0,100,,16791,7,,,0,100,,16790,7,,,0,100,,16789,7,,,0,100,,16788,7,,,0
1473300,'3',834,,16821,7,,,0,100,,16820,7,,,0,100,,16819,7,,,0,100,,16818,7,,,0,100,,16817,7,,,0,100,,16816,7,,,0,100,,16815,7,,,0,100,,16814,7,,,0,100,,16812,7,,,0,100,,16809,7,,,0,100,,16813,7,,,0,100,,16811,7,,,0,100,,16810,7,,,0,99,,16822,7,,,0
1473400,'1',604,,16907,22,,,0,30,,16906,22,,,0,70,,16905,22,,,0,30,,16904,22,,,0,74,,16903,22,,,0,26,,16902,22,,,0,70,,16901,22,,,0,30,,16900,22,,,0,70,,16899,22,,,0,30,,16898,22,,,0,70,,16897,22,,,0,30,,16896,22,,,0,70,,16895,22,,,0,30,,16894,22,,,0,70,,16893,22,,,0,30,,16892,22,,,0,70,,16891,22,,,0,30,,16890,22,,,0,70,,16889,22,,,0,30,,16888,22,,,0,70,,16887,22,,,0,30,,16886,22,,,0,70,,16885,22,,,0,30,,16884,22,,,0,70,,16883,22,,,0,30,,16882,22,,,0,70,,16881,22,,,0,100,,16880,22,,,0,100,,16879,22,,,0,100,,16878,22,,,0
1473400,'2',604,,16933,22,,,0,100,,16932,22,,,0,100,,16931,22,,,0,100,,16930,22,,,0,100,,16929,22,,,0,100,,16928,22,,,0,30,,16927,22,,,0,70,,16926,22,,,0,30,,16925,22,,,0,70,,16924,22,,,0,30,,16923,22,,,0,70,,16922,22,,,0,30,,16921,22,,,0,70,,16920,22,,,0,30,,16919,22,,,0,70,,16918,22,,,0,30,,16917,22,,,0,70,,16916,22,,,0,30,,16915,22,,,0,70,,16914,22,,,0,30,,16913,22,,,0,70,,16912,22,,,0,100,,16911,22,,,0,100,,16910,22,,,0,100,,16909,22,,,0
1473400,'3',904,,16946,22,,,0,100,,16945,22,,,0,100,,16944,22,,,0,100,,16943,22,,,0,100,,16942,22,,,0,100,,16941,22,,,0,100,,16940,22,,,0,100,,16939,22,,,0,100,,16938,22,,,0,100,,16937,22,,,0,100,,16936,22,,,0,100,,16935,22,,,0,100,,16934,22,,,0
1473500,'1',631,,17024,10,,,0,70,,17025,10,,,0,30,,17026,10,,,0,70,,17027,10,,,0,30,,17028,10,,,0,70,,17029,10,,,0,30,,17030,10,,,0,70,,17031,10,,,0,30,,17032,10,,,0,70,,17033,10,,,0,30,,17034,10,,,0,70,,17035,10,,,0,30,,17036,10,,,0,70,,17037,10,,,0,30,,17038,10,,,0,70,,17039,10,,,0,30,,17040,10,,,0,70,,17041,10,,,0,30,,17042,10,,,0,70,,17043,10,,,0,30,,17044,10,,,0,70,,17045,10,,,0,30,,17046,10,,,0,70,,17047,10,,,0,30,,17048,10,,,0,28,,17049,10,,,0,93,,17050,10,,,0,100,,17051,10,,,0,100,,17052,10,,,0,100,,17053,10,,,0,100,,17054,10,,,0
1473500,'2',652,,17062,10,,,0,100,,17063,10,,,0,100,,17064,10,,,0,100,,17065,10,,,0,149,,17066,10,,,0,30,,17067,10,,,0,70,,17068,10,,,0,30,,17069,10,,,0,70,,17070,10,,,0,30,,17071,10,,,0,70,,17072,10,,,0,30,,17073,10,,,0,70,,17074,10,,,0,30,,17075,10,,,0,70,,17076,10,,,0,30,,17077,10,,,0,70,,17078,10,,,0,30,,17079,10,,,0,70,,17080,10,,,0,30,,17081,10,,,0,21,,17082,10,,,0,100,,17056,10,,,0,100,,17057,10,,,0,100,,17058,10,,,0,100,,17059,10,,,0,100,,17061,10,,,0
1473500,'3',852,,17086,10,,,0,100,,17087,10,,,0,100,,17088,10,,,0,100,,17089,10,,,0,100,,17090,10,,,0,100,,17091,10,,,0,100,,17092,10,,,0,100,,17093,10,,,0,100,,17094,10,,,0,100,,17095,10,,,0,100,,17096,10,,,0,100,,17083,10,,,0,100,,17084,10,,,0,96,,17085,10,,,0
1473600,'1',608,,17199,7,,,0,30,,17200,7,,,0,70,,17198,7,,,0,30,,17197,7,,,0,70,,17196,7,,,0,30,,17195,7,,,0,70,,17194,7,,,0,30,,17193,7,,,0,70,,17192,7,,,0,30,,17191,7,,,0,70,,17190,7,,,0,30,,17189,7,,,0,70,,17188,7,,,0,30,,17187,7,,,0,70,,17186,7,,,0,30,,17185,7,,,0,70,,17184,7,,,0,30,,17183,7,,,0,70,,17182,7,,,0,30,,17181,7,,,0,70,,17180,7,,,0,30,,17179,7,,,0,70,,17178,7,,,0,30,,17177,7,,,0,70,,17176,7,,,0,30,,17175,7,,,0,65,,17201,7,0,6 15,0,16,,17174,7,,,0,100,,17173,7,,,0,100,,17170,7,,,0,200,,17171,7,,,0
1473600,'2',619,,17229,7,,,0,100,,17228,7,,,0,100,,17227,7,,,0,100,,17226,7,,,0,100,,17225,7,,,0,85,,17224,7,,,0,30,,17223,7,,,0,70,,17222,7,,,0,30,,17221,7,,,0,70,,17220,7,,,0,30,,17219,7,,,0,70,,17218,7,,,0,30,,17217,7,,,0,70,,17216,7,,,0,30,,17215,7,,,0,70,,17214,7,,,0,30,,17213,7,,,0,70,,17212,7,,,0,30,,17211,7,,,0,70,,17210,7,,,0,30,,17209,7,,,0,69,,17230,7,0,6 15,0,16,,17208,7,,,0,100,,17207,7,,,0,100,,17204,7,,,0
1473600,'3',919,,17235,7,,,0,100,,17234,7,,,0,100,,17237,7,,,0,100,,17238,7,,,0,100,,17239,7,,,0,100,,17240,7,,,0,100,,17241,7,,,0,100,,17242,7,,,0,100,,17243,7,,,0,100,,17244,7,,,0,100,,17233,7,,,0,100,,17232,7,,,0,99,,17231,7,,,0
1473601,'1',648,,17276,13,,,0,70,,17275,13,,,0,30,,17274,13,,,0,70,,17273,13,,,0,30,,17272,13,,,0,70,,17271,13,,,0,30,,17270,13,,,0,70,,17269,13,,,0,30,,17268,13,,,0,70,,17267,13,,,0,30,,17266,13,,,0,70,,17265,13,,,0,30,,17264,13,,,0,70,,17263,13,,,0,30,,17262,13,,,0,70,,17261,13,,,0,30,,17260,13,,,0,70,,17259,13,,,0,30,,17258,13,,,0,54,,17277,13,0,6 15,0,16,,17257,13,,,0,30,,17256,13,,,0,66,,17278,13,0,6 15,0,4,,17255,13,,,0,30,,17254,13,,,0,70,,17253,13,,,0,30,,17252,13,,,0,55,,17245,13,,,0,100,,17251,13,,,0,100,,17250,13,,,0,100,,17249,13,,,0
1473601,'2',703,,17306,13,,,0,100,,17305,13,,,0,100,,17304,13,,,0,100,,17303,13,,,0,100,,17302,13,,,0,15,,17301,13,,,0,30,,17300,13,,,0,70,,17299,13,,,0,30,,17298,13,,,0,70,,17297,13,,,0,30,,17296,13,,,0,70,,17295,13,,,0,30,,17294,13,,,0,70,,17293,13,,,0,30,,17292,13,,,0,70,,17291,13,,,0,30,,17290,13,,,0,70,,17289,13,,,0,30,,17288,13,,,0,70,,17287,13,,,0,30,,17286,13,,,0,55,,17279,13,,,0,100,,17285,13,,,0,100,,17284,13,,,0,100,,17283,13,,,0
1473601,'3',903,,17312,13,,,0,100,,17311,13,,,0,100,,17310,13,,,0,100,,17313,13,,,0,100,,17314,13,,,0,100,,17315,13,,,0,100,,17316,13,,,0,100,,17317,13,,,0,100,,17318,13,,,0,100,,17319,13,,,0,100,,17307,13,,,0,100,,17309,13,,,0,100,,17308,13,,,0
