1440301,'1',610,,1150,0,18 19,0,30,,1151,0,18 19,0,70,,1119,0,18 19,0,30,,1120,0,18 19,0,70,,1121,0,18 19,0,30,,1122,0,18 19,0,70,,1123,0,18 19,0,30,,1124,0,18 19,0,70,,1125,0,18 19,0,30,,1126,0,18 19,0,70,,1127,0,18 19,0,30,,1128,0,18 19,0,70,,1129,0,18 19,0,30,,1130,0,18 19,0,70,,1131,0,18 19,0,30,,1132,0,18 19,0,70,,1133,0,18 19,0,30,,1134,0,18 19,0,70,,1135,0,18 19,0,30,,1136,0,18 19,0,70,,1137,0,18 19,0,30,,1138,0,18 19,0,70,,1139,0,18 19,0,30,,1140,0,18 19,0,70,,1141,0,18 19,0,30,,1142,0,18 19,0,70,,1143,0,18 19,0,30,,1144,0,18 19,0,100,,1145,0,18 19,0,100,,1146,0,18 19,0,100,,1147,0,18 19,0,100,,1148,0,18 19,0,95,,1149,0,18 19,0
1440301,'2',640,,1152,0,18 19,0,100,,1153,0,18 19,0,100,,1154,0,18 19,0,100,,1155,0,18 19,0,100,,1156,0,18 19,0,100,,1157,0,18 19,0,70,,1158,0,18 19,0,30,,1159,0,18 19,0,70,,1160,0,18 19,0,30,,1161,0,18 19,0,70,,1162,0,18 19,0,30,,1163,0,18 19,0,70,,1164,0,18 19,0,30,,1165,0,18 19,0,70,,1166,0,18 19,0,30,,1167,0,18 19,0,70,,1168,0,18 19,0,30,,1169,0,18 19,0,70,,1170,0,18 19,0,30,,1171,0,18 19,0,70,,1172,0,18 19,0,30,,1173,0,18 19,0,100,,1174,0,18 19,0,100,,1175,0,18 19,0,100,,1176,0,18 19,0,100,,1177,0,18 19,0,95,,1178,0,18 19,0
1440301,'3',840,,1179,0,18 19,0,100,,1180,0,18 19,0,100,,1181,0,18 19,0,100,,1182,0,18 19,0,100,,1183,0,18 19,0,100,,1184,0,18 19,0,100,,1185,0,18 19,0,100,,1186,0,18 19,0,100,,1187,0,18 19,0,100,,1188,0,18 19,0,100,,1189,0,18 19,0,100,,1190,0,18 19,0,100,,1191,0,18 19,0,95,,1192,0,18 19,0
1441500,'1',612,,3150,,,0,30,,3151,,,0,70,,3152,,,0,30,,3153,,,0,70,,3154,,,0,30,,3176,,,0,70,,3155,,,0,30,,3156,,,0,70,,3157,,,0,30,,3158,,,0,70,,3159,,,0,30,,3160,,,0,70,,3161,,,0,30,,3162,,,0,70,,3163,,,0,30,,3164,,,0,70,,3165,,,0,100,,3166,,,0,100,,3167,,,0,100,,3168,,,0,100,,3169,,,0,100,,3170,,,0,100,,3171,,,0,100,,3172,,,0,100,,3173,,,0,100,,3174,,,0,100,,3175,,,0
1441500,'10801',1442,,3179,,,0,100,,3180,,,0,100,,3177,,,0,100,,3181,,,0,100,,3178,,,0
1441500,'1201',1442,,3182,,,0,100,,3183,,,0,100,,3184,,,0,100,,3185,,,0,100,,3186,,,0
1441500,'2',712,,3212,,,0,100,,3211,,,0,100,,3210,,,0,100,,3209,,,0,100,,3208,,,0,30,,3207,,,0,70,,3206,,,0,30,,3205,,,0,70,,3204,,,0,30,,3203,,,0,70,,3202,,,0,30,,3201,,,0,70,,3200,,,0,30,,3199,,,0,70,,3198,,,0,30,,3197,,,0,70,,3196,,,0,30,,3195,,,0,70,,3194,,,0,30,,3193,,,0,70,,3192,,,0,100,,3191,,,0,100,,3190,,,0,100,,3189,,,0,100,,3188,,,0,100,,3187,,,0
1441500,'3',912,,3226,,,0,100,,3225,,,0,100,,3224,,,0,100,,3223,,,0,100,,3222,,,0,100,,3221,,,0,100,,3220,,,0,100,,3219,,,0,100,,3218,,,0,100,,3217,,,0,100,,3216,,,0,100,,3215,,,0,100,,3214,,,0,43,,3213,,,0
1442201,'10801',1632,,3847,,,0
1442201,'1201',1632,,3848,,,0
