1470101,'1',627,,14681,2,,,0,20,,14682,2,,,0,60,,14683,2,,,0,20,,14684,2,,,0,20,,14685,2,,,0,60,,14686,2,,,0,20,,14687,2,,,0,20,,14688,2,,,0,60,,14689,2,,,0,20,,14690,2,,,0,18,,14723,2,,,0,75,,14724,2,,,0,25,,14725,2,,,0,70,,14726,2,,,0,35,,14727,2,,,0,70,,14728,2,,,0,30,,14729,2,,,0,70,,14730,2,,,0,30,,14731,2,,,0,70,,14732,2,,,0,30,,14733,2,,,0,60,,14734,2,,,0,20,,14701,2,,,0,20,,14702,2,,,0,60,,14703,2,,,0,20,,14704,2,,,0,20,,14705,2,,,0,60,,14706,2,,,0,20,,14707,2,,,0,20,,14708,2,,,0,60,,14709,2,,,0,20,,14710,2,,,0
1470101,'2',659,,14785,2,,,0,85,,14786,2,,,0,85,,14787,2,,,0,85,,14788,2,,,0,45,,14789,2,,,0,85,,14790,2,,,0,84,,14791,2,,,0,85,,14792,2,,,0,30,,14793,2,,,0,70,,14794,2,,,0,30,,14795,2,,,0,70,,14796,2,,,0,30,,14797,2,,,0,70,,14798,2,,,0,30,,14799,2,,,0,70,,14800,2,,,0,30,,14801,2,,,0,70,,14802,2,,,0,30,,14803,2,,,0,70,,14804,2,,,0,31,,14805,2,,,0,70,,14807,2,,,0,30,,14806,2,,,0,85,,14809,2,4,,0,85,,14808,2,,,0,215,,14810,2,,,0
1470101,'3',914,,14845,2,,,0,45,,14828,2,,,0,85,,14829,2,,,0,85,,14830,2,,,0,85,,14831,2,,,0,45,,14832,2,,,0,85,,14833,2,,,0,85,,14834,2,,,0,85,,14835,2,,,0,45,,14836,2,,,0,85,,14837,2,,,0,85,,14838,2,,,0,85,,14839,2,,,0,45,,14840,2,,,0,85,,14841,2,,,0,85,,14842,2,,,0,85,,14843,2,,,0
1470201,'1',657,,14917,2,,,0,68,,14918,2,,,0,28,,14919,2,,,0,68,,14920,2,,,0,28,,14921,2,,,0,68,,14922,2,,,0,28,,14923,2,,,0,68,,14924,2,,,0,28,,14925,2,,,0,68,,14926,2,,,0,28,,14927,2,,,0,68,,14928,2,,,0,28,,14929,2,,,0,68,,14930,2,,,0,28,,14931,2,,,0,28,,14932,2,,,0,68,,14933,2,,,0,28,,14934,2,,,0,68,,14935,2,,,0,28,,14936,2,,,0,68,,14937,2,,,0,28,,14938,2,,,0,68,,14939,2,,,0,28,,14940,2,,,0,68,,14941,2,,,0,27,,14942,2,,,0,66,,14943,2,,,0,28,,14948,2,,,0,100,,14944,2,,,0,100,,14945,2,,,0,100,,14946,2,,,0,100,,14947,2,,,0
1470201,'2',626,,14950,2,,,0,100,,14951,2,,,0,100,,14952,2,,,0,100,,14953,2,,,0,100,,14954,2,,,0,101,,14955,2,,,0,74,,14956,2,,,0,32,,14957,2,,,0,72,,14958,2,,,0,32,,14959,2,,,0,72,,14960,2,,,0,32,,14961,2,,,0,72,,14962,2,,,0,32,,14963,2,,,0,72,,14964,2,,,0,32,,14965,2,,,0,72,,14966,2,,,0,32,,14967,2,,,0,72,,14968,2,,,0,99,,14969,2,,,0,100,,14970,2,,,0,100,,14971,2,,,0,100,,14972,2,,,0,100,,14973,2,,,0
1470201,'3',826,,14975,2,,,0,100,,14976,2,,,0,100,,14977,2,,,0,100,,14978,2,,,0,100,,14979,2,,,0,100,,14980,2,,,0,100,,14981,2,,,0,100,,14982,2,,,0,100,,14983,2,,,0,100,,14984,2,,,0,100,,14985,2,,,0,100,,14986,2,,,0,100,,14987,2,,,0,100,,14988,2,,,0
1470600,'1',609,,15159,2,,,0,40,,15160,2,,,0,80,,15161,2,,,0,80,,15162,2,,,0,40,,15163,2,,,0,80,,15164,2,,,0,80,,15165,2,,,0,40,,15166,2,,,0,80,,15167,2,,,0,80,,15168,2,,,0,40,,15169,2,,,0,80,,15170,2,,,0,80,,15171,2,,,0,40,,15172,2,,,0,80,,15173,2,,,0,80,,15174,2,,,0,40,,15175,2,,,0,80,,15176,2,,,0,80,,15177,2,,,0,40,,15178,2,,,0,80,,15179,2,,,0,80,,15180,2,,,0,40,,15181,2,,,0,80,,15182,2,,,0,80,,15183,2,,,0,40,,15184,2,,,0,80,,15185,2,,,0
1470600,'2',609,,15186,2,,,0,40,,15187,2,,,0,80,,15188,2,,,0,80,,15189,2,,,0,40,,15190,2,,,0,80,,15191,2,,,0,80,,15192,2,,,0,40,,15193,2,,,0,80,,15194,2,,,0,80,,15195,2,,,0,40,,15196,2,,,0,80,,15197,2,,,0,80,,15198,2,,,0,40,,15199,2,,,0,80,,15200,2,,,0,80,,15201,2,,,0,40,,15202,2,,,0,80,,15203,2,,,0,80,,15204,2,,,0,40,,15205,2,,,0,80,,15206,2,,,0,80,,15207,2,,,0,40,,15208,2,,,0,80,,15209,2,,,0,80,,15210,2,,,0
1470600,'3',929,,15212,2,,,0,80,,15213,2,,,0,40,,15214,2,,,0,80,,15215,2,,,0,80,,15216,2,,,0,40,,15217,2,,,0,80,,15218,2,,,0,80,,15219,2,,,0,40,,15220,2,,,0,80,,15221,2,,,0,80,,15222,2,,,0,40,,15223,2,,,0,80,,15224,2,,,0,80,,15225,2,,,0,40,,15226,2,,,0,80,,15227,2,,,0,80,,15228,2,,,0,40,,15229,2,,,0,80,,15230,2,,,0
1470800,'1',749,,15450,2,,,0,80,,15451,2,,,0,80,,15452,2,,,0,40,,15453,2,,,0,80,,15454,2,,,0,80,,15455,2,,,0,40,,15456,2,,,0,80,,15457,2,,,0,80,,15458,2,,,0,40,,15459,2,,,0,80,,15460,2,,,0,80,,15461,2,,,0,40,,15462,2,,,0,80,,15463,2,,,0,80,,15464,2,,,0,40,,15465,2,,,0
