1470000,'1',634,,14354,11,,,0,72,,14355,11,,,0,32,,14356,11,,,0,72,,14357,11,,,0,32,,14358,11,,,0,72,,14359,11,,,0,32,,14360,11,,,0,72,,14361,11,,,0,32,,14362,11,,,0,72,,14363,11,,,0,32,,14364,11,,,0,72,,14374,11,,,0,32,,14375,11,,,0,72,,14365,11,,,0,72,,14366,11,,,0,32,,14367,11,,,0,72,,14368,11,,,0,32,,14369,11,,,0,72,,14370,11,,,0,32,,14371,11,,,0,72,,14372,11,,,0,32,,14376,11,,,0,72,,14373,11,,,0,30,,14377,11,,,0,75,,14378,11,,,0,100,,14379,11,,,0,100,,14380,11,,,0,100,,14381,11,,,0,100,,14382,11,,,0
1470000,'2',627,,14383,11,,,0,100,,14384,11,,,0,100,,14385,11,,,0,100,,14386,11,,,0,100,,14387,11,,,0,104,,14388,11,,,0,74,,14389,11,,,0,32,,14390,11,,,0,72,,14391,11,,,0,32,,14392,11,,,0,72,,14393,11,,,0,32,,14394,11,,,0,72,,14395,11,,,0,32,,14396,11,,,0,72,,14397,11,,,0,32,,14398,11,,,0,72,,14399,11,,,0,32,,14400,11,,,0,72,,14401,11,,,0,30,,14402,11,,,0,100,,14403,11,,,0,100,,14404,11,,,0,100,,14405,11,,,0
1470000,'3',823,,14419,11,,,0,100,,14406,11,,,0,100,,14407,11,,,0,100,,14408,11,,,0,100,,14409,11,,,0,100,,14410,11,,,0,100,,14411,11,,,0,100,,14412,11,,,0,100,,14413,11,,,0,100,,14414,11,,,0,100,,14415,11,,,0,100,,14416,11,,,0,100,,14417,11,,,0,101,,14418,11,,,0
1470700,'1',609,,15301,3,,,0,40,,15302,3,,,0,80,,15303,3,,,0,80,,15304,3,,,0,40,,15305,3,,,0,80,,15306,3,,,0,80,,15307,3,,,0,40,,15308,3,,,0,80,,15309,3,,,0,80,,15310,3,,,0,40,,15311,3,,,0,80,,15312,3,,,0,80,,15313,3,,,0,40,,15314,3,,,0,80,,15315,3,,,0,80,,15316,3,,,0,40,,15317,3,,,0,80,,15318,3,,,0,80,,15319,3,,,0,40,,15321,3,,,0,80,,15322,3,,,0,80,,15323,3,,,0,40,,15324,3,,,0,80,,15325,3,,,0,80,,15326,3,,,0
1470700,'2',649,,15328,3,,,0,80,,15329,3,,,0,80,,15330,3,,,0,40,,15331,3,,,0,80,,15332,3,,,0,80,,15333,3,,,0,40,,15334,3,,,0,80,,15335,3,,,0,80,,15336,3,,,0,40,,15337,3,,,0,80,,15338,3,,,0,80,,15339,3,,,0,40,,15340,3,,,0,80,,15341,3,,,0,80,,15342,3,,,0,40,,15343,3,,,0,80,,15344,3,,,0,80,,15345,3,,,0,40,,15346,3,,,0,80,,15347,3,,,0,80,,15348,3,,,0,40,,15349,3,,,0,80,,15350,3,,,0,80,,15351,3,,,0,40,,15352,3,,,0
1470700,'3',829,,15353,3,,,0,80,,15354,3,,,0,40,,15355,3,,,0,80,,15356,3,,,0,80,,15357,3,,,0,40,,15358,3,,,0,80,,15359,3,,,0,80,,15360,3,,,0,40,,15361,3,,,0,80,,15362,3,,,0,80,,15363,3,,,0,40,,15364,3,,,0,80,,15365,3,,,0,80,,15366,3,,,0,40,,15367,3,,,0,80,,15368,3,,,0,80,,15369,3,,,0,40,,15370,3,,,0,80,,15371,3,,,0,80,,15372,3,,,0
1472600,'1',636,,16336,3,,,0,80,,16337,3,,,0,40,,16338,3,,,0,80,,16339,3,,,0,80,,16340,3,,,0,40,,16341,3,,,0,80,,16342,3,,,0,80,,16343,3,,,0,40,,16344,3,,,0,80,,16345,3,,,0,80,,16346,3,,,0,40,,16347,3,,,0,80,,16348,3,,,0,80,,16349,3,,,0,40,,16350,3,,,0,80,,16351,3,,,0,80,,16352,3,,,0,40,,16353,3,,,0,80,,16354,3,,,0,103,,16355,3,,,0,100,,16356,3,,,0,100,,16357,3,,,0
1472600,'2',839,,16361,3,,,0,100,,16362,3,,,0,100,,16363,3,,,0,77,,16364,3,,,0,40,,16365,3,,,0,80,,16366,3,,,0,80,,16367,3,,,0,40,,16368,3,,,0,80,,16369,3,,,0,80,,16370,3,,,0,40,,16371,3,,,0,80,,16372,3,,,0,80,,16373,3,,,0,40,,16374,3,,,0,80,,16375,3,,,0,103,,16376,3,,,0,100,,16377,3,,,0,100,,16378,3,,,0,100,,16379,3,,,0
1472600,'3',939,,16381,3,,,0,100,,16382,3,,,0,100,,16385,3,,,0,100,,16386,3,,,0,100,,16387,3,,,0,100,,16388,3,,,0,100,,16389,3,,,0,100,,16390,3,,,0,100,,16391,3,,,0,100,,16392,3,,,0,100,,16383,3,,,0,100,,16384,3,,,0
1473100,'1',616,,16483,3,,,0,40,,16484,3,,,0,80,,16485,3,,,0,80,,16486,3,,,0,40,,16487,3,,,0,80,,16488,3,,,0,80,,16489,3,,,0,40,,16490,3,,,0,80,,16491,3,,,0,80,,16492,3,,,0,40,,16493,3,,,0,80,,16494,3,,,0,80,,16495,3,,,0,40,,16496,3,,,0,80,,16497,3,,,0,80,,16498,3,,,0,40,,16499,3,,,0,80,,16500,3,,,0,80,,16501,3,,,0,40,,16502,3,,,0,153,,16503,3,,,0,100,,16504,3,,,0,100,,16505,3,,,0,100,,16506,3,,,0
1473100,'12801',1606,,16509,3,,,0
1473100,'2',809,,16511,3,,,0,100,,16512,3,,,0,100,,16513,3,,,0,97,,16514,3,,,0,30,,16515,3,,,0,80,,16516,3,,,0,40,,16517,3,,,0,80,,16518,3,,,0,80,,16519,3,,,0,40,,16520,3,,,0,80,,16521,3,,,0,80,,16522,3,,,0,40,,16523,3,,,0,80,,16524,3,,,0,80,,16525,3,,,0,40,,16526,3,,,0,153,,16527,3,,,0,100,,16528,3,,,0,100,,16529,3,,,0
1473100,'3',909,,16530,3,,,0,100,,16531,3,,,0,100,,16532,3,,,0,100,,16533,3,,,0,100,,16534,3,,,0,100,,16535,3,,,0,100,,16536,3,,,0,100,,16537,3,,,0,100,,16538,3,,,0,100,,16539,3,,,0,100,,16540,3,,,0,100,,16541,3,,,0,100,,16542,3,,,0
