1470000,'1',630,,14354,8,,,0,72,,14355,8,,,0,32,,14356,8,,,0,72,,14357,8,,,0,32,,14358,8,,,0,72,,14359,8,,,0,32,,14360,8,,,0,72,,14361,8,,,0,32,,14362,8,,,0,72,,14363,8,,,0,32,,14364,8,,,0,72,,14374,8,,,0,32,,14375,8,,,0,72,,14365,8,,,0,32,,14366,8,,,0,72,,14367,8,,,0,72,,14368,8,,,0,32,,14369,8,,,0,72,,14370,8,,,0,32,,14371,8,,,0,72,,14372,8,,,0,32,,14376,8,,,0,72,,14373,8,,,0,31,,14377,8,,,0,75,,14378,8,,,0,100,,14379,8,,,0,100,,14380,8,,,0,100,,14381,8,,,0,100,,14382,8,,,0
1470000,'2',624,,14383,8,,,0,100,,14384,8,,,0,100,,14385,8,,,0,100,,14386,8,,,0,100,,14387,8,,,0,103,,14388,8,,,0,74,,14389,8,,,0,32,,14390,8,,,0,72,,14391,8,,,0,32,,14392,8,,,0,72,,14393,8,,,0,32,,14394,8,,,0,72,,14395,8,,,0,32,,14396,8,,,0,72,,14397,8,,,0,32,,14398,8,,,0,72,,14399,8,,,0,32,,14400,8,,,0,72,,14401,8,,,0,31,,14402,8,,,0,100,,14403,8,,,0,100,,14404,8,,,0,100,,14405,8,,,0
1470000,'3',820,,14419,8,,,0,100,,14406,8,,,0,100,,14407,8,,,0,100,,14408,8,,,0,100,,14409,8,,,0,100,,14410,8,,,0,100,,14411,8,,,0,100,,14412,8,,,0,100,,14413,8,,,0,100,,14414,8,,,0,100,,14415,8,,,0,100,,14416,8,,,0,100,,14417,8,,,0,101,,14418,8,,,0
1470101,'1',601,,14735,18,0,7,0,20,,14671,18,0,7,0,20,,14672,18,0,7,0,60,,14673,18,0,7,0,20,,14674,18,0,7,0,10,,14743,18,0,7,0,10,,14675,18,0,7,0,10,,14744,18,0,7,0,50,,14676,18,0,7,0,10,,14745,18,0,7,0,10,,14677,18,0,7,0,10,,14746,18,0,7,0,10,,14678,18,0,7,0,10,,14747,18,0,7,0,50,,14679,18,0,7,0,10,,14748,18,0,7,0,10,,14680,18,0,7,0,10,,14749,18,0,7,0,10,,14711,18,0,7,0,10,,14750,18,0,7,0,65,,14712,18,0,7,0,25,,14713,18,0,7,0,70,,14714,18,0,7,0,35,,14715,18,0,7,0,70,,14716,18,0,7,0,30,,14717,18,0,7,0,70,,14718,18,0,7,0,30,,14719,18,0,7,0,70,,14720,18,0,7,0,30,,14721,18,0,7,0,58,,14722,18,0,7,0,20,,14691,18,0,7,0,20,,14692,18,0,7,0,10,,14758,18,0,7,0,50,,14693,18,0,7,0,10,,14751,18,0,7,0,10,,14694,18,0,7,0,10,,14752,18,0,7,0,10,,14695,18,0,7,0,10,,14753,18,0,7,0,50,,14696,18,0,7,0,10,,14754,18,0,7,0,10,,14697,18,0,7,0,10,,14755,18,0,7,0,10,,14698,18,0,7,0,10,,14756,18,0,7,0,50,,14699,18,0,7,0,10,,14757,18,0,7,0,10,,14700,18,0,7,0,98,,14736,18,0,7,0,85,,14737,18,0,7,0,45,,14738,18,0,7,0,85,,14739,18,0,7,0,85,,14740,18,0,7,0,85,,14741,18,0,7,0
1470101,'2',603,,14811,18,0,7,0,50,,14759,18,0,7,0,85,,14760,18,0,7,0,85,,14761,18,0,7,0,85,,14762,18,0,7,0,45,,14763,18,0,7,0,85,,14764,18,0,7,0,85,,14765,18,0,7,0,85,,14766,18,0,7,0,30,,14767,18,0,7,0,70,,14768,18,0,7,0,30,,14769,18,0,7,0,70,,14770,18,0,7,0,30,,14771,18,0,7,0,70,,14772,18,0,7,0,30,,14773,18,0,7,0,70,,14774,18,0,7,0,30,,14775,18,0,7,0,70,,14776,18,0,7,0,30,,14777,18,0,7,0,70,,14778,18,0,7,0,30,,14779,18,0,7,0,70,,14782,18,0,7,0,30,,14780,18,0,7,0,85,,14783,18,0,7,0,85,,14781,18,0,7,0,45,,14784,18,0,7,0
1470101,'3',908,,14844,18,0,7,0,45,,14812,18,0,7,0,85,,14813,18,0,7,0,85,,14814,18,0,7,0,85,,14815,18,0,7,0,45,,14816,18,0,7,0,85,,14817,18,0,7,0,85,,14818,18,0,7,0,85,,14819,18,0,7,0,45,,14820,18,0,7,0,85,,14821,18,0,7,0,85,,14822,18,0,7,0,85,,14823,18,0,7,0,45,,14824,18,0,7,0,85,,14825,18,0,7,0,85,,14826,18,0,7,0,85,,14827,18,0,7,0
1472200,'1',621,,15873,8,,,0,30,,15874,8,,,0,67,,15875,8,,,0,30,,15876,8,,,0,70,,15877,8,,,0,30,,15878,8,,,0,69,,15879,8,,,0,27,,15880,8,,,0,70,,15881,8,,,0,30,,15882,8,,,0,70,,15883,8,,,0,30,,15884,8,,,0,70,,15885,8,,,0,30,,15886,8,,,0,70,,15887,8,,,0,30,,15888,8,,,0,70,,15889,8,,,0,30,,15890,8,,,0,68,,15891,8,,,0,30,,15892,8,,,0,70,,15893,8,,,0,30,,15894,8,,,0,70,,15895,8,,,0,30,,15896,8,,,0,70,,15897,8,,,0,28,,15898,8,,,0,70,,15899,8,,,0,100,,15900,8,,,0,100,,15901,8,,,0,100,,15902,8,,,0,100,,15903,8,,,0
1472200,'2',640,,15904,8,,,0,100,,15905,8,,,0,100,,15906,8,,,0,100,,15907,8,,,0,100,,15908,8,,,0,70,,15922,8,,,0,30,,15909,8,,,0,70,,15923,8,,,0,30,,15910,8,,,0,70,,15924,8,,,0,30,,15911,8,,,0,70,,15925,8,,,0,30,,15912,8,,,0,70,,15926,8,,,0,30,,15913,8,,,0,70,,15927,8,,,0,30,,15914,8,,,0,70,,15928,8,,,0,30,,15915,8,,,0,100,,15916,8,,,0,100,,15917,8,,,0,100,,15918,8,,,0,100,,15919,8,,,0,100,,15920,8,,,0,100,,15921,8,,,0
1472200,'3',840,,15929,8,,,0,100,,15930,8,,,0,100,,15931,8,,,0,100,,15932,8,,,0,100,,15933,8,,,0,100,,15934,8,,,0,100,,15935,8,,,0,100,,15936,8,,,0,100,,15937,8,,,0,100,,15938,8,,,0,100,,15939,8,,,0,100,,15940,8,,,0,100,,15941,8,,,0,100,,15942,8,,,0
1472300,'1',628,,16013,8,,,0,30,,16014,8,,,0,67,,16015,8,,,0,30,,16016,8,,,0,70,,16017,8,,,0,30,,16018,8,,,0,69,,16019,8,,,0,28,,16020,8,,,0,70,,16021,8,,,0,30,,16022,8,,,0,70,,16023,8,,,0,30,,16024,8,,,0,70,,16025,8,,,0,30,,16026,8,,,0,70,,16027,8,,,0,30,,16028,8,,,0,70,,16029,8,,,0,30,,16030,8,,,0,68,,16031,8,,,0,30,,16032,8,,,0,70,,16033,8,,,0,30,,16034,8,,,0,70,,16035,8,,,0,30,,16036,8,,,0,100,,16037,8,,,0,100,,16038,8,,,0,100,,16039,8,,,0,100,,16040,8,,,0
1472300,'2',720,,16050,8,,,0,100,,16049,8,,,0,100,,16048,8,,,0,100,,16047,8,,,0,100,,16052,8,,,0,30,,16053,8,,,0,70,,16054,8,,,0,30,,16055,8,,,0,70,,16056,8,,,0,30,,16057,8,,,0,70,,16058,8,,,0,30,,16059,8,,,0,70,,16060,8,,,0,30,,16061,8,,,0,70,,16062,8,,,0,30,,16063,8,,,0,70,,16064,8,,,0,30,,16065,8,,,0,70,,16066,8,,,0,30,,16067,8,,,0,70,,16046,8,,,0,100,,16045,8,,,0,100,,16044,8,,,0,100,,16043,8,,,0,100,,16042,8,,,0
1472300,'3',920,,16080,8,,,0,100,,16079,8,,,0,100,,16075,8,,,0,100,,16074,8,,,0,100,,16073,8,,,0,100,,16072,8,,,0,100,,16071,8,,,0,100,,16070,8,,,0,100,,16069,8,,,0,100,,16068,8,,,0,100,,16078,8,,,0,100,,16077,8,,,0,100,,16076,8,,,0
1472400,'1',606,,16150,8,,,0,29,,16151,8,,,0,67,,16152,8,,,0,30,,16153,8,,,0,70,,16154,8,,,0,30,,16155,8,,,0,70,,16156,8,,,0,29,,16157,8,,,0,70,,16158,8,,,0,30,,16159,8,,,0,70,,16160,8,,,0,30,,16161,8,,,0,70,,16162,8,,,0,30,,16163,8,,,0,70,,16164,8,,,0,30,,16165,8,,,0,70,,16166,8,,,0,30,,16167,8,,,0,70,,16168,8,,,0,27,,16169,8,,,0,30,,16170,8,,,0,70,,16171,8,,,0,30,,16172,8,,,0,70,,16173,8,,,0,93,,16174,8,,,0,109,,16175,8,,,0,100,,16176,8,,,0,100,,16177,8,,,0,100,,16178,8,,,0,100,,16179,8,,,0
1472400,'2',700,,16188,8,,,0,100,,16187,8,,,0,100,,16186,8,,,0,100,,16185,8,,,0,100,,16180,8,,,0,30,,16190,8,,,0,70,,16191,8,,,0,30,,16192,8,,,0,70,,16193,8,,,0,30,,16194,8,,,0,70,,16195,8,,,0,30,,16196,8,,,0,70,,16197,8,,,0,30,,16198,8,,,0,70,,16199,8,,,0,30,,16200,8,,,0,70,,16201,8,,,0,30,,16202,8,,,0,70,,16203,8,,,0,30,,16204,8,,,0,70,,16205,8,,,0,100,,16184,8,,,0,100,,16183,8,,,0,100,,16182,8,,,0
1472400,'3',900,,16218,8,,,0,100,,16217,8,,,0,100,,16206,8,,,0,100,,16216,8,,,0,100,,16215,8,,,0,100,,16214,8,,,0,100,,16213,8,,,0,100,,16212,8,,,0,100,,16211,8,,,0,100,,16210,8,,,0,100,,16209,8,,,0,101,,16208,8,,,0,99,,16207,8,,,0
1472500,'1',642,,16284,8,,,0,67,,16285,8,,,0,30,,16286,8,,,0,70,,16287,8,,,0,30,,16288,8,,,0,71,,16289,8,,,0,29,,16290,8,,,0,70,,16291,8,,,0,30,,16292,8,,,0,70,,16293,8,,,0,30,,16294,8,,,0,70,,16295,8,,,0,30,,16296,8,,,0,70,,16297,8,,,0,30,,16298,8,,,0,70,,16299,8,,,0,29,,16300,8,,,0,66,,16301,8,,,0,30,,16302,8,,,0,70,,16303,8,,,0,30,,16304,8,,,0,70,,16305,8,,,0,30,,16306,8,,,0,70,,16307,8,,,0
