401,'1',606,,505,10,,,0,7,,506,10,,,0,8,,507,10,,,0,7,,508,10,,,0,8,,509,10,,,0,7,,510,10,,,0,8,,511,10,,,0,7,,512,10,,,0,48,,513,10,,,0,12,,514,10,,,0,8,,545,10,,,0,7,,515,10,,,0,8,,516,10,,,0,7,,542,10,,,0,8,,517,10,,,0,47,,518,10,,,0,8,,519,10,,,0,7,,520,10,,,0,8,,546,10,,,0,7,,521,10,,,0,8,,522,10,,,0,7,,523,10,,,0,8,,524,10,,,0,47,,525,10,,,0,8,,544,10,,,0,7,,543,10,,,0,8,,526,10,,,0,7,,527,10,,,0,8,,529,10,,,0,5,,530,10,,,0,8,,531,10,,,0,47,,528,10,,,0,8,,532,10,,,0,7,,533,10,,,0,8,,536,10,,,0,7,,535,10,,,0,8,,534,10,,,0,7,,547,10,,,0,8,,537,10,,,0,47,,538,10,,,0,8,,539,10,,,0,7,,540,10,,,0,8,,541,10,,,0,7,,548,10,,,0,8,,549,10,,,0,7,,550,10,,,0,8,,551,10,,,0,47,,552,10,,,0,8,,553,10,,,0,7,,554,10,,,0,8,,560,10,,,0,7,,555,10,,,0,8,,556,10,,,0,7,,557,10,,,0,8,,558,10,,,0,47,,559,10,,,0,8,,561,10,,,0,7,,562,10,,,0,8,,563,10,,,0,7,,564,10,,,0,8,,565,10,,,0,7,,566,10,,,0,8,,567,10,,,0,47,,568,10,,,0,8,,569,10,,,0,7,,570,10,,,0,8,,571,10,,,0,7,,572,10,,,0,8,,573,10,,,0,7,,574,10,,,0,8,,575,10,,,0,47,,576,10,,,0,8,,577,10,,,0,6,,578,10,,,0,8,,579,10,,,0,7,,580,10,,,0,8,,581,10,,,0,7,,582,10,,,0,8,,583,10,,,0,47,,584,10,,,0,8,,585,10,,,0,7,,586,10,,,0,8,,587,10,,,0,7,,588,10,,,0,8,,589,10,,,0,7,,590,10,,,0,8,,591,10,,,0,47,,592,10,,,0,8,,593,10,,,0,7,,594,10,,,0,8,,595,10,,,0,7,,596,10,,,0,8,,597,10,,,0,7,,598,10,,,0,8,,599,10,,,0,47,,600,10,,,0,8,,601,10,,,0,7,,602,10,,,0,8,,603,10,,,0,7,,604,10,,,0,8,,605,10,,,0,5,,606,10,,,0,92,,607,10,,,0,23,,616,10,,,0,57,,619,10,,,0,20,,608,10,,,0,23,,617,10,,,0,57,,609,10,,,0,20,,610,10,,,0,23,,618,10,,,0,57,,611,10,,,0,20,,612,10,,,0,80,,613,10,,,0
401,'2',645,,620,10,,,0,60,,621,10,,,0,20,,669,10,,,0,20,,622,10,,,0,60,,623,10,,,0,20,,670,10,,,0,20,,624,10,,,0,60,,625,10,,,0,20,,671,10,,,0,20,,626,10,,,0,60,,627,10,,,0,20,,672,10,,,0,20,,628,10,,,0,60,,629,10,,,0,20,,673,10,,,0,20,,636,10,,,0,10,,684,10,,,0,50,,637,10,,,0,10,,638,10,,,0,10,,674,10,,,0,10,,639,10,,,0,10,,640,10,,,0,10,,685,10,,,0,50,,641,10,,,0,10,,642,10,,,0,10,,675,10,,,0,10,,643,10,,,0,10,,644,10,,,0,10,,686,10,,,0,50,,645,10,,,0,10,,646,10,,,0,10,,676,10,,,0,10,,647,10,,,0,10,,648,10,,,0,10,,687,10,,,0,50,,649,10,,,0,10,,650,10,,,0,10,,677,10,,,0,10,,651,10,,,0,10,,652,10,,,0,10,,688,10,,,0,50,,653,10,,,0,10,,654,10,,,0,10,,678,10,,,0,10,,655,10,,,0,10,,656,10,,,0,10,,689,10,,,0,50,,657,10,,,0,10,,658,10,,,0,10,,679,10,,,0,10,,659,10,,,0,10,,660,10,,,0,10,,690,10,,,0,50,,661,10,,,0,10,,662,10,,,0,10,,680,10,,,0,10,,663,10,,,0,10,,664,10,,,0,10,,691,10,,,0,50,,665,10,,,0,10,,666,10,,,0,10,,681,10,,,0,10,,667,10,,,0,10,,668,10,,,0,60,,630,10,,,0,20,,682,10,,,0,20,,631,10,,,0,60,,632,10,,,0,20,,683,10,,,0,20,,633,10,,,0,60,,634,10,,,0
401,'3',905,,692,10,,,0,20,,719,10,,,0,20,,693,10,,,0,60,,694,10,,,0,20,,720,10,,,0,20,,695,10,,,0,60,,696,10,,,0,20,,721,10,,,0,20,,702,10,,,0,60,,703,10,,,0,20,,722,10,,,0,20,,704,10,,,0,60,,705,10,,,0,20,,723,10,,,0,20,,706,10,,,0,60,,707,10,,,0,20,,724,10,,,0,20,,708,10,,,0,60,,709,10,,,0,20,,725,10,,,0,20,,710,10,,,0,60,,711,10,,,0,20,,726,10,,,0,20,,712,10,,,0,60,,713,10,,,0,20,,727,10,,,0,20,,714,10,,,0,60,,715,10,,,0,20,,728,10,,,0,20,,716,10,,,0,60,,717,10,,,0,20,,729,10,,,0,20,,697,10,,,0,60,,698,10,,,0,20,,730,10,,,0,20,,699,10,,,0,60,,700,10,,,0,20,,731,10,,,0,20,,701,10,,,0
1601,'1',615,,2595,19,,,0,32,,2590,19,,,0,72,,2570,19,,,0,32,,2571,19,,,0,72,,2572,19,,,0,32,,2573,19,,,0,72,,2574,19,,,0,32,,2575,19,,,0,72,,2576,19,,,0,72,,2577,19,,,0,32,,2596,19,,,0,72,,2578,19,,,0,32,,2579,19,,,0,72,,2580,19,,,0,32,,2581,19,,,0,72,,2582,19,,,0,32,,2583,19,,,0,72,,2584,19,,,0,32,,2585,19,,,0,72,,2586,19,,,0,32,,2587,19,,,0,72,,2597,19,,,0,32,,2588,19,,,0,143,,2589,19,,,0,103,,2591,19,,,0,100,,2592,19,,,0,100,,2593,19,,,0,100,,2594,19,,,0
1601,'2',711,,2599,19,,,0,100,,2600,19,,,0,100,,2601,19,,,0,100,,2602,19,,,0,100,,2603,19,,,0,35,,2604,19,,,0,72,,2605,19,,,0,32,,2606,19,,,0,72,,2607,19,,,0,32,,2608,19,,,0,72,,2609,19,,,0,32,,2610,19,,,0,72,,2611,19,,,0,72,,2612,19,,,0,32,,2613,19,,,0,72,,2614,19,,,0,32,,2615,19,,,0,72,,2616,19,,,0,32,,2617,19,,,0,101,,2618,19,,,0,100,,2619,19,,,0,100,,2620,19,,,0,100,,2621,19,,,0,100,,2622,19,,,0
1601,'3',907,,2623,19,,,0,100,,2624,19,,,0,100,,2625,19,,,0,100,,2626,19,,,0,100,,2627,19,,,0,100,,2628,19,,,0,100,,2629,19,,,0,100,,2630,19,,,0,100,,2631,19,,,0,100,,2632,19,,,0,100,,2633,19,,,0,100,,2634,19,,,0,100,,2635,19,,,0
1700,'1',608,,2708,3,,,0,40,,2709,3,,,0,60,,2653,3,,,0,20,,2654,3,,,0,20,,2655,3,,,0,60,,2656,3,,,0,20,,2657,3,,,0,20,,2658,3,,,0,60,,2659,3,,,0,18,,2660,3,,,0,22,,2681,3,,,0,72,,2682,3,,,0,35,,2683,3,,,0,70,,2684,3,,,0,30,,2685,3,,,0,70,,2686,3,,,0,30,,2687,3,,,0,70,,2688,3,,,0,30,,2689,3,,,0,77,,2690,3,,,0,22,,2691,3,,,0,59,,2717,3,,,0,19,,2661,3,,,0,19,,2662,3,,,0,60,,2663,3,,,0,20,,2664,3,,,0,20,,2665,3,,,0,60,,2666,3,,,0,20,,2667,3,,,0,20,,2668,3,,,0,60,,2669,3,,,0,20,,2695,3,,,0,86,,2696,3,,,0,85,,2703,3,,,0,45,,2704,3,,,0,85,,2705,3,,,0,85,,2706,3,,,0,85,,2707,3,,,0
1700,'12901',738,,2720,3,,,0,20,,2721,3,,,0,60,,2722,3,,,0,20,,2723,3,,,0,20,,2724,3,,,0,643,,2735,3,,,0,20,,2725,3,,,0,20,,2726,3,,,0,60,,2727,3,,,0,20,,2728,3,,,0,20,,2729,3,,,0,60,,2730,3,,,0,20,,2731,3,,,0
1700,'2',607,,2743,3,,,0,44,,2744,3,,,0,85,,2745,3,,,0,85,,2746,3,,,0,85,,2747,3,,,0,45,,2748,3,,,0,85,,2749,3,,,0,85,,2750,3,,,0,30,,2766,3,,,0,70,,2767,3,,,0,30,,2768,3,,,0,70,,2769,3,,,0,30,,2770,3,,,0,70,,2771,3,,,0,30,,2772,3,,,0,70,,2773,3,,,0,30,,2774,3,,,0,70,,2775,3,,,0,30,,2776,3,,,0,70,,2777,3,,,0,30,,2778,3,,,0,70,,2779,3,,,0,30,,2780,3,,,0,85,,2787,3,,,0,215,,2786,3,,,0,170,,2788,3,,,0
1700,'3',909,,2806,3,,,0,45,,2807,3,,,0,85,,2808,3,,,0,85,,2809,3,,,0,85,,2810,3,,,0,45,,2811,3,,,0,85,,2812,3,,,0,85,,2813,3,,,0,85,,2814,3,,,0,45,,2815,3,,,0,85,,2816,3,,,0,85,,2817,3,,,0,85,,2818,3,,,0,45,,2819,3,,,0,85,,2820,3,,,0,85,,2821,3,,,0,85,,2822,3,,,0
