1441100,'1',644,,2323,,,0,15,,2324,,,0,55,,2325,,,0,30,,2326,,,0,15,,2327,,,0,55,,2328,,,0,15,,2329,,,0,15,,2330,,,0,15,,2338,,,0,55,,2339,,,0,15,,2345,,,0,15,,2322,,,0,15,,2309,,,0,55,,2346,,,0,30,,2321,,,0,15,,2308,,,0,55,,2320,,,0,15,,2307,,,0,15,,2319,,,0,15,,2306,,,0,55,,2331,,,0,15,,2332,,,0,15,,2318,,,0,15,,2305,,,0,55,,2317,,,0,15,,2304,,,0,15,,2316,,,0,15,,2303,,,0,55,,2315,,,0,15,,2341,,,0,15,,2314,,,0,15,,2344,,,0,55,,2313,,,0,30,,2312,,,0,15,,2333,,,0,55,,2334,,,0,15,,2342,,,0,15,,2311,,,0,70,,2310,,,0,15,,2343,,,0,15,,2335,,,0,15,,2336,,,0,55,,2337,,,0,15,,2340,,,0
1441100,'10801',629,,2350,,,0,100,,2348,,,0,300,,2351,,,0,500,,2349,,,0,130,,2347,,,0
1441100,'1201',629,,2353,,,0,100,,2354,,,0,300,,2352,,,0,500,,2355,,,0,130,,2356,,,0
1441100,'2',629,,2387,,,0,30,,2388,,,0,70,,2357,,,0,30,,2386,,,0,70,,2385,,,0,30,,2384,,,0,70,,2383,,,0,15,,2359,,,0,15,,2382,,,0,55,,2371,,,0,15,,2381,,,0,15,,2370,,,0,15,,2380,,,0,55,,2369,,,0,15,,2379,,,0,15,,2368,,,0,15,,2389,,,0,55,,2390,,,0,15,,2391,,,0,15,,2392,,,0,15,,2358,,,0,55,,2367,,,0,15,,2378,,,0,15,,2366,,,0,15,,2377,,,0,55,,2365,,,0,15,,2376,,,0,15,,2393,,,0,15,,2375,,,0,55,,2364,,,0,15,,2394,,,0,15,,2363,,,0,15,,2395,,,0,55,,2362,,,0,15,,2374,,,0,15,,2361,,,0,15,,2373,,,0,55,,2360,,,0,15,,2372,,,0,15,,2396,,,0,15,,2397,,,0,55,,2398,,,0,15,,2399,,,0
1441100,'3',1414,,2404,,,0,15,,2402,,,0,15,,2405,,,0,15,,2401,,,0,55,,2403,,,0,15,,2400,,,0
1441101,'1',644,,2424,4,,0,15,,2423,4,,0,55,,2422,4,,0,30,,2421,4,,0,15,,2420,4,,0,55,,2419,4,,0,15,,2418,4,,0,15,,2417,4,,0,15,,2438,4,,0,55,,2425,4,,0,15,,2439,4,,0,15,,2416,4,,0,15,,2440,4,,0,55,,2426,4,,0,30,,2427,4,,0,15,,2441,4,,0,55,,2428,4,,0,30,,2429,4,,0,15,,2442,4,,0,55,,2451,4,,0,15,,2443,4,,0,15,,2415,4,,0,15,,2414,4,,0,55,,2430,4,,0,15,,2444,4,,0,15,,2431,4,,0,15,,2445,4,,0,55,,2432,4,,0,15,,2446,4,,0,15,,2433,4,,0,15,,2447,4,,0,55,,2434,4,,0,30,,2435,4,,0,15,,2413,4,,0,55,,2450,4,,0,15,,2412,4,,0,15,,2411,4,,0,70,,2436,4,,0,15,,2448,4,,0,15,,2437,4,,0,15,,2449,4,,0,55,,2410,4,,0,15,,2409,4,,0,15,,2408,4,,0,15,,2407,4,,0,55,,2406,4,,0
1441101,'10801',629,,2456,4,,0,100,,2453,4,,0,300,,2457,4,,0,100,,2454,4,,0,400,,2455,4,,0,130,,2452,4,,0
1441101,'1201',629,,2459,4,,0,100,,2458,4,,0,300,,2460,4,,0,100,,2461,4,,0,400,,2463,4,,0,130,,2462,4,,0
1441101,'2',659,,2494,4,,0,70,,2495,4,,0,30,,2493,4,,0,70,,2492,4,,0,30,,2491,4,,0,70,,2490,4,,0,30,,2489,4,,0,55,,2477,4,,0,15,,2488,4,,0,15,,2476,4,,0,15,,2487,4,,0,55,,2475,4,,0,15,,2486,4,,0,15,,2474,4,,0,15,,2485,4,,0,55,,2465,4,,0,15,,2496,4,,0,15,,2497,4,,0,15,,2498,4,,0,55,,2499,4,,0,15,,2484,4,,0,15,,2473,4,,0,15,,2483,4,,0,55,,2472,4,,0,15,,2482,4,,0,15,,2471,4,,0,15,,2481,4,,0,55,,2500,4,,0,15,,2464,4,,0,15,,2470,4,,0,15,,2501,4,,0,55,,2469,4,,0,15,,2502,4,,0,15,,2468,4,,0,15,,2480,4,,0,55,,2467,4,,0,15,,2479,4,,0,15,,2466,4,,0,15,,2478,4,,0,55,,2503,4,,0,15,,2504,4,,0,15,,2505,4,,0,15,,2506,4,,0,55,,2507,4,,0
1441101,'3',1444,,2509,4,,0,15,,2512,4,,0,55,,2513,4,,0,15,,2511,4,,0,15,,2508,4,,0,15,,2510,4,,0
