1469601,'1',618,,13865,26,,,0,30,,13864,26,,,0,68,,13863,26,,,0,30,,13862,26,,,0,70,,13861,26,,,0,30,,13860,26,,,0,71,,13859,26,,,0,30,,13858,26,,,0,70,,13857,26,,,0,30,,13856,26,,,0,70,,13855,26,,,0,30,,13854,26,,,0,70,,13853,26,,,0,30,,13852,26,,,0,70,,13851,26,,,0,30,,13850,26,,,0,70,,13849,26,,,0,30,,13848,26,,,0,70,,13847,26,,,0,30,,13846,26,,,0,69,,13845,26,,,0,30,,13844,26,,,0,70,,13843,26,,,0,30,,13842,26,,,0,70,,13841,26,,,0,30,,13840,26,,,0,79,,13839,26,,,0,100,,13838,26,,,0,100,,13837,26,,,0,100,,13836,26,,,0,100,,13835,26,,,0
1469601,'2',627,,13873,26,,,0,98,,13874,26,,,0,100,,13866,26,,,0,100,,13867,26,,,0,100,,13868,26,,,0,123,,13871,26,,,0,70,,13875,26,,,0,30,,13876,26,,,0,70,,13877,26,,,0,30,,13878,26,,,0,70,,13879,26,,,0,30,,13880,26,,,0,70,,13881,26,,,0,30,,13882,26,,,0,70,,13883,26,,,0,30,,13884,26,,,0,70,,13885,26,,,0,30,,13886,26,,,0,70,,13872,26,,,0,30,,13889,26,,,0,77,,13869,26,,,0,100,,13870,26,,,0,100,,13887,26,,,0,100,,13888,26,,,0
1469601,'3',925,,13901,26,,,0,100,,13902,26,,,0,100,,13890,26,,,0,100,,13891,26,,,0,100,,13892,26,,,0,100,,13893,26,,,0,100,,13894,26,,,0,100,,13895,26,,,0,100,,13896,26,,,0,100,,13897,26,,,0,100,,13898,26,,,0,100,,13899,26,,,0,100,,13900,26,,,0
1469801,'1',721,,14118,29,,,0,30,,14117,29,,,0,70,,14116,29,,,0,30,,14115,29,,,0,70,,14114,29,,,0,30,,14113,29,,,0,100,,14112,29,,,0,100,,14111,29,,,0,100,,14110,29,,,0,100,,14109,29,,,0,100,,14108,29,,,0,100,,14107,29,,,0,70,,14106,29,,,0,15,,14120,29,,,0,15,,14105,29,,,0,55,,14121,29,,,0,15,,14104,29,,,0,15,,14122,29,,,0,15,,14103,29,,,0,70,,14102,29,,,0,30,,14101,29,,,0,100,,14100,29,,,0,100,,14099,29,,,0,100,,14098,29,,,0,100,,14097,29,,,0,100,,14096,29,,,0
1469801,'2',651,,14140,29,,,0,100,,14139,29,,,0,100,,14138,29,,,0,100,,14137,29,,,0,100,,14136,29,,,0,100,,14135,29,,,0,100,,14134,29,,,0,100,,14133,29,,,0,100,,14132,29,,,0,100,,14131,29,,,0,100,,14130,29,,,0,100,,14129,29,,,0,100,,14128,29,,,0,100,,14127,29,,,0,100,,14126,29,,,0,100,,14125,29,,,0,100,,14124,29,,,0,100,,14123,29,,,0
1469801,'3',852,,14141,7,,,0,99,,14144,29,,,0,100,,14143,29,,,0,100,,14142,29,,,0,100,,14153,29,,,0,100,,14152,29,,,0,100,,14151,29,,,0,100,,14150,29,,,0,100,,14149,29,,,0,100,,14148,29,,,0,100,,14147,29,,,0,100,,14146,29,,,0,100,,14145,29,,,0
1470900,'1',615,,15495,7,,,0,40,,15497,7,,,0,81,,15499,7,,,0,80,,15500,7,,,0,40,,15501,7,,,0,82,,15502,7,,,0,80,,15503,7,,,0,40,,15504,7,,,0,80,,15505,7,,,0,80,,15506,7,,,0,40,,15507,7,,,0,283,,15509,7,,,0,80,,15510,7,,,0,80,,15511,7,,,0,40,,15512,7,,,0,80,,15513,7,,,0,37,,15489,7,,,0,95,,15490,7,,,0,100,,15491,7,,,0,100,,15492,7,,,0
1470900,'2',755,,15537,7,,,0,100,,15538,7,,,0,100,,15539,7,,,0,145,,15540,7,,,0,40,,15541,7,,,0,80,,15542,7,,,0,80,,15543,7,,,0,120,,15544,7,,,0,80,,15545,7,,,0,40,,15546,7,,,0,80,,15547,7,,,0,80,,15548,7,,,0,40,,15549,7,,,0,80,,15550,7,,,0
1470900,'3',855,,15579,7,,,0,100,,15580,7,,,0,100,,15581,7,,,0,100,,15582,7,,,0,100,,15583,7,,,0,100,,15584,7,,,0,100,,15585,7,,,0,100,,15586,7,,,0,100,,15587,7,,,0,100,,15588,7,,,0,100,,15589,7,,,0,100,,15590,7,,,0,100,,15591,7,,,0
1471900,'1',634,,15729,7,,,0,81,,15730,7,,,0,40,,15731,7,,,0,80,,15732,7,,,0,80,,15733,7,,,0,43,,15734,7,,,0,80,,15735,7,,,0,80,,15736,7,,,0,40,,15737,7,,,0,80,,15738,7,,,0,80,,15739,7,,,0,40,,15740,7,,,0,80,,15741,7,,,0,83,,15742,7,,,0,80,,15743,7,,,0,40,,15744,7,,,0,80,,15745,7,,,0,80,,15746,7,,,0,37,,15747,7,,,0,85,,15704,7,,,0,100,,15705,7,,,0,100,,15706,7,,,0,100,,15707,7,,,0
1471900,'2',725,,15774,7,,,0,100,,15775,7,,,0,100,,15776,7,,,0,100,,15777,7,,,0,95,,15778,7,,,0,80,,15779,7,,,0,40,,15780,7,,,0,80,,15781,7,,,0,80,,15782,7,,,0,40,,15783,7,,,0,80,,15784,7,,,0,80,,15785,7,,,0,40,,15786,7,,,0,80,,15787,7,,,0,80,,15788,7,,,0,125,,15754,7,,,0
1471900,'3',925,,15800,7,,,0,100,,15801,7,,,0,100,,15802,7,,,0,100,,15803,7,,,0,100,,15804,7,,,0,100,,15805,7,,,0,100,,15806,7,,,0,100,,15807,7,,,0,100,,15808,7,,,0,100,,15809,7,,,0,100,,15812,7,,,0,100,,15813,7,,,0,98,,15814,7,,,0
