1439801,'1',632,,145,,,0,70,,146,,,0,30,,147,,,0,70,,148,,,0,30,,149,,,0,70,,150,,,0,30,,151,,,0,70,,152,,,0,30,,153,,,0,70,,154,,,0,30,,155,,,0,70,,156,,,0,30,,157,,,0,70,,158,,,0,30,,159,,,0,70,,160,,,0,30,,161,,,0,70,,162,,,0,30,,163,,,0,70,,164,,,0,30,,165,,,0,70,,166,,,0,30,,167,,,0,70,,168,,,0,30,,169,,,0,100,,170,,,0,100,,171,,,0,100,,172,,,0,100,,173,,,0,100,,174,,,0,86,,175,,,0
1439801,'2',732,,177,,,0,100,,178,,,0,100,,179,,,0,100,,180,,,0,70,,181,,,0,30,,182,,,0,70,,183,,,0,30,,184,,,0,70,,185,,,0,30,,186,,,0,70,,187,,,0,30,,188,,,0,70,,189,,,0,30,,190,,,0,70,,191,,,0,30,,192,,,0,70,,193,,,0,30,,194,,,0,70,,195,,,0,30,,196,,,0,100,,197,,,0,100,,198,,,0,100,,199,,,0,100,,200,,,0,100,,201,,,0,86,,202,,,0
1439801,'3',832,,203,,,0,100,,204,,,0,100,,205,,,0,100,,206,,,0,100,,207,,,0,100,,208,,,0,100,,209,,,0,100,,210,,,0,100,,211,,,0,100,,212,,,0,100,,213,,,0,100,,214,,,0,100,,215,,,0,86,,216,,,0
1440300,'1',617,,1050,0,18 19,0,30,,1051,0,18 19,0,70,,1052,0,18 19,0,30,,1053,0,18 19,0,70,,1054,0,18 19,0,30,,1055,0,18 19,0,70,,1056,0,18 19,0,30,,1057,0,18 19,0,70,,1058,0,18 19,0,30,,1059,0,18 19,0,70,,1060,0,18 19,0,30,,1061,0,18 19,0,70,,1062,0,18 19,0,30,,1063,0,18 19,0,70,,1064,0,18 19,0,30,,1065,0,18 19,0,70,,1066,0,18 19,0,30,,1067,0,18 19,0,70,,1068,0,18 19,0,30,,1069,0,18 19,0,70,,1070,0,18 19,0,30,,1071,0,18 19,0,70,,1072,0,18 19,0,30,,1073,0,18 19,0,70,,1074,0,18 19,0,30,,1075,0,18 19,0,100,,1076,0,18 19,0,100,,1077,0,18 19,0,100,,1078,0,18 19,0,100,,1079,0,18 19,0,101,,1080,0,18 19,0
1440300,'2',647,,1081,0,18 19,0,100,,1082,0,18 19,0,100,,1083,0,18 19,0,100,,1084,0,18 19,0,100,,1085,0,18 19,0,100,,1086,0,18 19,0,70,,1087,0,18 19,0,30,,1088,0,18 19,0,70,,1089,0,18 19,0,30,,1090,0,18 19,0,70,,1091,0,18 19,0,30,,1092,0,18 19,0,70,,1093,0,18 19,0,30,,1094,0,18 19,0,70,,1095,0,18 19,0,30,,1096,0,18 19,0,70,,1097,0,18 19,0,30,,1098,0,18 19,0,70,,1099,0,18 19,0,30,,1100,0,18 19,0,100,,1101,0,18 19,0,100,,1102,0,18 19,0,100,,1103,0,18 19,0,100,,1104,0,18 19,0,101,,1105,0,18 19,0
1440300,'3',847,,1106,0,18 19,0,100,,1107,0,18 19,0,100,,1108,0,18 19,0,100,,1109,0,18 19,0,100,,1110,0,18 19,0,100,,1111,0,18 19,0,100,,1112,0,18 19,0,100,,1113,0,18 19,0,100,,1114,0,18 19,0,100,,1115,0,18 19,0,100,,1116,0,18 19,0,100,,1117,0,18 19,0,101,,1118,0,18 19,0
1440600,'1',632,,1707,,,0,70,,1708,,,0,30,,1709,,,0,70,,1710,,,0,100,,1711,,,0,100,,1712,,,0,30,,1713,,,0,70,,1714,,,0,30,,1715,,,0,70,,1716,,,0,30,,1717,,,0,70,,1718,,,0,100,,1719,,,0,130,,1720,,,0,70,,1721,,,0,30,,1722,,,0,70,,1723,,,0,30,,1724,,,0,100,,1725,,,0,100,,1727,,,0,100,,1728,,,0,100,,1729,,,0,100,,1730,,,0,101,,1731,,,0
1440600,'10801',832,,1737,,,0,100,,1733,,,0,400,,1734,,,0,100,,1735,,,0,70,,1732,,,0,300,,1736,,,0
1440600,'1201',832,,1738,,,0,100,,1739,,,0,400,,1740,,,0,100,,1741,,,0,70,,1742,,,0,300,,1743,,,0
1440600,'2',732,,1769,,,0,100,,1768,,,0,100,,1767,,,0,100,,1766,,,0,70,,1765,,,0,30,,1764,,,0,70,,1763,,,0,30,,1762,,,0,70,,1761,,,0,30,,1760,,,0,70,,1759,,,0,30,,1758,,,0,70,,1757,,,0,30,,1756,,,0,70,,1755,,,0,30,,1754,,,0,70,,1753,,,0,30,,1752,,,0,70,,1751,,,0,30,,1749,,,0,100,,1748,,,0,100,,1747,,,0,100,,1746,,,0,100,,1745,,,0,101,,1744,,,0
1440600,'3',832,,1773,,,0,100,,1782,,,0,100,,1781,,,0,100,,1780,,,0,100,,1779,,,0,100,,1778,,,0,100,,1777,,,0,100,,1776,,,0,100,,1775,,,0,100,,1774,,,0,100,,1772,,,0,100,,1771,,,0,101,,1770,,,0
