1469200,'1',623,,12962,4,,,0,30,,12933,4,,,0,70,,12934,4,,,0,30,,12935,4,,,0,70,,12936,4,,,0,30,,12937,4,,,0,70,,12938,4,,,0,30,,12939,4,,,0,70,,12940,4,,,0,30,,12941,4,,,0,70,,12942,4,,,0,30,,12943,4,,,0,70,,12944,4,,,0,30,,12945,4,,,0,70,,12946,4,,,0,30,,12947,4,,,0,70,,12948,4,,,0,30,,12949,4,,,0,70,,12950,4,,,0,30,,12951,4,,,0,70,,12952,4,,,0,30,,12953,4,,,0,70,,12954,4,,,0,30,,12955,4,,,0,70,,12956,4,,,0,100,,12957,4,,,0,100,,12958,4,,,0,100,,12959,4,,,0,100,,12960,4,,,0,97,,12961,4,,,0
1469200,'2',723,,12963,4,,,0,100,,12964,4,,,0,100,,12965,4,,,0,100,,12966,4,,,0,100,,12967,4,,,0,30,,12968,4,,,0,70,,12969,4,,,0,30,,12970,4,,,0,70,,12971,4,,,0,30,,12972,4,,,0,70,,12973,4,,,0,30,,12974,4,,,0,70,,12975,4,,,0,30,,12976,4,,,0,70,,12977,4,,,0,30,,12978,4,,,0,70,,12979,4,,,0,30,,12980,4,,,0,70,,12981,4,,,0,100,,12982,4,,,0,100,,12983,4,,,0,100,,12984,4,,,0,100,,12985,4,,,0,97,,12986,4,,,0
1469200,'3',923,,12988,4,,,0,100,,12989,4,,,0,100,,12990,4,,,0,100,,12991,4,,,0,100,,12992,4,,,0,100,,12993,4,,,0,100,,12994,4,,,0,100,,12995,4,,,0,100,,12996,4,,,0,100,,12997,4,,,0,100,,12998,4,,,0,97,,12999,4,,,0,100,,13000,4,,,0
1470400,'1',1605,,15129,6,,,0,30,,15130,6,,,0,70,,15131,6,,,0,30,,15132,6,,,0
1470400,'1201',1535,,15133,6,,,0
1470400,'12801',1535,,15134,6,,,0
1470900,'1',612,,15495,5,,,0,40,,15497,5,,,0,80,,15499,5,,,0,80,,15500,5,,,0,40,,15501,5,,,0,83,,15502,5,,,0,80,,15503,5,,,0,40,,15504,5,,,0,80,,15505,5,,,0,80,,15506,5,,,0,40,,15507,5,,,0,282,,15509,5,,,0,80,,15510,5,,,0,40,,15511,5,,,0,80,,15512,5,,,0,80,,15513,5,,,0,38,,15489,5,,,0,95,,15490,5,,,0,100,,15491,5,,,0,100,,15492,5,,,0,100,,15493,5,4,,0
1470900,'2',751,,15537,5,,,0,100,,15538,5,,,0,100,,15539,5,,,0,105,,15540,5,,,0,80,,15541,5,,,0,80,,15542,5,,,0,40,,15543,5,,,0,160,,15544,5,,,0,40,,15545,5,,,0,80,,15546,5,,,0,80,,15547,5,,,0,40,,15548,5,,,0,80,,15549,5,,,0,80,,15550,5,,,0
1470900,'3',851,,15579,5,,,0,100,,15580,5,,,0,100,,15581,5,,,0,100,,15582,5,,,0,100,,15583,5,,,0,100,,15584,5,,,0,100,,15585,5,,,0,100,,15586,5,,,0,100,,15587,5,,,0,100,,15588,5,,,0,100,,15589,5,,,0,100,,15590,5,,,0,100,,15591,5,,,0
1471900,'1',631,,15729,5,,,0,80,,15730,5,,,0,40,,15731,5,,,0,80,,15732,5,,,0,80,,15733,5,,,0,44,,15734,5,,,0,80,,15735,5,,,0,80,,15736,5,,,0,40,,15737,5,,,0,80,,15738,5,,,0,80,,15739,5,,,0,40,,15740,5,,,0,80,,15741,5,,,0,82,,15742,5,,,0,40,,15743,5,,,0,80,,15744,5,,,0,80,,15745,5,,,0,40,,15746,5,,,0,78,,15747,5,,,0,85,,15704,5,,,0,100,,15705,5,,,0,100,,15706,5,,,0,100,,15707,5,,,0
1471900,'2',721,,15774,5,,,0,100,,15775,5,,,0,100,,15776,5,,,0,100,,15777,5,,,0,95,,15778,5,,,0,40,,15779,5,,,0,80,,15780,5,,,0,80,,15781,5,,,0,40,,15782,5,,,0,80,,15783,5,,,0,80,,15784,5,,,0,40,,15785,5,,,0,80,,15786,5,,,0,80,,15787,5,,,0,40,,15788,5,,,0,165,,15754,5,,,0,100,,15755,5,,,0
1471900,'3',921,,15800,5,,,0,100,,15801,5,,,0,100,,15802,5,,,0,100,,15803,5,,,0,100,,15804,5,,,0,100,,15805,5,,,0,100,,15806,5,,,0,100,,15807,5,,,0,100,,15808,5,,,0,100,,15809,5,,,0,100,,15812,5,,,0,100,,15813,5,,,0,99,,15814,5,,,0
