1001,'1',607,,1864,3,,,0,22,,1863,3,,,0,24,,1824,3,,,0,62,,1825,3,,,0,22,,1826,3,,,0,22,,1827,3,,,0,62,,1828,3,,,0,22,,1829,3,,,0,62,,1830,3,,,0,22,,1831,3,,,0,22,,1832,3,,,0,62,,1833,3,,,0,22,,1834,3,,,0,22,,1835,3,,,0,62,,1836,3,,,0,22,,1837,3,,,0,62,,1838,3,,,0,22,,1839,3,,,0,22,,1840,3,,,0,62,,1841,3,,,0,22,,1842,3,,,0,22,,1843,3,,,0,62,,1844,3,,,0,22,,1845,3,,,0,22,,1846,3,,,0,62,,1847,3,,,0,22,,1848,3,,,0,62,,1849,3,,,0,22,,1850,3,,,0,22,,1851,3,,,0,62,,1852,3,,,0,22,,1853,3,,,0,22,,1854,3,,,0,62,,1855,3,,,0,22,,1856,3,,,0,20,,1857,3,,,0,80,,1858,3,,,0,80,,1859,3,,,0,40,,1860,3,,,0,80,,1861,3,,,0,80,,1862,3,,,0
1001,'2',611,,1865,3,,,0,40,,1866,3,,,0,80,,1867,3,,,0,80,,1868,3,,,0,40,,1869,3,,,0,80,,1870,3,,,0,80,,1871,3,,,0,40,,1872,3,,,0,64,,1873,3,,,0,19,,1874,3,,,0,22,,1875,3,,,0,62,,1876,3,,,0,22,,1877,3,,,0,62,,1878,3,,,0,22,,1879,3,,,0,22,,1880,3,,,0,62,,1881,3,,,0,22,,1882,3,,,0,22,,1883,3,,,0,62,,1884,3,,,0,22,,1885,3,,,0,22,,1886,3,,,0,62,,1887,3,,,0,22,,1888,3,,,0,62,,1889,3,,,0,22,,1890,3,,,0,22,,1891,3,,,0,62,,1892,3,,,0,41,,1893,3,,,0,77,,1894,3,,,0,80,,1895,3,,,0,40,,1896,3,,,0,80,,1897,3,,,0,80,,1898,3,,,0,40,,1899,3,,,0
1001,'3',844,,1900,3,,,0,80,,1901,3,,,0,80,,1902,3,,,0,40,,1903,3,,,0,80,,1904,3,,,0,80,,1905,3,,,0,40,,1906,3,,,0,80,,1907,3,,,0,80,,1908,3,,,0,40,,1909,3,,,0,80,,1910,3,,,0,80,,1911,3,,,0,40,,1912,3,,,0,80,,1913,3,,,0,80,,1914,3,,,0,40,,1915,3,,,0,80,,1916,3,,,0,80,,1917,3,,,0,40,,1918,3,,,0,80,,1919,3,,,0
1900,'1',546,,3146,3,,,0,70,,3147,3,,,0,30,,3148,3,,,0,70,,3149,3,,,0,30,,3150,3,,,0,70,,3176,3,,,0,30,,3151,3,,,0,70,,3152,3,,,0,30,,3153,3,,,0,70,,3154,3,,,0,30,,3155,3,,,0,70,,3156,3,,,0,30,,3157,3,,,0,70,,3158,3,,,0,30,,3159,3,,,0,70,,3160,3,,,0,30,,3161,3,,,0,70,,3162,3,,,0,30,,3163,3,,,0,70,,3164,3,,,0,30,,3165,3,,,0,70,,3166,3,,,0,30,,3167,3,,,0,70,,3168,3,,,0,30,,3169,3,,,0,70,,3170,3,,,0,30,,3171,3,,,0,100,,3172,3,,,0,100,,3173,3,,,0,100,,3174,3,,,0,100,,3175,3,,,0
1900,'2',646,,3202,3,,,0,100,,3201,3,,,0,100,,3200,3,,,0,100,,3199,3,,,0,100,,3198,3,,,0,70,,3197,3,,,0,30,,3196,3,,,0,70,,3195,3,,,0,30,,3194,3,,,0,70,,3193,3,,,0,30,,3192,3,,,0,70,,3191,3,,,0,30,,3190,3,,,0,70,,3189,3,,,0,30,,3188,3,,,0,70,,3187,3,,,0,30,,3186,3,,,0,70,,3185,3,,,0,30,,3184,3,,,0,70,,3183,3,,,0,30,,3182,3,,,0,100,,3181,3,,,0,100,,3180,3,,,0,100,,3179,3,,,0,200,,3177,3,,,0
1900,'3',846,,3216,3,,,0,100,,3215,3,,,0,100,,3214,3,,,0,100,,3213,3,,,0,100,,3212,3,,,0,100,,3211,3,,,0,100,,3210,3,,,0,100,,3209,3,,,0,100,,3208,3,,,0,100,,3207,3,,,0,100,,3206,3,,,0,100,,3205,3,,,0,100,,3204,3,,,0
8301,'1',701,,5463,3,,,0,28,,5464,3,,,0,28,,5465,3,,,0,68,,5466,3,,,0,28,,5467,3,,,0,68,,5468,3,,,0,28,,5469,3,,,0,68,,5470,3,,,0,28,,5471,3,,,0,68,,5472,3,,,0,28,,5473,3,,,0,68,,5474,3,,,0,28,,5475,3,,,0,68,,5476,3,,,0,28,,5477,3,,,0,68,,5478,3,,,0,28,,5479,3,,,0,28,,5480,3,,,0,68,,5481,3,,,0,28,,5482,3,,,0,68,,5483,3,,,0,28,,5484,3,,,0,68,,5485,3,,,0,28,,5486,3,,,0,68,,5487,3,,,0,28,,5488,3,,,0,68,,5489,3,,,0
8301,'12901',1543,,5490,3,,,0
8301,'13001',1543,,5491,3,,,0
8700,'1',751,,5833,3,,,0,68,,5834,3,,,0,28,,5835,3,,,0,68,,5836,3,,,0,28,,5837,3,,,0,68,,5838,3,,,0,27,,5839,3,,,0,71,,5840,3,,,0,35,,5841,3,,,0,75,,5842,3,,,0,35,,5843,3,,,0,75,,5844,3,,,0,75,,5845,3,,,0,30,,5846,3,,,0,73,,5847,3,,,0,30,,5848,3,,,0,68,,5849,3,,,0,28,,5850,3,,,0,68,,5851,3,,,0,28,,5852,3,,,0,28,,5853,3,,,0,68,,5854,3,,,0
