801,'1',602,,1492,2,,,0,10,,1493,2,,,0,10,,1494,2,,,0,10,,1495,2,,,0,10,,1407,2,,,0,10,,1410,2,,,0,50,,1413,2,,,0,10,,1416,2,,,0,10,,1418,2,,,0,10,,1408,2,,,0,10,,1411,2,,,0,10,,1414,2,,,0,50,,1417,2,,,0,10,,1419,2,,,0,10,,1409,2,,,0,10,,1412,2,,,0,10,,1415,2,,,0,10,,1471,2,,,0,50,,1472,2,,,0,10,,1473,2,,,0,10,,1474,2,,,0,10,,1420,2,,,0,10,,1427,2,,,0,10,,1434,2,,,0,50,,1441,2,,,0,10,,1447,2,,,0,10,,1421,2,,,0,10,,1428,2,,,0,10,,1435,2,,,0,10,,1442,2,,,0,50,,1448,2,,,0,10,,1422,2,,,0,10,,1429,2,,,0,10,,1436,2,,,0,10,,1443,2,,,0,10,,1449,2,,,0,50,,1423,2,,,0,10,,1430,2,,,0,10,,1437,2,,,0,10,,1444,2,,,0,10,,1450,2,,,0,10,,1424,2,,,0,50,,1431,2,,,0,10,,1438,2,,,0,10,,1445,2,,,0,10,,1451,2,,,0,10,,1425,2,,,0,10,,1432,2,,,0,50,,1439,2,,,0,10,,1446,2,,,0,10,,1452,2,,,0,10,,1426,2,,,0,10,,1433,2,,,0,10,,1440,2,,,0,50,,1475,2,,,0,10,,1476,2,,,0,10,,1477,2,,,0,11,,1453,2,,,0,10,,1457,2,,,0,10,,1461,2,,,0,50,,1465,2,,,0,10,,1468,2,,,0,10,,1454,2,,,0,10,,1458,2,,,0,10,,1462,2,,,0,10,,1466,2,,,0,50,,1469,2,,,0,10,,1455,2,,,0,10,,1459,2,,,0,10,,1463,2,,,0,10,,1467,2,,,0,10,,1470,2,,,0,50,,1456,2,,,0,10,,1460,2,,,0,10,,1464,2,,,0,10,,1478,2,,,0,18,,1480,2,,,0,60,,1479,2,,,0,22,,1481,2,,,0,22,,1482,2,,,0,62,,1483,2,,,0,22,,1484,2,,,0,62,,1485,2,,,0,22,,1486,2,,,0,22,,1487,2,,,0,62,,1488,2,,,0,22,,1489,2,,,0,22,,1490,2,,,0,62,,1491,2,,,0
801,'2',624,,1551,2,,,0,22,,1496,2,,,0,62,,1497,2,,,0,22,,1498,2,,,0,22,,1499,2,,,0,62,,1500,2,,,0,22,,1501,2,,,0,22,,1502,2,,,0,62,,1503,2,,,0,22,,1504,2,,,0,62,,1505,2,,,0,22,,1506,2,,,0,22,,1507,2,,,0,62,,1508,2,,,0,15,,1509,2,,,0,15,,1510,2,,,0,15,,1511,2,,,0,55,,1512,2,,,0,15,,1513,2,,,0,15,,1514,2,,,0,15,,1515,2,,,0,55,,1516,2,,,0,15,,1517,2,,,0,15,,1518,2,,,0,15,,1519,2,,,0,55,,1520,2,,,0,15,,1521,2,,,0,15,,1522,2,,,0,15,,1523,2,,,0,55,,1524,2,,,0,15,,1525,2,,,0,15,,1526,2,,,0,15,,1527,2,,,0,55,,1528,2,,,0,15,,1529,2,,,0,15,,1530,2,,,0,15,,1531,2,,,0,55,,1532,2,,,0,15,,1533,2,,,0,15,,1534,2,,,0,15,,1535,2,,,0,55,,1536,2,,,0,15,,1537,2,,,0,22,,1538,2,,,0,62,,1539,2,,,0,22,,1540,2,,,0,22,,1541,2,,,0,62,,1542,2,,,0,22,,1543,2,,,0,22,,1544,2,,,0,62,,1545,2,,,0,22,,1546,2,,,0,62,,1547,2,,,0,22,,1548,2,,,0,22,,1549,2,,,0,62,,1550,2,,,0
801,'3',825,,1552,2,,,0,22,,1553,2,,,0,62,,1554,2,,,0,22,,1555,2,,,0,22,,1556,2,,,0,62,,1557,2,,,0,22,,1558,2,,,0,22,,1559,2,,,0,62,,1560,2,,,0,22,,1561,2,,,0,62,,1562,2,,,0,22,,1563,2,,,0,22,,1564,2,,,0,62,,1565,2,,,0,22,,1566,2,,,0,22,,1567,2,,,0,62,,1568,2,,,0,22,,1569,2,,,0,62,,1570,2,,,0,22,,1571,2,,,0,22,,1572,2,,,0,62,,1573,2,,,0,22,,1574,2,,,0,22,,1575,2,,,0,62,,1576,2,,,0,22,,1577,2,,,0,22,,1578,2,,,0,62,,1579,2,,,0,22,,1580,2,,,0,62,,1581,2,,,0,22,,1582,2,,,0,22,,1583,2,,,0,62,,1584,2,,,0,22,,1585,2,,,0,22,,1586,2,,,0,62,,1587,2,,,0
5001,'1',640,,4537,18,,,0,80,,4538,18,,,0,80,,4539,18,,,0,40,,4540,18,,,0,80,,4541,18,,,0,80,,4542,18,,,0,40,,4543,18,,,0,80,,4544,18,,,0,80,,4545,18,,,0,40,,4546,18,,,0,80,,4547,18,,,0,80,,4548,18,,,0,40,,4549,18,,,0,80,,4550,18,,,0,80,,4551,18,,,0,40,,4552,18,,,0,80,,4553,18,,,0,80,,4554,18,,,0,40,,4555,18,,,0,84,,4556,18,,,0,100,,4557,18,,,0,100,,4558,18,,,0
5001,'12901',838,,4561,9,,,0,80,,4562,9,,,0
5001,'2',724,,4563,18,,,0,100,,4564,18,,,0,100,,4565,18,,,0,100,,4566,18,,,0,96,,4567,18,,,0,80,,4568,18,,,0,40,,4569,18,,,0,80,,4570,18,,,0,80,,4571,18,,,0,40,,4572,18,,,0,80,,4573,18,,,0,80,,4574,18,,,0,40,,4575,18,,,0,80,,4576,18,,,0,80,,4577,18,,,0,40,,4578,18,,,0,84,,4579,18,,,0,100,,4580,18,,,0,100,,4581,18,,,0
5001,'3',924,,4586,18,,,0,100,,4587,18,,,0,100,,4588,18,,,0,100,,4589,18,,,0,100,,4590,18,,,0,100,,4591,18,,,0,100,,4592,18,,,0,100,,4593,18,,,0,100,,4594,18,,,0,100,,4595,18,,,0,100,,4583,18,,,0,100,,4584,18,,,0,96,,4585,18,,,0
5501,'1',620,,4681,19,,,0,80,,4657,19,,,0,40,,4658,19,,,0,80,,4659,19,,,0,80,,4660,19,,,0,40,,4661,19,,,0,80,,4662,19,,,0,80,,4663,19,,,0,40,,4664,19,,,0,80,,4665,19,,,0,80,,4666,19,,,0,40,,4667,19,,,0,80,,4668,19,,,0,80,,4669,19,,,0,40,,4670,19,,,0,80,,4671,19,,,0,80,,4672,19,,,0,40,,4673,19,,,0,80,,4674,19,,,0,32,,4675,19,,,0,102,,4676,19,,,0,100,,4677,19,,,0,100,,4678,19,,,0,100,,4679,19,,,0
5501,'12901',738,,4684,9,,,0,120,,4682,9,,,0,80,,4683,9,,,0
5501,'13001',858,,4686,9,,,0,80,,4685,9,,,0
5501,'2',654,,4706,19,,,0,100,,4687,19,,,0,100,,4688,19,,,0,100,,4689,19,,,0,100,,4690,19,,,0,91,,4691,19,,,0,75,,4692,19,,,0,80,,4693,19,,,0,40,,4694,19,,,0,80,,4695,19,,,0,80,,4696,19,,,0,40,,4697,19,,,0,80,,4698,19,,,0,80,,4699,19,,,0,40,,4700,19,,,0,80,,4701,19,,,0,32,,4702,19,,,0,102,,4703,19,,,0,100,,4704,19,,,0,100,,4705,19,4,,0
5501,'3',954,,4707,19,,,0,100,,4708,19,,,0,100,,4709,19,,,0,100,,4710,19,,,0,100,,4711,19,,,0,100,,4712,19,,,0,100,,4713,19,,,0,100,,4714,19,,,0,100,,4715,19,,,0,100,,4716,19,,,0,100,,4717,19,,,0,100,,4718,19,,,0
