200,'1',633,,152,3,,,0,20,,153,3,,,0,60,,154,3,,,0,20,,155,3,,,0,20,,156,3,,,0,60,,157,3,,,0,20,,158,3,,,0,20,,159,3,,,0,60,,160,3,,,0,20,,161,3,,,0,20,,162,3,,,0,60,,163,3,,,0,20,,164,3,,,0,20,,165,3,,,0,60,,166,3,,,0,20,,167,3,,,0,20,,168,3,,,0,60,,169,3,,,0,20,,170,3,,,0,20,,171,3,,,0,60,,172,3,,,0,20,,173,3,,,0,20,,174,3,,,0,60,,175,3,,,0,20,,176,3,,,0,20,,177,3,,,0,60,,178,3,,,0,20,,179,3,,,0,20,,180,3,,,0,60,,181,3,,,0,20,,182,3,,,0,20,,183,3,,,0,60,,184,3,,,0,20,,185,3,,,0,20,,186,3,,,0,65,,187,3,,,0,100,,141,3,,,0,30,,147,3,,,0,70,,142,3,,,0,30,,148,3,,,0,70,,143,3,,,0,30,,149,3,,,0,70,,144,3,,,0,30,,150,3,,,0,70,,145,3,,,0
200,'1201',1631,,188,3,,,0
200,'12901',1631,,190,3,,,0,27,,189,3,,,0
200,'2',648,,195,3,,,0,70,,208,3,,,0,30,,194,3,,,0,70,,207,3,,,0,30,,193,3,,,0,70,,206,3,,,0,30,,192,3,,,0,70,,205,3,,,0,30,,191,3,,,0,65,,209,3,,,0,20,,210,3,,,0,20,,211,3,,,0,60,,212,3,,,0,20,,213,3,,,0,20,,214,3,,,0,60,,215,3,,,0,20,,216,3,,,0,20,,217,3,,,0,60,,218,3,,,0,20,,219,3,,,0,20,,220,3,,,0,60,,221,3,,,0,20,,222,3,,,0,20,,223,3,,,0,60,,224,3,,,0,20,,225,3,,,0,20,,226,3,,,0,60,,227,3,,,0,20,,228,3,,,0,20,,229,3,,,0,65,,230,3,,,0,100,,204,3,,,0,30,,199,3,,,0,70,,203,3,,,0,30,,198,3,,,0,70,,202,3,,,0,100,,201,3,,,0,130,,196,3,,,0
200,'3',848,,233,3,,,0,70,,256,3,,,0,30,,232,3,,,0,70,,255,3,,,0,30,,231,3,,,0,70,,254,3,,,0,30,,253,3,,,0,70,,252,3,,,0,30,,251,3,,,0,70,,250,3,,,0,30,,249,3,,,0,70,,248,3,,,0,30,,247,3,,,0,70,,246,3,,,0,30,,245,3,,,0,70,,244,3,,,0,30,,243,3,,,0,70,,242,3,,,0,30,,241,3,,,0,70,,240,3,,,0,30,,236,3,,,0,70,,239,3,,,0,30,,235,3,,,0,70,,238,3,,,0,30,,234,3,,,0,71,,237,3,,,0
800,'1',617,,1228,3,,,0,10,,1232,3,,,0,10,,1236,3,,,0,10,,1239,3,,,0,10,,1242,3,,,0,51,,1229,3,,,0,10,,1233,3,,,0,10,,1237,3,,,0,10,,1240,3,,,0,10,,1243,3,,,0,10,,1230,3,,,0,50,,1234,3,,,0,10,,1238,3,,,0,10,,1241,3,,,0,10,,1244,3,,,0,10,,1231,3,,,0,10,,1235,3,,,0,49,,1245,3,,,0,10,,1253,3,,,0,10,,1260,3,,,0,10,,1267,3,,,0,10,,1274,3,,,0,10,,1246,3,,,0,50,,1254,3,,,0,10,,1261,3,,,0,10,,1268,3,,,0,10,,1275,3,,,0,10,,1247,3,,,0,10,,1255,3,,,0,50,,1262,3,,,0,10,,1269,3,,,0,10,,1276,3,,,0,10,,1248,3,,,0,10,,1256,3,,,0,10,,1263,3,,,0,50,,1270,3,,,0,10,,1277,3,,,0,10,,1249,3,,,0,10,,1257,3,,,0,10,,1264,3,,,0,10,,1271,3,,,0,50,,1278,3,,,0,10,,1250,3,,,0,10,,1258,3,,,0,10,,1265,3,,,0,10,,1272,3,,,0,10,,1279,3,,,0,50,,1251,3,,,0,10,,1259,3,,,0,10,,1266,3,,,0,10,,1273,3,,,0,10,,1280,3,,,0,10,,1252,3,,,0,51,,1281,3,,,0,10,,1285,3,,,0,10,,1289,3,,,0,10,,1293,3,,,0,10,,1296,3,,,0,10,,1282,3,,,0,50,,1286,3,,,0,10,,1290,3,,,0,10,,1294,3,,,0,10,,1297,3,,,0,10,,1283,3,,,0,10,,1287,3,,,0,50,,1291,3,,,0,10,,1295,3,,,0,10,,1298,3,,,0,10,,1284,3,,,0,10,,1288,3,,,0,10,,1292,3,,,0,50,,1299,3,,,0,10,,1300,3,,,0,10,,1301,3,,,0,10,,1302,3,,,0,12,,1303,3,,,0,62,,1304,3,,,0,22,,1305,3,,,0,22,,1306,3,,,0,62,,1307,3,,,0,22,,1308,3,,,0,61,,1309,3,,,0,22,,1310,3,,,0,22,,1311,3,,,0,62,,1312,3,,,0,22,,1313,3,,,0,22,,1314,3,,,0,62,,1315,3,,,0
800,'2',624,,1317,3,,,0,22,,1371,3,,,0,62,,1318,3,,,0,22,,1319,3,,,0,22,,1320,3,,,0,62,,1321,3,,,0,22,,1322,3,,,0,22,,1323,3,,,0,62,,1324,3,,,0,22,,1325,3,,,0,62,,1326,3,,,0,22,,1327,3,,,0,22,,1328,3,,,0,62,,1329,3,,,0,22,,1330,3,,,0,15,,1331,3,,,0,55,,1332,3,,,0,15,,1333,3,,,0,15,,1334,3,,,0,15,,1335,3,,,0,55,,1336,3,,,0,15,,1337,3,,,0,15,,1338,3,,,0,15,,1339,3,,,0,55,,1340,3,,,0,15,,1341,3,,,0,15,,1342,3,,,0,15,,1343,3,,,0,55,,1344,3,,,0,15,,1345,3,,,0,15,,1346,3,,,0,15,,1347,3,,,0,55,,1348,3,,,0,15,,1349,3,,,0,15,,1350,3,,,0,15,,1351,3,,,0,55,,1352,3,,,0,15,,1353,3,,,0,15,,1354,3,,,0,15,,1355,3,,,0,55,,1356,3,,,0,15,,1357,3,,,0,15,,1358,3,,,0,15,,1359,3,,,0,62,,1360,3,,,0,22,,1361,3,,,0,22,,1362,3,,,0,62,,1363,3,,,0,22,,1364,3,,,0,22,,1365,3,,,0,62,,1366,3,,,0,22,,1367,3,,,0,62,,1368,3,,,0,22,,1369,3,,,0,22,,1370,3,,,0
800,'3',847,,1372,3,,,0,62,,1373,3,,,0,22,,1374,3,,,0,22,,1375,3,,,0,62,,1376,3,,,0,22,,1377,3,,,0,22,,1378,3,,,0,62,,1379,3,,,0,22,,1380,3,,,0,62,,1381,3,,,0,22,,1382,3,,,0,22,,1383,3,,,0,62,,1384,3,,,0,22,,1385,3,,,0,22,,1386,3,,,0,62,,1387,3,,,0,22,,1388,3,,,0,62,,1389,3,,,0,22,,1390,3,,,0,22,,1391,3,,,0,62,,1392,3,,,0,22,,1393,3,,,0,22,,1394,3,,,0,62,,1395,3,,,0,22,,1396,3,,,0,22,,1397,3,,,0,62,,1398,3,,,0,22,,1399,3,,,0,62,,1400,3,,,0,22,,1401,3,,,0,22,,1402,3,,,0,62,,1403,3,,,0,22,,1404,3,,,0,22,,1405,3,,,0,62,,1406,3,,,0
1901,'1',717,,3218,3,,,0,30,,3219,3,,,0,70,,3220,3,,,0,30,,3221,3,,,0,70,,3222,3,,,0,30,,3223,3,,,0,70,,3224,3,,,0,30,,3225,3,,,0,70,,3226,3,,,0,30,,3227,3,,,0,70,,3228,3,,,0,30,,3229,3,,,0,70,,3230,3,,,0,30,,3231,3,,,0,70,,3232,3,,,0,30,,3233,3,,,0,70,,3234,3,,,0,30,,3235,3,,,0,70,,3236,3,,,0,30,,3237,3,,,0,70,,3238,3,,,0,30,,3239,3,,,0,170,,3240,3,,,0,100,,3241,3,,,0,100,,3242,3,,,0,100,,3243,3,,,0,100,,3244,3,,,0
1901,'2',717,,3270,3,,,0,100,,3269,3,,,0,100,,3268,3,,,0,100,,3267,3,,,0,100,,3266,3,,,0,30,,3265,3,,,0,70,,3264,3,,,0,30,,3263,3,,,0,70,,3262,3,,,0,30,,3261,3,,,0,70,,3260,3,,,0,30,,3259,3,,,0,70,,3258,3,,,0,30,,3257,3,,,0,70,,3256,3,,,0,30,,3255,3,,,0,70,,3254,3,,,0,30,,3253,3,,,0,70,,3271,3,,,0,100,,3252,3,,,0,100,,3251,3,,,0,100,,3250,3,,,0,100,,3249,3,,,0
1901,'3',917,,3284,3,,,0,100,,3283,3,,,0,100,,3282,3,,,0,100,,3281,3,,,0,100,,3280,3,,,0,100,,3279,3,,,0,100,,3278,3,,,0,100,,3277,3,,,0,100,,3276,3,,,0,100,,3285,3,,,0,100,,3275,3,,,0,100,,3274,3,,,0,101,,3273,3,0,23 12,0
