1457300,'1',612,,6104,,,0,30,,6107,,,0,70,,6108,,,0,30,,6110,,,0,70,,6112,,,0,30,,6114,,,0,70,,6117,,,0,30,,6118,,,0,70,,6120,,,0,30,,6122,,,0,70,,6124,,,0,30,,6126,,,0,70,,6129,,,0,30,,6131,,,0,70,,6132,,,0,30,,6134,,,0,70,,6137,,,0,30,,6138,,,0,70,,6141,,,0,30,,6143,,,0,70,,6145,,,0,15,,6146,,,0,15,,6147,,,0,70,,6149,,,0,30,,6152,,,0,70,,6153,,,0,30,,6155,,,0,70,,6157,,,0,100,,6160,,,0,100,,6162,,,0,100,,6163,,,0,100,,6166,,,0
1457300,'2',714,,6170,,,0,98,,6172,,,0,100,,6173,,,0,100,,6176,,,0,100,,6178,,,0,30,,6180,,,0,70,,6182,,,0,30,,6184,,,0,70,,6185,,,0,30,,6188,,,0,70,,6189,,,0,30,,6192,,,0,70,,6193,,,0,30,,6195,,,0,70,,6197,,,0,30,,6200,,,0,70,,6202,,,0,30,,6204,,,0,70,,6205,,,0,30,,6208,,,0,70,,6209,,,0,100,,6212,,,0,100,,6214,,,0,100,,6216,,,0,100,,6218,,,0
1457300,'3',912,,6221,,,0,100,,6222,,,0,100,,6223,,,0,100,,6225,,,0,100,,6226,,,0,100,,6229,,,0,100,,6231,,,0,100,,6233,,,0,100,,6236,,,0,100,,6238,,,0,100,,6239,,,0,100,,6241,,,0,100,,6243,,,0
1457401,'1',626,,6436,,,0,20,,6437,,,0,60,,6438,,,0,20,,6439,,,0,20,,6440,,,0,60,,6441,,,0,20,,6442,,,0,20,,6443,,,0,60,,6444,,,0,20,,6445,,,0,20,,6446,,,0,60,,6447,,,0,20,,6448,,,0,20,,6449,,,0,60,,6450,,,0,20,,6451,,,0,20,,6452,,,0,60,,6453,,,0,20,,6454,,,0,20,,6455,,,0,60,,6456,,,0,20,,6457,,,0,20,,6458,,,0,60,,6459,,,0,20,,6460,,,0,20,,6461,,,0,60,,6462,,,0,20,,6463,,,0,20,,6464,,,0,60,,6465,,,0,20,,6466,,,0,20,,6467,,,0,60,,6468,,,0,20,,6469,,,0,20,,6470,,,0,60,,6471,,,0,20,,6472,,,0,16,,6473,,,0,70,,6435,,,0,100,,6432,,,0,30,,6427,,,0,70,,6431,,,0,30,,6426,,,0,70,,6430,,,0,30,,6433,,,0,70,,6429,,,0
1457401,'2',642,,6474,,,0,70,,6485,,,0,30,,6486,,,0,70,,6487,,,0,30,,6488,,,0,70,,6489,,,0,30,,6490,,,0,70,,6491,,,0,30,,6492,,,0,64,,6493,,,0,40,,6494,,,0,60,,6495,,,0,20,,6496,,,0,20,,6497,,,0,60,,6498,,,0,20,,6499,,,0,20,,6500,,,0,60,,6501,,,0,20,,6502,,,0,20,,6503,,,0,60,,6504,,,0,20,,6505,,,0,20,,6506,,,0,60,,6507,,,0,20,,6508,,,0,20,,6509,,,0,60,,6510,,,0,20,,6511,,,0,20,,6512,,,0,60,,6513,,,0,20,,6514,,,0,86,,6484,,,0,30,,6479,,,0,70,,6483,,,0,100,,6482,,,0,30,,6477,,,0,70,,6481,,,0,30,,6476,,,0,70,,6480,,,0,30,,6475,,,0
1457401,'3',912,,6541,,,0,30,,6517,,,0,70,,6540,,,0,30,,6516,,,0,70,,6539,,,0,30,,6538,,,0,70,,6537,,,0,30,,6536,,,0,70,,6535,,,0,30,,6534,,,0,70,,6533,,,0,30,,6532,,,0,70,,6531,,,0,30,,6530,,,0,70,,6529,,,0,30,,6528,,,0,70,,6527,,,0,30,,6526,,,0,70,,6525,,,0,30,,6524,,,0,70,,6523,,,0,30,,6520,,,0,70,,6522,,,0,30,,6519,,,0,70,,6521,,,0,25,,6518,,,0
1458001,'1',618,,7626,,,0,10,,7627,,,0,10,,7628,,,0,10,,7629,,,0,10,,7540,,,0,50,,7543,,,0,11,,7546,,,0,10,,7549,,,0,10,,7551,,,0,10,,7541,,,0,10,,7544,,,0,50,,7547,,,0,10,,7550,,,0,10,,7552,,,0,10,,7542,,,0,10,,7545,,,0,10,,7548,,,0,50,,7604,,,0,10,,7605,,,0,10,,7606,,,0,10,,7607,,,0,10,,7553,,,0,10,,7560,,,0,50,,7567,,,0,10,,7574,,,0,10,,7580,,,0,10,,7554,,,0,10,,7561,,,0,10,,7568,,,0,50,,7575,,,0,10,,7581,,,0,10,,7555,,,0,10,,7562,,,0,10,,7569,,,0,10,,7576,,,0,50,,7582,,,0,10,,7556,,,0,10,,7563,,,0,10,,7570,,,0,10,,7577,,,0,10,,7583,,,0,50,,7557,,,0,10,,7564,,,0,10,,7571,,,0,10,,7578,,,0,10,,7584,,,0,10,,7558,,,0,50,,7565,,,0,10,,7572,,,0,10,,7579,,,0,10,,7585,,,0,10,,7559,,,0,10,,7566,,,0,50,,7573,,,0,10,,7608,,,0,10,,7609,,,0,10,,7610,,,0,11,,7586,,,0,50,,7590,,,0,10,,7594,,,0,10,,7598,,,0,10,,7601,,,0,10,,7587,,,0,10,,7591,,,0,50,,7595,,,0,10,,7599,,,0,10,,7602,,,0,10,,7588,,,0,10,,7592,,,0,10,,7596,,,0,50,,7600,,,0,10,,7603,,,0,10,,7589,,,0,10,,7593,,,0,10,,7597,,,0,9,,7611,,,0,58,,7613,,,0,20,,7612,,,0,22,,7614,,,0,62,,7615,,,0,22,,7616,,,0,22,,7617,,,0,60,,7618,,,0,22,,7619,,,0,22,,7620,,,0,62,,7621,,,0,22,,7622,,,0,62,,7623,,,0,22,,7624,,,0
1458001,'2',640,,7686,,,0,62,,7630,,,0,22,,7631,,,0,22,,7632,,,0,62,,7633,,,0,22,,7634,,,0,22,,7635,,,0,62,,7636,,,0,22,,7637,,,0,22,,7638,,,0,62,,7639,,,0,22,,7640,,,0,62,,7641,,,0,23,,7642,,,0,15,,7643,,,0,15,,7644,,,0,55,,7645,,,0,15,,7646,,,0,15,,7647,,,0,15,,7648,,,0,55,,7649,,,0,15,,7650,,,0,15,,7651,,,0,15,,7652,,,0,55,,7653,,,0,15,,7654,,,0,15,,7655,,,0,15,,7656,,,0,55,,7657,,,0,15,,7658,,,0,15,,7659,,,0,15,,7660,,,0,55,,7661,,,0,15,,7662,,,0,15,,7663,,,0,15,,7664,,,0,55,,7665,,,0,15,,7666,,,0,15,,7667,,,0,15,,7668,,,0,55,,7669,,,0,15,,7670,,,0,15,,7671,,,0,61,,7672,,,0,22,,7673,,,0,22,,7674,,,0,62,,7675,,,0,22,,7676,,,0,22,,7677,,,0,62,,7678,,,0,22,,7679,,,0,22,,7680,,,0,62,,7681,,,0,22,,7682,,,0,62,,7683,,,0,22,,7684,,,0
1458001,'3',842,,7687,,,0,62,,7688,,,0,22,,7689,,,0,22,,7690,,,0,62,,7691,,,0,22,,7692,,,0,22,,7693,,,0,62,,7694,,,0,22,,7695,,,0,62,,7696,,,0,22,,7697,,,0,22,,7698,,,0,62,,7699,,,0,22,,7700,,,0,22,,7701,,,0,62,,7702,,,0,22,,7703,,,0,22,,7704,,,0,62,,7705,,,0,22,,7706,,,0,62,,7707,,,0,22,,7708,,,0,22,,7709,,,0,62,,7710,,,0,22,,7711,,,0,22,,7712,,,0,62,,7713,,,0,22,,7714,,,0,22,,7715,,,0,62,,7716,,,0,22,,7717,,,0,62,,7718,,,0,22,,7719,,,0,22,,7720,,,0,62,,7721,,,0,22,,7722,,,0
1458101,'1',642,,7798,,,0,70,,7799,,,0,30,,7800,,,0,70,,7801,,,0,30,,7802,,,0,70,,7803,,,0,30,,7804,,,0,70,,7811,,,0,30,,7805,,,0,70,,7812,,,0,30,,7806,,,0,70,,7813,,,0,30,,7807,,,0,70,,7814,,,0,30,,7808,,,0,70,,7815,,,0,30,,7809,,,0,70,,7816,,,0,30,,7810,,,0,70,,7817,,,0,30,,7820,,,0,70,,7818,,,0,30,,7821,,,0,70,,7819,,,0,30,,7822,,,0,70,,7823,,,0,30,,7793,,,0,100,,7794,,,0,100,,7795,,,0,100,,7796,,,0
1458101,'2',742,,7848,,,0,100,,7847,,,0,100,,7836,,,0,100,,7835,,,0,100,,7834,,,0,70,,7846,,,0,30,,7833,,,0,70,,7845,,,0,30,,7832,,,0,70,,7844,,,0,30,,7831,,,0,70,,7843,,,0,30,,7830,,,0,70,,7842,,,0,30,,7841,,,0,70,,7840,,,0,30,,7839,,,0,70,,7838,,,0,30,,7837,,,0,70,,7849,,,0,30,,7829,,,0,100,,7828,,,0,100,,7827,,,0,100,,7826,,,0,100,,7825,,,0
1458101,'3',842,,7850,,,0,100,,7860,,,0,100,,7859,,,0,100,,7858,,,0,100,,7857,,,0,100,,7856,,,0,100,,7855,,,0,100,,7854,,,0,100,,7863,,,0,100,,7862,,,0,100,,7861,,,0,100,,7853,,,0,100,,7852,,,0
1458700,'1',643,,8467,,,0,15,,8468,,,0,55,,8469,,,0,15,,8470,,,0,15,,8471,,,0,15,,8472,,,0,55,,8473,,,0,15,,8474,,,0,15,,8475,,,0,15,,8476,,,0,55,,8485,,,0,15,,8486,,,0,15,,8493,,,0,15,,8466,,,0,55,,8453,,,0,15,,8494,,,0,15,,8452,,,0,15,,8465,,,0,55,,8451,,,0,15,,8464,,,0,15,,8450,,,0,15,,8463,,,0,55,,8449,,,0,15,,8477,,,0,15,,8478,,,0,15,,8462,,,0,55,,8448,,,0,15,,8461,,,0,15,,8447,,,0,15,,8460,,,0,55,,8446,,,0,15,,8459,,,0,15,,8488,,,0,15,,8458,,,0,55,,8492,,,0,15,,8457,,,0,15,,8479,,,0,15,,8456,,,0,55,,8480,,,0,15,,8481,,,0,15,,8489,,,0,15,,8455,,,0,55,,8490,,,0,15,,8454,,,0,15,,8491,,,0,15,,8482,,,0,55,,8483,,,0,15,,8484,,,0,15,,8487,,,0
1458700,'2',643,,8519,,,0,70,,8520,,,0,100,,8518,,,0,30,,8517,,,0,70,,8516,,,0,30,,8515,,,0,70,,8514,,,0,15,,8503,,,0,15,,8513,,,0,15,,8502,,,0,55,,8512,,,0,15,,8501,,,0,15,,8511,,,0,15,,8500,,,0,55,,8521,,,0,15,,8522,,,0,15,,8523,,,0,15,,8524,,,0,85,,8510,,,0,70,,8509,,,0,30,,8508,,,0,15,,8525,,,0,55,,8507,,,0,15,,8499,,,0,15,,8526,,,0,15,,8498,,,0,55,,8527,,,0,15,,8497,,,0,15,,8506,,,0,15,,8496,,,0,55,,8505,,,0,15,,8495,,,0,15,,8504,,,0,15,,8528,,,0,55,,8529,,,0,15,,8530,,,0,15,,8531,,,0
1458700,'3',1428,,8536,,,0,15,,8534,,,0,15,,8537,,,0,55,,8533,,,0,15,,8535,,,0,15,,8532,,,0
