101,'1',701,,72,1,,,0,30,,73,1,,,0,70,,74,1,,,0,30,,75,1,,,0,70,,76,1,,,0,30,,77,1,,,0,70,,78,1,,,0,30,,79,1,,,0,70,,80,1,,,0,30,,81,1,,,0,70,,82,1,,,0,30,,83,1,,,0,70,,84,1,,,0,30,,85,1,,,0,70,,86,1,,,0,30,,87,1,,,0,70,,88,1,,,0,30,,89,1,,,0,70,,90,1,,,0,30,,91,1,,,0,70,,92,1,,,0,30,,93,1,,,0,70,,94,1,,,0,30,,95,1,,,0,100,,96,1,,,0,100,,97,1,,,0,100,,98,1,,,0,100,,99,1,,,0,100,,100,1,,,0
101,'2',831,,102,1,,,0,100,,103,1,,,0,100,,104,1,,,0,70,,105,1,,,0,30,,106,1,,,0,70,,107,1,,,0,30,,108,1,,,0,70,,109,1,,,0,30,,110,1,,,0,70,,111,1,,,0,30,,112,1,,,0,70,,113,1,,,0,30,,114,1,,,0,70,,115,1,,,0,30,,116,1,,,0,70,,117,1,,,0,30,,118,1,,,0,70,,119,1,,,0,30,,120,1,,,0,100,,121,1,,,0,100,,122,1,,,0,100,,123,1,,,0,100,,124,1,,,0,100,,125,1,,,0
101,'3',831,,127,1,,,0,100,,128,1,,,0,100,,129,1,,,0,100,,130,1,,,0,100,,131,1,,,0,100,,132,1,,,0,100,,133,1,,,0,100,,134,1,,,0,100,,135,1,,,0,100,,136,1,,,0,100,,137,1,,,0,100,,138,1,,,0,100,,139,1,,,0,86,,140,1,,,0
701,'1',654,,1187,42,4,,0,70,,1186,42,4,,0,33,,1185,42,4,,0,70,,1184,42,4,,0,30,,1183,42,4,,0,70,,1182,42,4,,0,30,,1181,42,4,,0,70,,1180,42,4,,0,30,,1179,42,4,,0,70,,1178,42,4,,0,30,,1177,42,4,,0,70,,1176,42,4,,0,30,,1175,42,4,,0,70,,1174,42,4,,0,30,,1173,42,4,,0,70,,1172,42,4,,0,30,,1171,42,4,,0,70,,1170,42,4,,0,30,,1169,42,4,,0,70,,1168,42,4,,0,30,,1167,42,4,,0,70,,1166,42,4,,0,30,,1165,42,4,,0,70,,1164,42,4,,0,30,,1163,42,4,,0,67,,1162,42,4,,0,100,,1161,42,4,,0,100,,1160,42,4,,0,100,,1159,42,4,,0
701,'2',726,,1214,42,4,,0,100,,1213,42,4,,0,100,,1212,42,4,,0,100,,1211,42,4,,0,100,,1210,42,4,,0,30,,1209,42,4,,0,70,,1208,42,4,,0,30,,1207,42,4,,0,70,,1206,42,4,,0,30,,1205,42,4,,0,70,,1204,42,4,,0,30,,1203,42,4,,0,70,,1202,42,4,,0,30,,1201,42,4,,0,70,,1200,42,4,,0,30,,1199,42,4,,0,70,,1198,42,4,,0,30,,1197,42,4,,0,70,,1196,42,4,,0,30,,1195,42,4,,0,70,,1194,42,4,,0,100,,1193,42,4,,0,100,,1192,42,4,,0,100,,1191,42,4,,0,100,,1190,42,4,,0
701,'3',926,,1227,42,4,,0,100,,1226,42,4,,0,100,,1225,42,4,,0,100,,1224,42,4,,0,100,,1223,42,4,,0,100,,1222,42,4,,0,100,,1221,42,4,,0,100,,1220,42,4,,0,100,,1219,42,4,,0,100,,1218,42,4,,0,100,,1217,42,4,,0,100,,1216,42,4,,0,91,,1215,42,4,,0
1200,'1',616,,2052,1,,,0,30,,2053,1,,,0,70,,2054,1,,,0,30,,2055,1,,,0,70,,2056,1,,,0,30,,2057,1,,,0,70,,2058,1,,,0,30,,2059,1,,,0,70,,2060,1,,,0,30,,2061,1,,,0,70,,2062,1,,,0,30,,2063,1,,,0,70,,2064,1,,,0,30,,2065,1,,,0,70,,2066,1,,,0,30,,2067,1,,,0,70,,2068,1,,,0,30,,2069,1,,,0,70,,2070,1,,,0,30,,2071,1,,,0,70,,2072,1,,,0,30,,2073,1,,,0,70,,2074,1,,,0,30,,2075,1,,,0,70,,2076,1,,,0,100,,2077,1,,,0,100,,2078,1,,,0,100,,2079,1,,,0,100,,2080,1,,,0,100,,2081,1,,,0
1200,'2',616,,2083,1,,,0,100,,2084,1,,,0,100,,2085,1,,,0,100,,2086,1,,,0,100,,2087,1,,,0,100,,2088,1,,,0,30,,2089,1,,,0,70,,2090,1,,,0,30,,2091,1,,,0,70,,2092,1,,,0,30,,2093,1,,,0,70,,2094,1,,,0,30,,2095,1,,,0,70,,2096,1,,,0,30,,2097,1,,,0,70,,2098,1,,,0,30,,2099,1,,,0,70,,2100,1,,,0,30,,2101,1,,,0,70,,2102,1,,,0,100,,2103,1,,,0,100,,2104,1,,,0,100,,2105,1,,,0,100,,2106,1,,,0,100,,2107,1,,,0
1200,'3',916,,2108,1,,,0,100,,2109,1,,,0,100,,2110,1,,,0,100,,2111,1,,,0,100,,2112,1,,,0,100,,2113,1,,,0,100,,2114,1,,,0,100,,2115,1,,,0,100,,2116,1,,,0,100,,2117,1,,,0,100,,2118,1,,,0,100,,2119,1,,,0,101,,2120,1,,,0
1900,'1',614,,3146,37,4,,0,30,,3147,37,4,,0,70,,3148,37,4,,0,30,,3149,37,4,,0,70,,3150,37,4,,0,30,,3176,37,4,,0,70,,3151,37,4,,0,30,,3152,37,4,,0,70,,3153,37,4,,0,30,,3154,37,4,,0,70,,3155,37,4,,0,30,,3156,37,4,,0,70,,3157,37,4,,0,30,,3158,37,4,,0,70,,3159,37,4,,0,30,,3160,37,4,,0,70,,3161,37,4,,0,30,,3162,37,4,,0,70,,3163,37,4,,0,30,,3164,37,4,,0,70,,3165,37,4,,0,30,,3166,37,4,,0,70,,3167,37,4,,0,30,,3168,37,4,,0,70,,3169,37,4,,0,30,,3170,37,4,,0,70,,3171,37,4,,0,100,,3172,37,4,,0,100,,3173,37,4,,0,100,,3174,37,4,,0
1900,'2',714,,3202,37,4,,0,100,,3201,37,4,,0,100,,3200,37,4,,0,100,,3199,37,4,,0,100,,3198,37,4,,0,30,,3197,37,4,,0,70,,3196,37,4,,0,30,,3195,37,4,,0,70,,3194,37,4,,0,30,,3193,37,4,,0,70,,3192,37,4,,0,30,,3191,37,4,,0,70,,3190,37,4,,0,30,,3189,37,4,,0,70,,3188,37,4,,0,30,,3187,37,4,,0,70,,3186,37,4,,0,30,,3185,37,4,,0,70,,3184,37,4,,0,30,,3183,37,4,,0,70,,3182,37,4,,0,100,,3181,37,4,,0,100,,3180,37,4,,0,100,,3179,37,4,,0,100,,3178,37,4,,0
1900,'3',914,,3216,37,4,,0,100,,3215,37,4,,0,100,,3214,37,4,,0,100,,3213,37,4,,0,100,,3212,37,4,,0,100,,3211,37,4,,0,100,,3210,37,4,,0,100,,3209,37,4,,0,100,,3208,37,4,,0,100,,3207,37,4,,0,100,,3206,37,4,,0,100,,3205,37,4,,0,100,,3204,37,4,,0,43,,3203,26,4,,0
