6000,'1',619,,4748,1,,,0,30,,4747,1,,,0,70,,4746,1,,,0,30,,4745,1,,,0,70,,4744,1,,,0,30,,4743,1,,,0,70,,4742,1,,,0,30,,4741,1,,,0,70,,4740,1,,,0,100,,4738,1,,,0,30,,4737,1,,,0,70,,4736,1,,,0,30,,4735,1,,,0,70,,4734,1,,,0,30,,4733,1,,,0,70,,4732,1,,,0,30,,4731,1,,,0,70,,4730,1,,,0,30,,4729,1,,,0,70,,4728,1,,,0,30,,4727,1,,,0,70,,4726,1,,,0,30,,4725,1,,,0,70,,4724,1,,,0,30,,4749,1,,,0,96,,4723,1,,,0,100,,4722,1,,,0,300,,4720,1,,,0
6000,'2',645,,4773,1,,,0,100,,4772,1,,,0,100,,4771,1,,,0,100,,4770,1,,,0,100,,4769,1,,,0,70,,4768,1,,,0,30,,4767,1,,,0,70,,4766,1,,,0,30,,4765,1,,,0,70,,4764,1,,,0,30,,4763,1,,,0,70,,4762,1,,,0,30,,4761,1,,,0,70,,4760,1,,,0,30,,4759,1,,,0,70,,4758,1,,,0,30,,4757,1,,,0,70,,4756,1,,,0,30,,4755,1,,,0,70,,4754,1,,,0,30,,4774,1,,,0,100,,4753,1,,,0,100,,4752,1,,,0
6000,'3',845,,4787,1,,,0,100,,4786,1,,,0,100,,4785,1,,,0,100,,4784,1,,,0,100,,4783,1,,,0,100,,4782,1,,,0,100,,4781,1,,,0,100,,4780,1,,,0,100,,4779,1,,,0,100,,4778,1,,,0,100,,4788,1,,,0,100,,4777,1,,,0,100,,4776,1,,,0,99,,4775,1,0,6 15,0
6001,'1',619,,4790,12,4,,0,25,,4789,25,4,,0,70,,4813,25,4,,0,30,,4812,25,4,,0,70,,4811,25,4,,0,30,,4810,25,4,,0,70,,4809,25,4,,0,30,,4808,25,4,,0,70,,4807,25,4,,0,30,,4806,25,4,,0,70,,4805,25,4,,0,30,,4804,25,4,,0,70,,4803,25,4,,0,30,,4802,25,4,,0,70,,4801,25,4,,0,30,,4800,25,4,,0,70,,4799,25,4,,0,30,,4798,25,4,,0,70,,4797,25,4,,0,30,,4796,25,4,,0,70,,4795,25,4,,0,30,,4794,25,4,,0,70,,4793,25,4,,0,30,,4818,25,4,,0,70,,4819,25,4,,0,30,,4792,25,4,,0,100,,4791,25,4,,0,100,,4814,25,4,,0,100,,4815,25,4,,0
6001,'2',644,,4822,12,4,,0,100,,4846,25,4,,0,100,,4839,25,4,,0,100,,4838,25,4,,0,100,,4837,25,4,,0,100,,4836,25,4,,0,70,,4835,25,4,,0,30,,4834,25,4,,0,70,,4833,25,4,,0,30,,4832,25,4,,0,70,,4831,25,4,,0,30,,4830,25,4,,0,70,,4829,25,4,,0,30,,4828,25,4,,0,70,,4827,25,4,,0,30,,4826,25,4,,0,70,,4825,25,4,,0,30,,4844,25,4,,0,70,,4845,25,4,,0,30,,4824,25,4,,0,100,,4823,25,4,,0,100,,4840,25,4,,0,100,,4841,25,4,,0,100,,4842,25,4,,0
6001,'3',844,,4847,12,4,,0,100,,4857,25,4,,0,100,,4856,25,4,,0,100,,4855,25,4,,0,100,,4854,25,4,,0,100,,4853,25,4,,0,100,,4852,25,4,,0,100,,4851,25,4,,0,100,,4850,25,4,,0,100,,4860,25,4,,0,100,,4849,25,4,,0,100,,4848,25,4,,0,100,,4858,25,4,,0,100,,4859,25,4,,0
6500,'1',604,,5317,1,,,0,30,,5318,1,,,0,70,,5316,1,,,0,30,,5315,1,,,0,70,,5314,1,,,0,30,,5313,1,,,0,70,,5312,1,,,0,30,,5311,1,,,0,70,,5310,1,,,0,30,,5309,1,,,0,70,,5308,1,,,0,30,,5307,1,,,0,70,,5306,1,,,0,30,,5305,1,,,0,70,,5304,1,,,0,30,,5303,1,,,0,70,,5302,1,,,0,30,,5301,1,,,0,70,,5300,1,,,0,30,,5299,1,,,0,70,,5298,1,,,0,30,,5297,1,,,0,70,,5296,1,,,0,30,,5295,1,,,0,70,,5294,1,,,0,30,,5293,1,,,0,25,,5319,1,0,6 15,0,256,,5289,1,,,0,100,,5291,1,,,0,100,,5290,1,,,0
6500,'2',615,,5347,1,,,0,100,,5346,1,,,0,100,,5345,1,,,0,100,,5344,1,,,0,100,,5343,1,,,0,85,,5342,1,,,0,30,,5341,1,,,0,70,,5340,1,,,0,30,,5339,1,,,0,70,,5338,1,,,0,30,,5337,1,,,0,70,,5336,1,,,0,30,,5335,1,,,0,70,,5334,1,,,0,30,,5333,1,,,0,70,,5332,1,,,0,30,,5331,1,,,0,70,,5330,1,,,0,30,,5329,1,,,0,70,,5328,1,,,0,30,,5327,1,,,0,29,,5348,1,0,6 15,0,56,,5326,1,,,0,200,,5322,1,,,0,100,,5324,1,,,0,100,,5323,1,,,0
6500,'3',915,,5353,1,,,0,100,,5352,1,,,0,100,,5355,1,,,0,100,,5356,1,,,0,100,,5357,1,,,0,100,,5358,1,,,0,100,,5359,1,,,0,100,,5360,1,,,0,100,,5361,1,,,0,100,,5362,1,,,0,100,,5351,1,,,0,100,,5350,1,,,0,100,,5349,1,,,0
6501,'1',604,,5365,14,4,,0,30,,5364,14,4,,0,25,,5394,27,4,,0,70,,5393,27,4,,0,30,,5392,27,4,,0,70,,5391,27,4,,0,30,,5390,27,4,,0,70,,5389,27,4,,0,30,,5388,27,4,,0,70,,5387,27,4,,0,30,,5386,27,4,,0,70,,5385,27,4,,0,30,,5384,27,4,,0,70,,5383,27,4,,0,30,,5382,27,4,,0,70,,5381,27,4,,0,30,,5380,27,4,,0,70,,5379,27,4,,0,30,,5378,27,4,,0,70,,5377,27,4,,0,30,,5376,27,4,,0,70,,5375,27,4,,0,30,,5374,27,4,,0,70,,5373,27,4,,0,30,,5372,27,4,,0,70,,5371,27,4,,0,30,,5370,27,4,,0,155,,5369,27,4,,0,100,,5368,27,4,,0,100,,5367,27,4,,0,100,,5366,27,4,,0
6501,'2',614,,5398,14,4,,0,200,,5421,27,4,,0,100,,5420,27,4,,0,100,,5419,27,4,,0,86,,5397,14,4,,0,14,,5418,27,4,,0,15,,5417,27,4,,0,30,,5416,27,4,,0,70,,5415,27,4,,0,30,,5414,27,4,,0,70,,5413,27,4,,0,30,,5412,27,4,,0,70,,5411,27,4,,0,30,,5410,27,4,,0,70,,5409,27,4,,0,30,,5408,27,4,,0,70,,5407,27,4,,0,30,,5406,27,4,,0,70,,5405,27,4,,0,30,,5404,27,4,,0,70,,5403,27,4,,0,30,,5402,27,4,,0,155,,5401,27,4,,0,100,,5400,27,4,,0,100,,5399,27,4,,0
6501,'3',914,,5428,27,4,,0,100,,5427,27,4,,0,100,,5426,27,4,,0,100,,5429,27,4,,0,100,,5430,27,4,,0,100,,5431,27,4,,0,100,,5432,27,4,,0,100,,5433,27,4,,0,100,,5434,27,4,,0,100,,5435,27,4,,0,100,,5423,27,4,,0,100,,5425,27,4,,0,100,,5424,27,4,,0
