200,'1',637,,151,25,,,0,19,,152,25,,,0,60,,153,25,,,0,20,,154,25,,,0,20,,155,25,,,0,60,,156,25,,,0,20,,157,25,,,0,20,,158,25,,,0,60,,159,25,,,0,20,,160,25,,,0,20,,161,25,,,0,60,,162,25,,,0,20,,163,25,,,0,20,,164,25,,,0,60,,165,25,,,0,20,,166,25,,,0,20,,167,25,,,0,60,,168,25,,,0,20,,169,25,,,0,20,,170,25,,,0,60,,171,25,,,0,20,,172,25,,,0,20,,173,25,,,0,60,,174,25,,,0,20,,175,25,,,0,20,,176,25,,,0,60,,177,25,,,0,20,,178,25,,,0,20,,179,25,,,0,60,,180,25,,,0,20,,181,25,,,0,20,,182,25,,,0,60,,183,25,,,0,20,,184,25,,,0,20,,185,25,,,0,60,,186,25,,,0,25,,187,25,,,0,70,,146,25,,,0,30,,141,25,,,0,70,,147,25,,,0,30,,142,25,,,0,70,,148,25,,,0,30,,143,25,,,0,70,,149,25,,,0,30,,144,25,,,0
200,'1201',1652,,188,25,,,0
200,'12901',1652,,190,25,,,0,69,,189,25,,,0
200,'2',711,,195,25,,,0,30,,208,25,,,0,70,,194,25,,,0,30,,207,25,,,0,70,,193,25,,,0,30,,206,25,,,0,70,,192,25,,,0,28,,205,25,,,0,72,,191,25,,,0,25,,209,25,,,0,20,,210,25,,,0,60,,211,25,,,0,20,,212,25,,,0,20,,213,25,,,0,60,,214,25,,,0,20,,215,25,,,0,20,,216,25,,,0,60,,217,25,,,0,20,,218,25,,,0,20,,219,25,,,0,60,,220,25,,,0,20,,221,25,,,0,20,,222,25,,,0,60,,223,25,,,0,20,,224,25,,,0,20,,225,25,,,0,60,,226,25,,,0,20,,227,25,,,0,20,,228,25,,,0,60,,229,25,,,0,25,,230,25,,,0,100,,204,25,,,0,100,,203,25,,,0,70,,198,25,,,0,30,,202,25,,,0,70,,197,25,,,0,30,,201,25,,,0
200,'3',911,,233,25,,,0,30,,256,25,,,0,70,,232,25,,,0,30,,255,25,,,0,70,,231,25,,,0,30,,254,25,,,0,70,,253,25,,,0,30,,252,25,,,0,70,,251,25,,,0,30,,250,25,,,0,70,,249,25,,,0,30,,248,25,,,0,70,,247,25,,,0,30,,246,25,,,0,70,,245,25,,,0,30,,244,25,,,0,70,,243,25,,,0,30,,242,25,,,0,70,,241,25,,,0,30,,240,25,,,0,70,,236,25,,,0,30,,239,25,,,0,70,,235,25,,,0,30,,238,25,,,0,70,,234,25,,,0,27,,237,25,,,0
500,'1',706,,732,24,,,0,30,,733,24,,,0,70,,734,24,,,0,30,,735,24,,,0,70,,736,24,,,0,30,,737,24,,,0,70,,738,24,,,0,30,,739,24,,,0,70,,740,24,,,0,30,,741,24,,,0,70,,742,24,,,0,30,,743,24,,,0,70,,744,24,,,0,30,,745,24,,,0,70,,746,24,,,0,30,,747,24,,,0,70,,748,24,,,0,30,,749,24,,,0,70,,750,24,,,0,30,,751,24,,,0,70,,752,24,,,0,30,,753,24,,,0,70,,754,24,,,0,30,,755,24,,,0,95,,786,24,,,0,100,,787,24,,,0,100,,788,24,,,0,100,,789,24,,,0
500,'2',731,,821,24,,,0,100,,819,24,,,0,100,,817,24,,,0,107,,815,24,,,0,100,,813,24,,,0,70,,812,24,,,0,30,,811,24,,,0,70,,810,24,,,0,30,,809,24,,,0,100,,808,24,,,0,70,,807,24,,,0,30,,806,24,,,0,70,,805,24,,,0,30,,804,24,,,0,70,,803,24,,,0,30,,802,24,,,0,70,,801,24,,,0,23,,822,24,,,0,100,,834,24,,,0,100,,794,24,,,0,100,,793,24,,,0,100,,792,24,,,0,100,,791,24,,,0
500,'3',931,,851,24,,,0,100,,850,24,,,0,100,,848,24,,,0,100,,847,24,,,0,100,,846,24,,,0,100,,845,24,,,0,100,,844,24,,,0,100,,843,24,,,0,100,,842,24,,,0,100,,852,24,,,0,100,,860,24,,,0,100,,838,24,,,0,100,,837,24,,,0
6001,'1',632,,4789,12,,,0,70,,4813,12,,,0,30,,4812,12,,,0,70,,4811,12,,,0,30,,4810,12,,,0,70,,4809,12,,,0,30,,4808,12,,,0,70,,4807,12,,,0,30,,4806,12,,,0,70,,4805,12,,,0,30,,4804,12,,,0,70,,4803,12,,,0,30,,4802,12,,,0,70,,4801,12,,,0,30,,4800,12,,,0,70,,4799,12,,,0,30,,4798,12,,,0,70,,4797,12,,,0,30,,4796,12,,,0,70,,4795,12,,,0,30,,4794,12,,,0,70,,4793,12,,,0,30,,4818,12,,,0,70,,4819,12,,,0,30,,4792,12,,,0,100,,4791,12,,,0,100,,4814,12,,,0,100,,4815,12,,,0,100,,4816,12,,,0
6001,'12901',1628,,4820,12,,,0,30,,4821,12,,,0
6001,'2',732,,4846,12,,,0,100,,4839,12,,,0,100,,4838,12,,,0,100,,4837,12,,,0,100,,4836,12,,,0,70,,4835,12,,,0,30,,4834,12,,,0,70,,4833,12,,,0,30,,4832,12,,,0,70,,4831,12,,,0,30,,4830,12,,,0,70,,4829,12,,,0,30,,4828,12,,,0,70,,4827,12,,,0,30,,4826,12,,,0,70,,4825,12,,,0,30,,4844,12,,,0,70,,4845,12,,,0,30,,4824,12,,,0,100,,4823,12,,,0,100,,4840,12,,,0,100,,4841,12,,,0,100,,4842,12,,,0
6001,'3',932,,4857,12,,,0,100,,4856,12,,,0,100,,4855,12,,,0,100,,4854,12,,,0,100,,4853,12,,,0,100,,4852,12,,,0,100,,4851,12,,,0,100,,4850,12,,,0,100,,4860,12,,,0,100,,4849,12,,,0,100,,4848,12,,,0,100,,4858,12,,,0,100,,4859,12,,,0
6100,'1',624,,4890,6,,,0,9,,4889,6,,,0,70,,4888,6,,,0,30,,4887,6,,,0,70,,4886,6,,,0,30,,4885,6,,,0,70,,4884,6,,,0,30,,4883,6,,,0,70,,4882,6,,,0,30,,4881,6,,,0,70,,4880,6,,,0,30,,4879,6,,,0,70,,4878,6,,,0,30,,4877,6,,,0,70,,4876,6,,,0,30,,4875,6,,,0,70,,4874,6,,,0,30,,4873,6,,,0,70,,4872,6,,,0,30,,4871,6,,,0,70,,4870,6,,,0,30,,4868,6,,,0,70,,4867,6,,,0,30,,4861,6,,,0,200,,4866,6,,,0,100,,4865,6,,,0,100,,4864,6,,,0,100,,4863,6,,,0,100,,4862,6,,,0
6100,'1201',1532,,4891,6,0,13 14,0
6100,'12901',810,,4901,6,,,0,8,,4894,6,,,0,11,,4895,6,,,0,20,,4896,6,,,0,679,,4898,6,,,0,3,,4897,6,0,13 14,0,20,,4899,6,,,0,67,,4892,6,,,0,30,,4893,6,,,0
6100,'2',633,,4924,6,,,0,100,,4923,6,,,0,100,,4922,6,,,0,400,,4920,6,,,0,70,,4919,6,,,0,30,,4918,6,,,0,70,,4917,6,,,0,30,,4916,6,,,0,70,,4915,6,,,0,30,,4914,6,,,0,70,,4913,6,,,0,30,,4909,6,,,0,70,,4908,6,,,0,30,,4902,6,,,0,70,,4912,6,,,0,30,,4911,6,,,0,21,,4910,6,,,0,79,,4907,6,,,0,100,,4906,6,,,0,100,,4905,6,,,0,100,,4904,6,,,0,100,,4903,6,,,0
6100,'3',833,,4937,6,,,0,100,,4936,6,,,0,100,,4935,6,,,0,100,,4934,6,,,0,100,,4933,6,,,0,100,,4932,6,,,0,100,,4931,6,,,0,100,,4930,6,,,0,100,,4928,6,,,0,100,,4925,6,,,0,100,,4929,6,,,0,100,,4927,6,,,0,100,,4926,6,,,0,99,,4938,6,,,0
6501,'1',647,,5394,12,,,0,70,,5393,12,,,0,30,,5392,12,,,0,70,,5391,12,,,0,30,,5390,12,,,0,70,,5389,12,,,0,30,,5388,12,,,0,70,,5387,12,,,0,30,,5386,12,,,0,70,,5385,12,,,0,30,,5384,12,,,0,70,,5383,12,,,0,30,,5382,12,,,0,70,,5381,12,,,0,30,,5380,12,,,0,70,,5379,12,,,0,30,,5378,12,,,0,70,,5377,12,,,0,30,,5376,12,,,0,70,,5375,12,,,0,30,,5374,12,,,0,66,,5395,12,0,6 15,0,4,,5373,12,,,0,30,,5372,12,,,0,70,,5371,12,,,0,30,,5370,12,,,0,55,,5363,12,,,0,100,,5369,12,,,0,100,,5368,12,,,0,100,,5367,12,,,0,100,,5366,12,,,0
6501,'12901',1601,,5396,12,0,6 15,0
6501,'2',702,,5422,12,,,0,100,,5421,12,,,0,100,,5420,12,,,0,100,,5419,12,,,0,100,,5418,12,,,0,15,,5417,12,,,0,30,,5416,12,,,0,70,,5415,12,,,0,30,,5414,12,,,0,70,,5413,12,,,0,30,,5412,12,,,0,70,,5411,12,,,0,30,,5410,12,,,0,70,,5409,12,,,0,30,,5408,12,,,0,70,,5407,12,,,0,30,,5406,12,,,0,70,,5405,12,,,0,30,,5404,12,,,0,70,,5403,12,,,0,30,,5402,12,,,0,155,,5401,12,,,0,100,,5400,12,,,0,100,,5399,12,,,0
6501,'3',902,,5428,12,,,0,100,,5427,12,,,0,100,,5426,12,,,0,100,,5429,12,,,0,100,,5430,12,,,0,100,,5431,12,,,0,100,,5432,12,,,0,100,,5433,12,,,0,100,,5434,12,,,0,100,,5435,12,,,0,100,,5423,12,,,0,100,,5425,12,,,0,100,,5424,12,,,0
