1472601,'1',556,,16393,16,,,0,80,,16394,16,,,0,80,,16395,16,,,0,40,,16396,16,,,0,79,,16418,7,,,0,1,,16397,16,,,0,79,,16419,7,,,0,1,,16398,16,,,0,40,,16399,16,,,0,80,,16400,16,,,0,80,,16401,16,,,0,40,,16402,16,,,0,80,,16403,16,,,0,80,,16404,16,,,0,40,,16405,16,,,0,80,,16406,16,,,0,80,,16407,16,,,0,40,,16408,16,,,0,80,,16409,16,,,0,80,,16410,16,,,0,40,,16411,16,,,0,80,,16412,16,,,0,84,,16413,16,,,0,100,,16414,16,,,0,100,,16415,16,,,0,100,,16416,16,,,0
1472601,'2',720,,16420,16,,,0,100,,16421,16,,,0,100,,16422,16,,,0,100,,16423,16,,,0,96,,16424,16,,,0,40,,16425,16,,,0,80,,16426,16,,,0,80,,16427,16,,,0,40,,16428,16,,,0,80,,16429,16,,,0,80,,16430,16,,,0,40,,16431,16,,,0,80,,16432,16,,,0,80,,16433,16,,,0,40,,16434,16,,,0,80,,16435,16,,,0,84,,16436,16,,,0,100,,16437,16,,,0,100,,16438,16,,,0
1472601,'3',920,,16443,16,,,0,100,,16444,16,,,0,100,,16445,16,,,0,100,,16446,16,,,0,100,,16447,16,,,0,100,,16448,16,,,0,100,,16449,16,,,0,100,,16450,16,,,0,100,,16451,16,,,0,100,,16452,16,,,0,100,,16440,16,,,0,100,,16441,16,,,0,97,,16442,16,,,0
1473101,'1',616,,16565,17,,,0,40,,16543,17,,,0,79,,16566,7,,,0,1,,16544,17,,,0,80,,16545,17,,,0,40,,16546,17,,,0,80,,16547,17,,,0,80,,16548,17,,,0,40,,16549,17,,,0,80,,16550,17,,,0,80,,16551,17,,,0,40,,16552,17,,,0,80,,16553,17,,,0,80,,16554,17,,,0,40,,16555,17,,,0,80,,16556,17,,,0,80,,16557,17,,,0,40,,16558,17,,,0,80,,16559,17,,,0,80,,16560,17,,,0,34,,16561,17,,,0,100,,16562,17,,,0,100,,16563,17,,,0,100,,16564,17,,,0
1473101,'1201',855,,16568,7,,,0,80,,16567,7,,,0
1473101,'12801',855,,16569,7,,,0,80,,16570,7,,,0
1473101,'2',650,,16590,17,,,0,200,,16571,17,,,0,100,,16572,17,,,0,100,,16573,17,,,0,92,,16574,17,,,0,74,,16575,17,,,0,40,,16576,17,,,0,80,,16577,17,,,0,80,,16578,17,,,0,40,,16579,17,,,0,80,,16580,17,,,0,80,,16581,17,,,0,40,,16582,17,,,0,80,,16583,17,,,0,80,,16584,17,,,0,34,,16585,17,,,0,100,,16586,17,,,0,100,,16587,17,,,0,100,,16588,17,,,0
1473101,'3',950,,16591,17,,,0,100,,16592,17,,,0,100,,16593,17,,,0,100,,16594,17,,,0,100,,16595,17,,,0,100,,16596,17,,,0,100,,16597,17,,,0,100,,16598,17,,,0,100,,16599,17,,,0,100,,16600,17,,,0,100,,16601,17,,,0,100,,16602,17,,,0
1473801,'1',549,,17463,15,,,0,79,,17464,15,,,0,28,,17465,15,,,0,72,,17466,15,,,0,28,,17467,15,,,0,68,,17468,15,,,0,28,,17469,15,,,0,67,,17470,15,,,0,27,,17471,15,,,0,75,,17472,15,,,0,35,,17473,15,,,0,75,,17474,15,,,0,75,,17475,15,,,0,35,,17476,15,,,0,75,,17477,15,,,0,35,,17478,15,,,0,75,,17479,15,,,0,33,,17480,15,,,0,77,,17481,15,,,0,73,,17482,15,,,0,27,,17483,15,,,0,68,,17484,15,,,0,28,,17485,15,,,0,68,,17486,15,,,0,28,,17487,15,,,0,24,,17488,15,,,0,80,,17489,15,,,0,80,,17490,15,,,0,40,,17491,15,,,0,80,,17492,15,,,0,80,,17493,15,,,0,40,,17494,15,,,0
1473801,'2',705,,17496,15,,,0,40,,17497,15,,,0,80,,17498,15,,,0,80,,17499,15,,,0,40,,17500,15,,,0,80,,17501,15,,,0,80,,17502,15,,,0,40,,17503,15,,,0,65,,17504,15,,,0,21,,17505,15,,,0,69,,17506,15,,,0,25,,17507,15,,,0,25,,17508,15,,,0,65,,17509,15,,,0,25,,17510,15,,,0,65,,17511,15,,,0,25,,17512,15,,,0,25,,17513,15,,,0,65,,17514,15,,,0,25,,17515,15,,,0,65,,17516,15,,,0,25,,17517,15,,,0,65,,17518,15,,,0,25,,17519,15,,,0,25,,17520,15,,,0,67,,17521,15,,,0,40,,17522,15,,,0,80,,17523,15,,,0,80,,17524,15,,,0,40,,17525,15,,,0,80,,17526,15,,,0
1473801,'3',850,,17528,15,,,0,80,,17529,15,,,0,80,,17530,15,,,0,40,,17531,15,,,0,80,,17532,15,,,0,80,,17533,15,,,0,40,,17534,15,,,0,80,,17535,15,,,0,80,,17536,15,,,0,40,,17537,15,,,0,80,,17538,15,,,0,80,,17539,15,,,0,40,,17540,15,,,0,80,,17541,15,,,0,80,,17542,15,,,0,40,,17543,15,,,0,80,,17544,15,,,0,80,,17545,15,,,0,40,,17546,15,,,0,80,,17547,15,,,0
