100,'1',614,,1,25,4,,0,30,,2,25,4,,0,67,,3,25,4,,0,30,,4,25,4,,0,70,,5,25,4,,0,30,,6,25,4,,0,70,,7,25,4,,0,30,,8,25,4,,0,71,,9,25,4,,0,30,,10,25,4,,0,70,,11,25,4,,0,30,,12,25,4,,0,70,,13,25,4,,0,30,,14,25,4,,0,70,,15,25,4,,0,30,,16,25,4,,0,70,,17,25,4,,0,30,,18,25,4,,0,70,,19,25,4,,0,31,,20,25,4,,0,70,,21,25,4,,0,15,,22,25,4,,0,15,,23,25,4,,0,70,,24,25,4,,0,30,,25,25,4,,0,70,,26,25,4,,0,30,,27,25,4,,0,68,,28,25,4,,0,100,,29,25,4,,0,100,,30,25,4,,0,100,,31,25,4,,0,100,,32,25,4,,0
100,'2',712,,33,25,4,,0,100,,34,25,4,,0,100,,35,25,4,,0,100,,36,25,4,,0,100,,37,25,4,,0,30,,38,25,4,,0,70,,39,25,4,,0,30,,40,25,4,,0,70,,41,25,4,,0,30,,42,25,4,,0,70,,43,25,4,,0,30,,44,25,4,,0,70,,45,25,4,,0,30,,46,25,4,,0,70,,47,25,4,,0,30,,48,25,4,,0,70,,49,25,4,,0,30,,50,25,4,,0,70,,51,25,4,,0,30,,52,25,4,,0,70,,53,25,4,,0,30,,54,25,4,,0,70,,57,25,4,,0,100,,55,25,4,,0
100,'3',912,,58,25,4,,0,100,,59,25,4,,0,100,,60,25,4,,0,100,,61,25,4,,0,100,,62,25,4,,0,100,,63,25,4,,0,100,,64,25,4,,0,100,,65,25,4,,0,100,,66,25,4,,0,100,,67,25,4,,0,100,,68,25,4,,0,100,,69,25,4,,0,100,,70,25,4,,0
401,'1',612,,505,15,4,,0,7,,506,15,4,,0,8,,507,15,4,,0,7,,508,15,4,,0,8,,509,15,4,,0,7,,510,15,4,,0,8,,511,15,4,,0,47,,512,15,4,,0,8,,513,15,4,,0,16,,514,15,4,,0,8,,545,15,4,,0,7,,515,15,4,,0,8,,516,15,4,,0,7,,542,15,4,,0,48,,517,15,4,,0,7,,518,15,4,,0,8,,519,15,4,,0,7,,520,15,4,,0,8,,546,15,4,,0,7,,521,15,4,,0,8,,522,15,4,,0,7,,523,15,4,,0,48,,524,15,4,,0,7,,525,15,4,,0,8,,544,15,4,,0,7,,543,15,4,,0,8,,526,15,4,,0,7,,527,15,4,,0,8,,529,15,4,,0,2,,530,15,4,,0,48,,531,15,4,,0,7,,528,15,4,,0,8,,532,15,4,,0,7,,533,15,4,,0,8,,536,15,4,,0,7,,535,15,4,,0,8,,534,15,4,,0,7,,547,15,4,,0,48,,537,15,4,,0,7,,538,15,4,,0,8,,539,15,4,,0,7,,540,15,4,,0,8,,541,15,4,,0,7,,548,15,4,,0,8,,549,15,4,,0,7,,550,15,4,,0,48,,551,15,4,,0,7,,552,15,4,,0,8,,553,15,4,,0,7,,554,15,4,,0,8,,560,15,4,,0,7,,555,15,4,,0,8,,556,15,4,,0,7,,557,15,4,,0,48,,558,15,4,,0,7,,559,15,4,,0,8,,561,15,4,,0,7,,562,15,4,,0,8,,563,15,4,,0,7,,564,15,4,,0,8,,565,15,4,,0,7,,566,15,4,,0,48,,567,15,4,,0,7,,568,15,4,,0,8,,569,15,4,,0,7,,570,15,4,,0,8,,571,15,4,,0,7,,572,15,4,,0,8,,573,15,4,,0,7,,574,15,4,,0,48,,575,15,4,,0,7,,576,15,4,,0,8,,577,15,4,,0,5,,578,15,4,,0,8,,579,15,4,,0,7,,580,15,4,,0,8,,581,15,4,,0,7,,582,15,4,,0,8,,583,15,4,,0,47,,584,15,4,,0,8,,585,15,4,,0,7,,586,15,4,,0,8,,587,15,4,,0,7,,588,15,4,,0,8,,589,15,4,,0,7,,590,15,4,,0,8,,591,15,4,,0,47,,592,15,4,,0,8,,593,15,4,,0,7,,594,15,4,,0,8,,595,15,4,,0,7,,596,15,4,,0,8,,597,15,4,,0,7,,598,15,4,,0,8,,599,15,4,,0,47,,600,15,4,,0,8,,601,15,4,,0,7,,602,15,4,,0,8,,603,15,4,,0,7,,604,15,4,,0,8,,605,15,4,,0,5,,606,15,4,,0,55,,615,15,4,,0,37,,607,15,4,,0,63,,616,15,4,,0,17,,619,15,4,,0,20,,608,15,4,,0,63,,617,15,4,,0,17,,609,15,4,,0,20,,610,15,4,,0,63,,618,15,4,,0,17,,611,15,4,,0,20,,612,15,4,,0,80,,613,15,4,,0
401,'2',651,,620,15,4,,0,60,,621,15,4,,0,20,,669,15,4,,0,20,,622,15,4,,0,60,,623,15,4,,0,20,,670,15,4,,0,20,,624,15,4,,0,60,,625,15,4,,0,20,,671,15,4,,0,20,,626,15,4,,0,60,,627,15,4,,0,20,,672,15,4,,0,20,,628,15,4,,0,80,,673,15,4,,0,20,,636,15,4,,0,50,,684,15,4,,0,10,,637,15,4,,0,10,,638,15,4,,0,10,,674,15,4,,0,10,,639,15,4,,0,10,,640,15,4,,0,50,,685,15,4,,0,10,,641,15,4,,0,10,,642,15,4,,0,10,,675,15,4,,0,10,,643,15,4,,0,10,,644,15,4,,0,50,,686,15,4,,0,10,,645,15,4,,0,10,,646,15,4,,0,10,,676,15,4,,0,10,,647,15,4,,0,10,,648,15,4,,0,50,,687,15,4,,0,10,,649,15,4,,0,10,,650,15,4,,0,10,,677,15,4,,0,10,,651,15,4,,0,10,,652,15,4,,0,50,,688,15,4,,0,10,,653,15,4,,0,10,,654,15,4,,0,10,,678,15,4,,0,10,,655,15,4,,0,10,,656,15,4,,0,50,,689,15,4,,0,10,,657,15,4,,0,10,,658,15,4,,0,10,,679,15,4,,0,10,,659,15,4,,0,10,,660,15,4,,0,50,,690,15,4,,0,10,,661,15,4,,0,10,,662,15,4,,0,10,,680,15,4,,0,10,,663,15,4,,0,10,,664,15,4,,0,50,,691,15,4,,0,10,,665,15,4,,0,10,,666,15,4,,0,10,,681,15,4,,0,10,,667,15,4,,0,10,,668,15,4,,0,60,,630,15,4,,0,20,,682,15,4,,0,20,,631,15,4,,0,60,,632,15,4,,0,20,,683,15,4,,0,20,,633,15,4,,0,60,,634,15,4,,0
401,'3',911,,692,15,4,,0,20,,719,15,4,,0,20,,693,15,4,,0,60,,694,15,4,,0,20,,720,15,4,,0,20,,695,15,4,,0,60,,696,15,4,,0,20,,721,15,4,,0,20,,702,15,4,,0,60,,703,15,4,,0,20,,722,15,4,,0,20,,704,15,4,,0,60,,705,15,4,,0,20,,723,15,4,,0,20,,706,15,4,,0,60,,707,15,4,,0,20,,724,15,4,,0,20,,708,15,4,,0,60,,709,15,4,,0,20,,725,15,4,,0,20,,710,15,4,,0,60,,711,15,4,,0,20,,726,15,4,,0,20,,712,15,4,,0,60,,713,15,4,,0,20,,727,15,4,,0,20,,714,15,4,,0,60,,715,15,4,,0,20,,728,15,4,,0,20,,716,15,4,,0,60,,717,15,4,,0,20,,729,15,4,,0,20,,697,15,4,,0,60,,698,15,4,,0,20,,730,15,4,,0,20,,699,15,4,,0,60,,700,15,4,,0,20,,731,15,4,,0,20,,701,15,4,,0
700,'1',616,,1120,1,,,0,100,,1092,1,,,0,30,,1093,1,,,0,70,,1094,1,,,0,30,,1095,1,,,0,70,,1096,1,,,0,30,,1097,1,,,0,70,,1098,1,,,0,30,,1099,1,,,0,70,,1100,1,,,0,30,,1101,1,,,0,70,,1102,1,,,0,30,,1103,1,,,0,70,,1104,1,,,0,30,,1105,1,,,0,70,,1106,1,,,0,30,,1107,1,,,0,70,,1108,1,,,0,30,,1109,1,,,0,70,,1110,1,,,0,30,,1111,1,,,0,70,,1112,1,,,0,30,,1113,1,,,0,70,,1114,1,,,0,100,,1115,1,,,0,100,,1116,1,,,0,100,,1117,1,,,0,100,,1118,1,,,0,100,,1119,1,,,0
700,'2',716,,1121,1,,,0,100,,1122,1,,,0,100,,1123,1,,,0,100,,1124,1,,,0,100,,1125,1,,,0,30,,1126,1,,,0,70,,1127,1,,,0,30,,1128,1,,,0,70,,1129,1,,,0,30,,1130,1,,,0,70,,1131,1,,,0,30,,1132,1,,,0,70,,1133,1,,,0,30,,1134,1,,,0,70,,1135,1,,,0,30,,1136,1,,,0,70,,1137,1,,,0,30,,1138,1,,,0,70,,1139,1,,,0,100,,1140,1,,,0,100,,1141,1,,,0,100,,1142,1,,,0,100,,1143,1,,,0,99,,1144,1,,,0
700,'3',916,,1146,1,,,0,100,,1147,1,,,0,100,,1148,1,,,0,100,,1149,1,,,0,100,,1150,1,,,0,100,,1151,1,,,0,100,,1152,1,,,0,100,,1153,1,,,0,100,,1154,1,,,0,100,,1155,1,,,0,100,,1156,1,,,0,101,,1157,1,,,0,101,,1158,1,,,0
901,'1',1914,,1686,40,4,,0
901,'2',1914,,1713,40,4,,0
4300,'1',617,,4021,1,,,0,30,,4022,1,,,0,66,,4023,1,,,0,30,,4024,1,,,0,70,,4025,1,,,0,30,,4026,1,,,0,69,,4027,1,,,0,27,,4028,1,,,0,70,,4029,1,,,0,30,,4030,1,,,0,70,,4031,1,,,0,30,,4032,1,,,0,70,,4033,1,,,0,30,,4034,1,,,0,70,,4035,1,,,0,30,,4036,1,,,0,70,,4037,1,,,0,30,,4038,1,,,0,67,,4039,1,,,0,30,,4040,1,,,0,70,,4041,1,,,0,30,,4042,1,,,0,70,,4043,1,,,0,30,,4044,1,,,0,70,,4045,1,,,0,30,,4046,1,,,0,70,,4047,1,,,0,100,,4048,1,,,0,100,,4049,1,,,0,100,,4050,1,,,0,100,,4051,1,,,0
4300,'2',636,,4052,1,,,0,100,,4053,1,,,0,100,,4054,1,,,0,100,,4055,1,,,0,100,,4056,1,,,0,70,,4070,1,,,0,30,,4057,1,,,0,70,,4071,1,,,0,30,,4058,1,,,0,100,,4059,1,,,0,70,,4073,1,,,0,30,,4060,1,,,0,70,,4074,1,,,0,30,,4061,1,,,0,70,,4075,1,,,0,30,,4062,1,,,0,70,,4076,1,,,0,30,,4063,1,,,0,70,,4077,1,,,0,30,,4064,1,,,0,100,,4065,1,,,0,100,,4066,1,,,0,100,,4067,1,,,0,100,,4068,1,,,0,100,,4069,1,4,,0
4300,'3',836,,4078,1,,,0,100,,4079,1,,,0,100,,4080,1,,,0,100,,4081,1,,,0,100,,4082,1,,,0,100,,4083,1,,,0,100,,4084,1,,,0,100,,4085,1,,,0,100,,4086,1,,,0,100,,4087,1,,,0,100,,4088,1,,,0,100,,4089,1,,,0,100,,4090,1,,,0,100,,4091,1,,,0
4400,'1',624,,4161,1,,,0,30,,4162,1,,,0,66,,4163,1,,,0,30,,4164,1,,,0,70,,4165,1,,,0,30,,4166,1,,,0,69,,4167,1,,,0,28,,4168,1,,,0,70,,4169,1,,,0,30,,4170,1,,,0,70,,4171,1,,,0,30,,4172,1,,,0,70,,4173,1,,,0,30,,4174,1,,,0,70,,4175,1,,,0,30,,4176,1,,,0,70,,4177,1,,,0,30,,4178,1,,,0,67,,4179,1,,,0,30,,4180,1,,,0,70,,4181,1,,,0,30,,4182,1,,,0,70,,4183,1,,,0,30,,4184,1,,,0,102,,4185,1,,,0,100,,4186,1,,,0,100,,4187,1,,,0,100,,4188,1,,,0,100,,4189,1,,,0,101,,4190,1,,,0
4400,'2',716,,4200,1,,,0,100,,4199,1,,,0,100,,4198,1,,,0,100,,4197,1,,,0,100,,4202,1,,,0,30,,4203,1,,,0,70,,4204,1,,,0,30,,4205,1,,,0,70,,4206,1,,,0,30,,4207,1,,,0,70,,4208,1,,,0,30,,4209,1,,,0,70,,4210,1,,,0,30,,4211,1,,,0,100,,4212,1,,,0,70,,4213,1,,,0,30,,4214,1,,,0,70,,4215,1,,,0,30,,4216,1,,,0,70,,4196,1,,,0,100,,4195,1,,,0,100,,4194,1,,,0,100,,4193,1,,,0,100,,4192,1,,,0
4400,'3',916,,4229,1,,,0,100,,4228,1,,,0,100,,4224,1,,,0,100,,4223,1,,,0,100,,4222,1,,,0,100,,4221,1,,,0,100,,4220,1,,,0,100,,4219,1,,,0,100,,4218,1,,,0,100,,4217,1,,,0,100,,4227,1,,,0,100,,4226,1,,,0,100,,4225,1,,,0
4500,'1',631,,4291,1,,,0,26,,4292,1,,,0,70,,4293,1,,,0,30,,4294,1,,,0,70,,4295,1,,,0,30,,4296,1,,,0,69,,4297,1,,,0,30,,4298,1,,,0,70,,4299,1,,,0,30,,4300,1,,,0,70,,4301,1,,,0,30,,4302,1,,,0,70,,4303,1,,,0,30,,4304,1,,,0,70,,4305,1,,,0,30,,4306,1,,,0,70,,4307,1,,,0,30,,4308,1,,,0,66,,4309,1,,,0,30,,4310,1,,,0,70,,4311,1,,,0,30,,4312,1,,,0,70,,4313,1,,,0,93,,4314,1,,,0,111,,4315,1,,,0,100,,4316,1,,,0,100,,4317,1,,,0,100,,4318,1,,,0,100,,4319,1,,,0
4500,'2',656,,4328,1,,,0,100,,4327,1,,,0,100,,4326,1,,,0,100,,4325,1,,,0,100,,4320,1,,,0,70,,4330,1,,,0,30,,4331,1,,,0,70,,4332,1,,,0,30,,4333,1,,,0,70,,4334,1,,,0,30,,4335,1,,,0,70,,4336,1,,,0,30,,4337,1,,,0,70,,4338,1,,,0,30,,4339,1,,,0,70,,4340,1,,,0,30,,4341,1,,,0,70,,4342,1,,,0,30,,4343,1,,,0,70,,4344,1,,,0,30,,4345,1,,,0,100,,4324,1,,,0,100,,4323,1,,,0,100,,4322,1,,,0
4500,'3',856,,4358,1,,,0,100,,4357,1,,,0,100,,4346,1,,,0,100,,4356,1,,,0,100,,4355,1,,,0,100,,4354,1,,,0,100,,4353,1,,,0,100,,4352,1,,,0,100,,4351,1,,,0,100,,4350,1,,,0,100,,4349,1,,,0,101,,4348,1,,,0,99,,4347,1,,,0
4600,'1',609,,4424,1,,,0,29,,4425,1,,,0,66,,4426,1,,,0,30,,4427,1,,,0,70,,4428,1,,,0,30,,4429,1,,,0,71,,4430,1,,,0,29,,4431,1,,,0,70,,4432,1,,,0,30,,4433,1,,,0,70,,4434,1,,,0,30,,4435,1,,,0,70,,4436,1,,,0,30,,4437,1,,,0,70,,4438,1,,,0,30,,4439,1,,,0,70,,4440,1,,,0,29,,4441,1,,,0,25,,4442,1,,,0,70,,4443,1,,,0,30,,4444,1,,,0,70,,4445,1,,,0,30,,4446,1,,,0,70,,4447,1,,,0,30,,4448,1,,,0
