1470000,'1',634,,14354,12,,,0,72,,14355,12,,,0,32,,14356,12,,,0,72,,14357,12,,,0,32,,14358,12,,,0,72,,14359,12,,,0,32,,14360,12,,,0,72,,14361,12,,,0,32,,14362,12,,,0,72,,14363,12,,,0,32,,14364,12,,,0,72,,14374,12,,,0,32,,14375,12,,,0,72,,14365,12,,,0,72,,14366,12,,,0,32,,14367,12,,,0,72,,14368,12,,,0,32,,14369,12,,,0,72,,14370,12,,,0,32,,14371,12,,,0,72,,14372,12,,,0,32,,14376,12,,,0,72,,14373,12,,,0,31,,14377,12,,,0,75,,14378,12,,,0,100,,14379,12,,,0,100,,14380,12,,,0,100,,14381,12,,,0,100,,14382,12,,,0
1470000,'2',628,,14383,12,,,0,100,,14384,12,,,0,100,,14385,12,,,0,100,,14386,12,,,0,100,,14387,12,,,0,103,,14388,12,,,0,74,,14389,12,,,0,32,,14390,12,,,0,72,,14391,12,,,0,32,,14392,12,,,0,72,,14393,12,,,0,32,,14394,12,,,0,72,,14395,12,,,0,32,,14396,12,,,0,72,,14397,12,,,0,32,,14398,12,,,0,72,,14399,12,,,0,32,,14400,12,,,0,72,,14401,12,,,0,71,,14402,12,,,0,100,,14403,12,,,0,100,,14404,12,,,0,100,,14405,12,,,0
1470000,'3',824,,14419,12,,,0,100,,14406,12,,,0,100,,14407,12,,,0,100,,14408,12,,,0,100,,14409,12,,,0,100,,14410,12,,,0,100,,14411,12,,,0,100,,14412,12,,,0,100,,14413,12,,,0,100,,14414,12,,,0,100,,14415,12,,,0,100,,14416,12,,,0,100,,14417,12,,,0,101,,14418,12,,,0
1470700,'1',609,,15301,4,,,0,40,,15302,4,,,0,80,,15303,4,,,0,80,,15304,4,,,0,40,,15305,4,,,0,80,,15306,4,,,0,80,,15307,4,,,0,40,,15308,4,,,0,80,,15309,4,,,0,80,,15310,4,,,0,40,,15311,4,,,0,80,,15312,4,,,0,80,,15313,4,,,0,40,,15314,4,,,0,80,,15315,4,,,0,80,,15316,4,,,0,40,,15317,4,,,0,80,,15318,4,,,0,80,,15319,4,,,0,40,,15321,4,,,0,80,,15322,4,,,0,80,,15323,4,,,0,40,,15324,4,,,0,80,,15325,4,,,0,80,,15326,4,,,0
1470700,'2',649,,15328,4,,,0,80,,15329,4,,,0,80,,15330,4,,,0,40,,15331,4,,,0,80,,15332,4,,,0,80,,15333,4,,,0,40,,15334,4,,,0,80,,15335,4,,,0,80,,15336,4,,,0,40,,15337,4,,,0,80,,15338,4,,,0,80,,15339,4,,,0,40,,15340,4,,,0,80,,15341,4,,,0,80,,15342,4,,,0,40,,15343,4,,,0,80,,15344,4,,,0,80,,15345,4,,,0,40,,15346,4,,,0,80,,15347,4,,,0,80,,15348,4,,,0,40,,15349,4,,,0,80,,15350,4,,,0,80,,15351,4,,,0,40,,15352,4,,,0
1470700,'3',829,,15353,4,,,0,80,,15354,4,,,0,40,,15355,4,,,0,80,,15356,4,,,0,80,,15357,4,,,0,40,,15358,4,,,0,80,,15359,4,,,0,80,,15360,4,,,0,40,,15361,4,,,0,80,,15362,4,,,0,80,,15363,4,,,0,40,,15364,4,,,0,80,,15365,4,,,0,80,,15366,4,,,0,40,,15367,4,,,0,80,,15368,4,,,0,80,,15369,4,,,0,40,,15370,4,,,0,80,,15371,4,,,0,80,,15372,4,,,0
1472200,'1',623,,15873,11,,,0,30,,15874,11,,,0,68,,15875,11,,,0,30,,15876,11,,,0,70,,15877,11,,,0,30,,15878,11,,,0,69,,15879,11,,,0,27,,15880,11,,,0,70,,15881,11,,,0,30,,15882,11,,,0,70,,15883,11,,,0,30,,15884,11,,,0,70,,15885,11,,,0,30,,15886,11,,,0,70,,15887,11,,,0,30,,15888,11,,,0,70,,15889,11,,,0,30,,15890,11,,,0,68,,15891,11,,,0,30,,15892,11,,,0,70,,15893,11,,,0,30,,15894,11,,,0,70,,15895,11,,,0,30,,15896,11,,,0,70,,15897,11,,,0,27,,15898,11,,,0,70,,15899,11,,,0,100,,15900,11,,,0,100,,15901,11,,,0,100,,15902,11,,,0,100,,15903,11,,,0
1472200,'2',642,,15904,11,,,0,100,,15905,11,,,0,100,,15906,11,,,0,100,,15907,11,,,0,100,,15908,11,,,0,70,,15922,11,,,0,30,,15909,11,,,0,70,,15923,11,,,0,30,,15910,11,,,0,70,,15924,11,,,0,30,,15911,11,,,0,70,,15925,11,,,0,30,,15912,11,,,0,70,,15926,11,,,0,30,,15913,11,,,0,70,,15927,11,,,0,30,,15914,11,,,0,70,,15928,11,,,0,30,,15915,11,,,0,100,,15916,11,,,0,100,,15917,11,,,0,100,,15918,11,,,0,100,,15919,11,,,0,100,,15920,11,,,0,100,,15921,11,,,0
1472200,'3',842,,15929,11,,,0,100,,15930,11,,,0,100,,15931,11,,,0,100,,15932,11,,,0,100,,15933,11,,,0,100,,15934,11,,,0,100,,15935,11,,,0,100,,15936,11,,,0,100,,15937,11,,,0,100,,15938,11,,,0,100,,15939,11,,,0,100,,15940,11,,,0,100,,15941,11,,,0,100,,15942,11,,,0
1472300,'1',630,,16013,11,,,0,70,,16014,11,,,0,28,,16015,11,,,0,30,,16016,11,,,0,70,,16017,11,,,0,30,,16018,11,,,0,69,,16019,11,,,0,28,,16020,11,,,0,70,,16021,11,,,0,30,,16022,11,,,0,70,,16023,11,,,0,30,,16024,11,,,0,70,,16025,11,,,0,30,,16026,11,,,0,70,,16027,11,,,0,30,,16028,11,,,0,70,,16029,11,,,0,30,,16030,11,,,0,68,,16031,11,,,0,30,,16032,11,,,0,70,,16033,11,,,0,30,,16034,11,,,0,70,,16035,11,,,0,30,,16036,11,,,0,99,,16037,11,,,0,100,,16038,11,,,0,100,,16039,11,,,0,100,,16040,11,,,0
1472300,'2',722,,16050,11,,,0,100,,16049,11,,,0,100,,16048,11,,,0,100,,16047,11,,,0,100,,16052,11,,,0,30,,16053,11,,,0,70,,16054,11,,,0,30,,16055,11,,,0,70,,16056,11,,,0,30,,16057,11,,,0,70,,16058,11,,,0,30,,16059,11,,,0,70,,16060,11,,,0,30,,16061,11,,,0,70,,16062,11,,,0,30,,16063,11,,,0,70,,16064,11,,,0,30,,16065,11,,,0,70,,16066,11,,,0,30,,16067,11,,,0,70,,16046,11,,,0,100,,16045,11,,,0,100,,16044,11,,,0,100,,16043,11,,,0,100,,16042,11,,,0
1472300,'3',922,,16080,11,,,0,100,,16079,11,,,0,100,,16075,11,,,0,100,,16074,11,,,0,100,,16073,11,,,0,100,,16072,11,,,0,100,,16071,11,,,0,100,,16070,11,,,0,100,,16069,11,,,0,100,,16068,11,,,0,100,,16078,11,,,0,100,,16077,11,,,0,100,,16076,11,,,0
1472400,'1',608,,16150,11,,,0,29,,16151,11,,,0,68,,16152,11,,,0,30,,16153,11,,,0,70,,16154,11,,,0,30,,16155,11,,,0,70,,16156,11,,,0,29,,16157,11,,,0,70,,16158,11,,,0,30,,16159,11,,,0,70,,16160,11,,,0,30,,16161,11,,,0,70,,16162,11,,,0,30,,16163,11,,,0,70,,16164,11,,,0,30,,16165,11,,,0,70,,16166,11,,,0,30,,16167,11,,,0,70,,16168,11,,,0,27,,16169,11,,,0,70,,16170,11,,,0,30,,16171,11,,,0,70,,16172,11,,,0,30,,16173,11,,,0,93,,16174,11,,,0,108,,16175,11,,,0,100,,16176,11,,,0,100,,16177,11,,,0,100,,16178,11,,,0,100,,16179,11,,,0
1472400,'2',702,,16188,11,,,0,100,,16187,11,,,0,100,,16186,11,,,0,100,,16185,11,,,0,100,,16180,11,,,0,30,,16190,11,,,0,70,,16191,11,,,0,30,,16192,11,,,0,70,,16193,11,,,0,30,,16194,11,,,0,70,,16195,11,,,0,30,,16196,11,,,0,70,,16197,11,,,0,30,,16198,11,,,0,70,,16199,11,,,0,30,,16200,11,,,0,70,,16201,11,,,0,30,,16202,11,,,0,70,,16203,11,,,0,30,,16204,11,,,0,70,,16205,11,,,0,100,,16184,11,,,0,100,,16183,11,,,0,100,,16182,11,,,0
1472400,'3',902,,16218,11,,,0,100,,16217,11,,,0,100,,16206,11,,,0,100,,16216,11,,,0,100,,16215,11,,,0,100,,16214,11,,,0,100,,16213,11,,,0,100,,16212,11,,,0,100,,16211,11,,,0,100,,16210,11,,,0,100,,16209,11,,,0,101,,16208,11,,,0,99,,16207,11,,,0
1472500,'1',644,,16284,11,,,0,68,,16285,11,,,0,30,,16286,11,,,0,70,,16287,11,,,0,30,,16288,11,,,0,71,,16289,11,,,0,29,,16290,11,,,0,70,,16291,11,,,0,30,,16292,11,,,0,70,,16293,11,,,0,30,,16294,11,,,0,70,,16295,11,,,0,30,,16296,11,,,0,70,,16297,11,,,0,30,,16298,11,,,0,70,,16299,11,,,0,29,,16300,11,,,0,66,,16301,11,,,0,30,,16302,11,,,0,70,,16303,11,,,0,30,,16304,11,,,0,70,,16305,11,,,0,30,,16306,11,,,0,70,,16307,11,,,0
1472600,'1',637,,16336,4,,,0,80,,16337,4,,,0,40,,16338,4,,,0,80,,16339,4,,,0,80,,16340,4,,,0,40,,16341,4,,,0,80,,16342,4,,,0,80,,16343,4,,,0,40,,16344,4,,,0,80,,16345,4,,,0,80,,16346,4,,,0,40,,16347,4,,,0,80,,16348,4,,,0,80,,16349,4,,,0,40,,16350,4,,,0,80,,16351,4,,,0,80,,16352,4,,,0,40,,16353,4,,,0,80,,16354,4,,,0,103,,16355,4,,,0,100,,16356,4,,,0,100,,16357,4,,,0
1472600,'2',840,,16361,4,,,0,100,,16362,4,,,0,99,,16363,4,,,0,78,,16364,4,,,0,40,,16365,4,,,0,80,,16366,4,,,0,80,,16367,4,,,0,40,,16368,4,,,0,80,,16369,4,,,0,80,,16370,4,,,0,40,,16371,4,,,0,80,,16372,4,,,0,80,,16373,4,,,0,40,,16374,4,,,0,80,,16375,4,,,0,103,,16376,4,,,0,100,,16377,4,,,0,100,,16378,4,,,0,100,,16379,4,,,0
1472600,'3',940,,16381,4,,,0,100,,16382,4,,,0,100,,16385,4,,,0,100,,16386,4,,,0,100,,16387,4,,,0,100,,16388,4,,,0,100,,16389,4,,,0,100,,16390,4,,,0,100,,16391,4,,,0,100,,16392,4,,,0,100,,16383,4,,,0,100,,16384,4,,,0
1473100,'1',617,,16483,4,,,0,40,,16484,4,,,0,80,,16485,4,,,0,80,,16486,4,,,0,40,,16487,4,,,0,80,,16488,4,,,0,80,,16489,4,,,0,40,,16490,4,,,0,80,,16491,4,,,0,80,,16492,4,,,0,40,,16493,4,,,0,80,,16494,4,,,0,80,,16495,4,,,0,40,,16496,4,,,0,80,,16497,4,,,0,80,,16498,4,,,0,40,,16499,4,,,0,80,,16500,4,,,0,80,,16501,4,,,0,40,,16502,4,,,0,153,,16503,4,,,0,100,,16504,4,,,0,100,,16505,4,,,0,100,,16506,4,,,0
1473100,'12801',1607,,16509,4,,,0
1473100,'2',810,,16511,4,,,0,100,,16512,4,,,0,100,,16513,4,,,0,97,,16514,4,,,0,30,,16515,4,,,0,80,,16516,4,,,0,40,,16517,4,,,0,80,,16518,4,,,0,80,,16519,4,,,0,40,,16520,4,,,0,80,,16521,4,,,0,80,,16522,4,,,0,40,,16523,4,,,0,80,,16524,4,,,0,80,,16525,4,,,0,40,,16526,4,,,0,153,,16527,4,,,0,100,,16528,4,,,0,100,,16529,4,,,0
1473100,'3',910,,16530,4,,,0,100,,16531,4,,,0,100,,16532,4,,,0,100,,16533,4,,,0,100,,16534,4,,,0,100,,16535,4,,,0,100,,16536,4,,,0,100,,16537,4,,,0,100,,16538,4,,,0,100,,16539,4,,,0,100,,16540,4,,,0,100,,16541,4,,,0,99,,16542,4,,,0
