1468700,'1',659,,11984,27,4,,0,60,,11985,27,4,,0,20,,11986,27,4,,0,20,,11987,27,4,,0,60,,11988,27,4,,0,20,,11989,27,4,,0,20,,11990,27,4,,0,60,,11991,27,4,,0,20,,11992,27,4,,0,20,,11993,27,4,,0,60,,11994,27,4,,0,20,,11995,27,4,,0,20,,11996,27,4,,0,60,,11997,27,4,,0,20,,11998,27,4,,0,20,,11999,27,4,,0,60,,12000,27,4,,0,20,,12001,27,4,,0,20,,12002,27,4,,0,60,,12003,27,4,,0,20,,12004,27,4,,0,20,,12005,27,4,,0,60,,12006,27,4,,0,20,,12007,27,4,,0,20,,12008,27,4,,0,60,,12009,27,4,,0,20,,12010,27,4,,0,20,,12011,27,4,,0,60,,12012,27,4,,0,20,,12013,27,4,,0,20,,12014,27,4,,0,60,,12015,27,4,,0,5,,12020,27,4,,0,15,,12016,27,4,,0,20,,12017,27,4,,0,59,,12018,27,4,,0,26,,12019,27,4,,0,70,,11979,27,4,,0,30,,11974,27,4,,0,70,,11980,27,4,,0,30,,11975,27,4,,0,70,,11981,27,4,,0,30,,11976,27,4,,0,70,,11982,27,4,,0,30,,11977,27,4,,0,100,,11978,27,4,,0
1468700,'2',714,,12026,27,4,,0,30,,12041,27,4,,0,70,,12025,27,4,,0,30,,12040,27,4,,0,70,,12024,27,4,,0,30,,12039,27,4,,0,70,,12023,27,4,,0,27,,12038,27,4,,0,73,,12022,27,4,,0,25,,12042,27,4,,0,20,,12043,27,4,,0,60,,12044,27,4,,0,20,,12045,27,4,,0,20,,12046,27,4,,0,60,,12047,27,4,,0,20,,12048,27,4,,0,20,,12049,27,4,,0,60,,12050,27,4,,0,20,,12051,27,4,,0,20,,12052,27,4,,0,60,,12053,27,4,,0,20,,12054,27,4,,0,20,,12055,27,4,,0,60,,12056,27,4,,0,20,,12057,27,4,,0,20,,12058,27,4,,0,60,,12059,27,4,,0,20,,12060,27,4,,0,20,,12061,27,4,,0,59,,12062,27,4,,0,26,,12063,27,4,,0,100,,12037,27,4,,0,70,,12031,27,4,,0,30,,12036,27,4,,0,70,,12030,27,4,,0,30,,12035,27,4,,0,70,,12029,27,4,,0,30,,12034,27,4,,0,70,,12028,27,4,,0,30,,12033,27,4,,0
1468700,'3',914,,12066,27,4,,0,30,,12089,27,4,,0,70,,12065,27,4,,0,30,,12088,27,4,,0,70,,12064,27,4,,0,30,,12087,27,4,,0,70,,12086,27,4,,0,30,,12085,27,4,,0,70,,12084,27,4,,0,30,,12083,27,4,,0,70,,12082,27,4,,0,30,,12081,27,4,,0,70,,12080,27,4,,0,30,,12079,27,4,,0,70,,12078,27,4,,0,30,,12077,27,4,,0,70,,12076,27,4,,0,30,,12075,27,4,,0,70,,12074,27,4,,0,30,,12073,27,4,,0,70,,12069,27,4,,0,30,,12072,27,4,,0,70,,12068,27,4,,0,30,,12071,27,4,,0,70,,12067,27,4,,0,26,,12070,27,4,,0
1468701,'1',621,,12101,1,,,0,20,,12102,1,,,0,60,,12103,1,,,0,20,,12104,1,,,0,20,,12105,1,,,0,60,,12106,1,,,0,20,,12107,1,,,0,20,,12108,1,,,0,60,,12109,1,,,0,20,,12110,1,,,0,20,,12111,1,,,0,60,,12112,1,,,0,20,,12113,1,,,0,20,,12114,1,,,0,60,,12115,1,,,0,20,,12116,1,,,0,20,,12117,1,,,0,60,,12118,1,,,0,20,,12119,1,,,0,20,,12120,1,,,0,60,,12121,1,,,0,20,,12122,1,,,0,20,,12123,1,,,0,60,,12124,1,,,0,20,,12125,1,,,0,20,,12126,1,,,0,60,,12127,1,,,0,20,,12128,1,,,0,20,,12129,1,,,0,60,,12130,1,,,0,20,,12131,1,,,0,20,,12132,1,,,0,60,,12133,1,,,0,20,,12134,1,,,0,20,,12135,1,,,0,60,,12136,1,,,0,17,,12137,1,,,0,100,,12092,1,,,0,30,,12096,1,,,0,70,,12091,1,,,0,30,,12095,1,,,0,70,,12090,1,,,0,30,,12094,1,,,0,70,,12097,1,,,0,100,,12098,1,,,0
1468701,'2',618,,12138,1,,,0,30,,12149,1,,,0,70,,12150,1,,,0,30,,12151,1,,,0,70,,12152,1,,,0,30,,12153,1,,,0,70,,12154,1,,,0,30,,12155,1,,,0,70,,12156,1,,,0,23,,12157,1,,,0,80,,12158,1,,,0,20,,12159,1,,,0,60,,12160,1,,,0,20,,12161,1,,,0,20,,12162,1,,,0,60,,12163,1,,,0,20,,12164,1,,,0,20,,12165,1,,,0,60,,12166,1,,,0,20,,12167,1,,,0,20,,12168,1,,,0,60,,12169,1,,,0,20,,12170,1,,,0,20,,12171,1,,,0,60,,12172,1,,,0,20,,12173,1,,,0,20,,12174,1,,,0,60,,12175,1,,,0,20,,12176,1,,,0,20,,12177,1,,,0,60,,12178,1,,,0,17,,12179,1,,,0,30,,12148,1,,,0,70,,12143,1,,,0,30,,12147,1,,,0,70,,12142,1,,,0,30,,12146,1,,,0,70,,12141,1,,,0,30,,12145,1,,,0,70,,12140,1,,,0,130,,12144,1,,,0
1468701,'3',848,,12205,1,,,0,70,,12181,1,,,0,30,,12204,1,,,0,70,,12180,1,,,0,30,,12203,1,,,0,70,,12202,1,,,0,30,,12201,1,,,0,70,,12200,1,,,0,30,,12199,1,,,0,70,,12198,1,,,0,30,,12197,1,,,0,70,,12196,1,,,0,30,,12195,1,,,0,70,,12194,1,,,0,30,,12193,1,,,0,70,,12192,1,,,0,30,,12191,1,,,0,70,,12190,1,,,0,30,,12189,1,,,0,70,,12188,1,,,0,30,,12187,1,,,0,70,,12184,1,,,0,30,,12186,1,,,0,70,,12183,1,,,0,30,,12185,1,,,0,66,,12182,1,,,0
1469000,'1',708,,12574,26,4,,0,30,,12575,26,4,,0,70,,12576,26,4,,0,30,,12577,26,4,,0,70,,12578,26,4,,0,30,,12579,26,4,,0,70,,12580,26,4,,0,30,,12581,26,4,,0,70,,12582,26,4,,0,30,,12583,26,4,,0,70,,12584,26,4,,0,30,,12585,26,4,,0,70,,12586,26,4,,0,30,,12587,26,4,,0,70,,12588,26,4,,0,30,,12589,26,4,,0,70,,12590,26,4,,0,30,,12591,26,4,,0,70,,12592,26,4,,0,30,,12593,26,4,,0,70,,12594,26,4,,0,30,,12595,26,4,,0,70,,12596,26,4,,0,30,,12597,26,4,,0
1469001,'1',604,,12727,1,,,0,100,,12703,1,,,0,30,,12704,1,,,0,70,,12705,1,,,0,30,,12706,1,,,0,70,,12707,1,,,0,30,,12708,1,,,0,70,,12709,1,,,0,30,,12710,1,,,0,70,,12711,1,,,0,30,,12712,1,,,0,70,,12713,1,,,0,30,,12714,1,,,0,70,,12715,1,,,0,30,,12716,1,,,0,70,,12717,1,,,0,30,,12718,1,,,0,70,,12719,1,,,0,30,,12720,1,,,0,70,,12721,1,,,0,30,,12722,1,,,0,70,,12723,1,,,0,30,,12724,1,,,0,70,,12725,1,,,0,30,,12726,1,,,0,119,,12733,1,,,0,100,,12734,1,,,0,100,,12735,1,,,0,100,,12736,1,,,0
1469001,'2',653,,12766,1,,,0,100,,12764,1,,,0,100,,12762,1,,,0,100,,12760,1,,,0,150,,12758,1,,,0,30,,12757,1,,,0,70,,12756,1,,,0,30,,12755,1,,,0,70,,12754,1,,,0,30,,12753,1,,,0,70,,12752,1,,,0,30,,12751,1,,,0,70,,12750,1,,,0,30,,12749,1,,,0,70,,12748,1,,,0,30,,12747,1,,,0,70,,12746,1,,,0,30,,12745,1,,,0,70,,12744,1,,,0,30,,12743,1,,,0,120,,12742,1,,,0,100,,12741,1,,,0
1469001,'3',853,,12791,1,,,0,100,,12789,1,,,0,100,,12787,1,,,0,100,,12785,1,,,0,100,,12783,1,,,0,100,,12781,1,,,0,100,,12779,1,,,0,100,,12777,1,,,0,100,,12775,1,,,0,100,,12773,1,,,0,100,,12772,1,,,0,100,,12771,1,,,0,100,,12770,1,,,0
1469200,'1',652,,12962,38,4,,0,70,,12933,38,4,,0,30,,12934,38,4,,0,70,,12935,38,4,,0,30,,12936,38,4,,0,70,,12937,38,4,,0,30,,12938,38,4,,0,70,,12939,38,4,,0,30,,12940,38,4,,0,70,,12941,38,4,,0,30,,12942,38,4,,0,70,,12943,38,4,,0,30,,12944,38,4,,0,70,,12945,38,4,,0,30,,12946,38,4,,0,70,,12947,38,4,,0,30,,12948,38,4,,0,70,,12949,38,4,,0,30,,12950,38,4,,0,70,,12951,38,4,,0,30,,12952,38,4,,0,70,,12953,38,4,,0,30,,12954,38,4,,0,70,,12955,38,4,,0,30,,12956,38,4,,0,100,,12957,38,4,,0,100,,12958,38,4,,0,100,,12959,38,4,,0,100,,12960,38,4,,0
1469200,'2',752,,12963,38,4,,0,100,,12964,38,4,,0,100,,12965,38,4,,0,100,,12966,38,4,,0,100,,12967,38,4,,0,70,,12968,38,4,,0,30,,12969,38,4,,0,70,,12970,38,4,,0,30,,12971,38,4,,0,70,,12972,38,4,,0,30,,12973,38,4,,0,70,,12974,38,4,,0,30,,12975,38,4,,0,70,,12976,38,4,,0,30,,12977,38,4,,0,70,,12978,38,4,,0,30,,12979,38,4,,0,70,,12980,38,4,,0,30,,12981,38,4,,0,100,,12982,38,4,,0,100,,12983,38,4,,0,100,,12984,38,4,,0,100,,12985,38,4,,0
1469200,'3',952,,12988,38,4,,0,100,,12989,38,4,,0,100,,12990,38,4,,0,100,,12991,38,4,,0,100,,12992,38,4,,0,100,,12993,38,4,,0,100,,12994,38,4,,0,100,,12995,38,4,,0,100,,12996,38,4,,0,100,,12997,38,4,,0,100,,12998,38,4,,0,93,,12999,38,4,,0,94,,13000,38,4,,0
1469201,'1',552,,13032,1,,,0,70,,13031,1,,,0,30,,13030,1,,,0,70,,13029,1,,,0,30,,13028,1,,,0,70,,13027,1,,,0,30,,13026,1,,,0,70,,13025,1,,,0,30,,13024,1,,,0,70,,13023,1,,,0,30,,13022,1,,,0,70,,13021,1,,,0,30,,13020,1,,,0,70,,13019,1,,,0,30,,13018,1,,,0,70,,13017,1,,,0,30,,13016,1,,,0,70,,13015,1,,,0,30,,13014,1,,,0,100,,13012,1,,,0,70,,13011,1,,,0,30,,13010,1,,,0,70,,13009,1,,,0,30,,13008,1,,,0,70,,13007,1,,,0,30,,13006,1,,,0,100,,13005,1,,,0,100,,13004,1,,,0,100,,13003,1,,,0,193,,13001,1,,,0
1469201,'2',652,,13057,1,,,0,100,,13056,1,,,0,100,,13055,1,,,0,100,,13054,1,,,0,100,,13053,1,,,0,70,,13052,1,,,0,30,,13051,1,,,0,70,,13050,1,,,0,30,,13049,1,,,0,70,,13048,1,,,0,30,,13047,1,,,0,70,,13046,1,,,0,30,,13045,1,,,0,70,,13044,1,,,0,30,,13043,1,,,0,70,,13042,1,,,0,30,,13041,1,,,0,70,,13040,1,,,0,30,,13039,1,,,0,70,,13038,1,,,0,30,,13037,1,,,0,100,,13036,1,,,0,100,,13035,1,,,0,100,,13034,1,,,0
1469201,'3',852,,13070,1,,,0,100,,13069,1,,,0,100,,13068,1,,,0,100,,13067,1,,,0,100,,13066,1,,,0,100,,13065,1,,,0,100,,13064,1,,,0,100,,13063,1,,,0,100,,13062,1,,,0,100,,13061,1,,,0,100,,13060,1,,,0,100,,13059,1,,,0,93,,13058,1,,,0
1469400,'1',608,,13459,24,4,,0,30,,13434,24,4,,0,1267,,13458,46,4,,0,100,,13460,46,4,,0,100,,13461,46,4,,0,100,,13462,46,4,,0,100,,13463,46,4,,0
1469400,'2',905,,13487,46,4,,0,100,,13486,46,4,,0,100,,13485,46,4,,0,30,,13484,46,4,,0,70,,13483,46,4,,0,30,,13482,46,4,,0,70,,13481,46,4,,0,30,,13480,46,4,,0,70,,13479,46,4,,0,30,,13478,46,4,,0,70,,13477,46,4,,0,33,,13476,46,4,,0,70,,13475,46,4,,0,30,,13474,46,4,,0,70,,13473,46,4,,0,30,,13472,46,4,,0,70,,13471,46,4,,0,30,,13470,46,4,,0,67,,13469,46,4,,0,100,,13468,46,4,,0,100,,13467,46,4,,0,100,,13466,46,4,,0
1469400,'3',905,,13492,46,4,,0,100,,13501,46,4,,0,100,,13500,46,4,,0,100,,13499,46,4,,0,100,,13498,46,4,,0,100,,13497,46,4,,0,100,,13496,46,4,,0,100,,13495,46,4,,0,100,,13494,46,4,,0,100,,13493,46,4,,0,100,,13491,46,4,,0,100,,13490,46,4,,0,100,,13489,46,4,,0
1469401,'1',608,,13509,1,,,0,30,,13510,1,,,0,70,,13511,1,,,0,30,,13512,1,,,0,70,,13513,1,,,0,30,,13514,1,,,0,70,,13515,1,,,0,30,,13522,1,,,0,70,,13516,1,,,0,30,,13523,1,,,0,70,,13517,1,,,0,30,,13524,1,,,0,70,,13518,1,,,0,30,,13525,1,,,0,70,,13519,1,,,0,30,,13526,1,,,0,70,,13520,1,,,0,30,,13527,1,,,0,70,,13521,1,,,0,30,,13528,1,,,0,70,,13531,1,,,0,30,,13529,1,,,0,70,,13532,1,,,0,30,,13530,1,,,0,70,,13533,1,,,0,30,,13534,1,,,0,70,,13502,1,,,0,100,,13503,1,,,0,100,,13504,1,,,0,100,,13505,1,,,0,100,,13506,1,,,0
1469401,'2',705,,13559,1,,,0,100,,13558,1,,,0,100,,13547,1,,,0,100,,13546,1,,,0,100,,13545,1,,,0,30,,13557,1,,,0,70,,13544,1,,,0,30,,13556,1,,,0,70,,13543,1,,,0,30,,13555,1,,,0,70,,13542,1,,,0,30,,13554,1,,,0,70,,13541,1,,,0,33,,13553,1,,,0,70,,13552,1,,,0,30,,13551,1,,,0,70,,13550,1,,,0,30,,13549,1,,,0,70,,13548,1,,,0,30,,13560,1,,,0,70,,13540,1,,,0,100,,13539,1,,,0,100,,13538,1,,,0,100,,13537,1,,,0
1469401,'3',908,,13571,1,,,0,100,,13570,1,,,0,100,,13569,1,,,0,100,,13568,1,,,0,100,,13567,1,,,0,100,,13566,1,,,0,100,,13565,1,,,0,100,,13574,1,,,0,100,,13573,1,,,0,100,,13572,1,,,0,100,,13564,1,,,0,100,,13563,1,,,0,100,,13562,1,0,16,0
1470401,'1',638,,15138,1,,,0,70,,15137,1,,,0,30,,15139,1,,,0,70,,15136,1,,,0,30,,15135,1,,,0
1473200,'1',655,,16630,8,,,0,70,,16629,8,,,0,30,,16628,8,,,0,70,,16627,8,,,0,30,,16626,8,,,0,70,,16625,8,,,0,30,,16624,8,,,0,70,,16623,8,,,0,30,,16622,8,,,0,70,,16621,8,,,0,30,,16620,8,,,0,70,,16619,8,,,0,30,,16618,8,,,0,70,,16617,8,,,0,30,,16616,8,,,0,70,,16615,8,,,0,30,,16614,8,,,0,70,,16613,8,,,0,30,,16612,8,,,0,70,,16611,8,,,0,30,,16610,8,,,0,70,,16609,8,,,0,30,,16608,8,,,0,70,,16607,8,,,0,30,,16632,8,,,0,98,3,16606,8,,,0,100,3,16605,8,,,0,100,3,16604,8,,,0,100,3,16603,8,,,0
1473200,'2',653,3,16656,8,,,0,100,3,16655,8,,,0,100,3,16654,8,,,0,100,3,16653,8,,,0,100,3,16652,8,,,0,70,3,16651,8,,,0,30,3,16650,8,,,0,70,3,16649,8,,,0,30,3,16648,8,,,0,70,3,16647,8,,,0,30,3,16646,8,,,0,70,3,16645,8,,,0,30,3,16644,8,,,0,70,3,16643,8,,,0,30,3,16642,8,,,0,70,3,16641,8,,,0,30,3,16640,8,,,0,70,3,16639,8,,,0,30,3,16638,8,,,0,70,3,16637,8,,,0,30,3,16657,8,,,0,100,3,16636,8,,,0,100,3,16635,8,,,0,100,3,16634,8,,,0
1473200,'3',853,3,16670,8,,,0,100,3,16669,8,,,0,100,3,16668,8,,,0,100,3,16667,8,,,0,100,3,16666,8,,,0,100,3,16665,8,,,0,100,3,16664,8,,,0,100,3,16663,8,,,0,100,3,16662,8,,,0,100,3,16661,8,,,0,100,3,16671,8,,,0,100,3,16660,8,,,0,100,3,16659,8,,,0
1473500,'1',633,,17024,11,4,,0,70,,17025,11,4,,0,30,,17026,11,4,,0,70,,17027,11,4,,0,30,,17028,11,4,,0,70,,17029,11,4,,0,30,,17030,11,4,,0,70,,17031,11,4,,0,30,,17032,11,4,,0,70,,17033,11,4,,0,30,,17034,11,4,,0,70,,17035,11,4,,0,30,,17036,11,4,,0,70,,17037,11,4,,0,30,,17038,11,4,,0,70,,17039,11,4,,0,30,,17040,11,4,,0,70,,17041,11,4,,0,30,,17042,11,4,,0,70,,17043,11,4,,0,30,,17044,11,4,,0,70,,17045,11,4,,0,30,,17046,11,4,,0,70,,17047,11,4,,0,30,,17048,11,4,,0,120,,17050,11,4,,0,100,,17051,11,4,,0,100,,17052,11,4,,0,100,,17053,11,4,,0,100,,17054,11,4,,0
1473500,'2',653,,17062,11,4,,0,100,,17063,11,4,,0,100,,17064,11,4,,0,100,,17065,11,4,,0,149,,17066,11,4,,0,30,,17067,11,4,,0,70,,17068,11,4,,0,30,,17069,11,4,,0,70,,17070,11,4,,0,30,,17071,11,4,,0,70,,17072,11,4,,0,30,,17073,11,4,,0,70,,17074,11,4,,0,30,,17075,11,4,,0,70,,17076,11,4,,0,30,,17077,11,4,,0,70,,17078,11,4,,0,30,,17079,11,4,,0,70,,17080,11,4,,0,30,,17081,11,4,,0,121,,17056,11,4,,0,100,,17057,11,4,,0,100,,17058,11,4,,0,100,,17059,11,4,,0,100,,17061,11,4,,0
1473500,'3',853,,17086,11,4,,0,100,,17087,11,4,,0,100,,17088,11,4,,0,100,,17089,11,4,,0,100,,17090,11,4,,0,100,,17091,11,4,,0,100,,17092,11,4,,0,100,,17093,11,4,,0,100,,17094,11,4,,0,100,,17095,11,4,,0,100,,17096,11,4,,0,100,,17083,11,4,,0,100,,17084,11,4,,0
1473600,'1',610,,17199,8,,,0,30,,17200,8,,,0,70,,17198,8,,,0,30,,17197,8,,,0,70,,17196,8,,,0,30,,17195,8,,,0,70,,17194,8,,,0,30,,17193,8,,,0,70,,17192,8,,,0,30,,17191,8,,,0,70,,17190,8,,,0,30,,17189,8,,,0,70,,17188,8,,,0,30,,17187,8,,,0,70,,17186,8,,,0,30,,17185,8,,,0,70,,17184,8,,,0,30,,17183,8,,,0,70,,17182,8,,,0,30,,17181,8,,,0,70,,17180,8,,,0,30,,17179,8,,,0,70,,17178,8,,,0,30,,17177,8,,,0,70,,17176,8,,,0,30,,17175,8,,,0,85,5,17174,8,,,0,100,5,17173,8,,,0,100,5,17170,8,,,0,200,5,17171,8,4,,0
1473600,'2',625,5,17229,8,,,0,100,5,17228,8,,,0,100,5,17227,8,,,0,100,5,17226,8,,,0,100,5,17225,8,,,0,85,5,17224,8,,,0,30,5,17223,8,,,0,70,5,17222,8,,,0,30,5,17221,8,,,0,70,5,17220,8,,,0,30,5,17219,8,,,0,70,5,17218,8,,,0,30,5,17217,8,,,0,70,5,17216,8,,,0,30,5,17215,8,,,0,70,5,17214,8,,,0,30,5,17213,8,,,0,70,5,17212,8,,,0,30,5,17211,8,,,0,70,5,17210,8,,,0,30,5,17209,8,,,0,85,5,17208,8,,,0,100,5,17207,8,,,0,100,5,17204,8,,,0
1473600,'3',825,,17236,1,,,0,100,5,17235,8,,,0,100,5,17234,8,,,0,100,5,17237,8,,,0,100,5,17238,8,,,0,100,5,17239,8,,,0,100,5,17240,8,,,0,100,5,17241,8,,,0,100,5,17242,8,,,0,100,5,17243,8,,,0,100,5,17244,8,,,0,100,5,17233,8,,,0,100,5,17232,8,,,0,95,,17231,8,,,0
