1441800,'1',623,,3342,,,0,80,,3343,,,0,40,,3344,,,0,80,,3345,,,0,80,,3346,,,0,40,,3347,,,0,80,,3348,,,0,80,,3349,,,0,40,,3350,,,0,80,,3351,,,0,80,,3352,,,0,40,,3353,,,0,80,,3354,,,0,80,,3355,,,0,40,,3356,,,0,80,,3357,,,0,80,,3358,,,0,40,,3359,,,0,80,,3360,,,0,80,,3361,,,0,40,,3362,,,0,80,,3363,,,0,80,,3364,,,0,40,,3365,,,0,80,,3366,,,0,80,,3367,,,0,40,,3368,,,0,80,,3369,,,0
1441800,'1201',1500,,3372,,,0,121,,3370,,,0
1441800,'2',623,,3374,,,0,80,,3375,,,0,40,,3376,,,0,80,,3377,,,0,80,,3378,,,0,40,,3379,,,0,80,,3380,,,0,80,,3381,,,0,40,,3382,,,0,80,,3383,,,0,80,,3384,,,0,40,,3385,,,0,80,,3386,,,0,80,,3387,,,0,40,,3388,,,0,80,,3389,,,0,80,,3390,,,0,40,,3391,,,0,80,,3392,,,0,80,,3393,,,0,40,,3394,,,0,80,,3395,,,0,80,,3396,,,0,40,,3397,,,0,80,,3398,,,0,80,,3399,,,0,40,,3400,,,0,80,,3401,,,0
1441800,'3',903,,3402,,,0,40,,3403,,,0,80,,3404,,,0,80,,3405,,,0,40,,3406,,,0,80,,3407,,,0,80,,3408,,,0,40,,3409,,,0,80,,3410,,,0,80,,3411,,,0,40,,3412,,,0,80,,3413,,,0,80,,3414,,,0,40,,3415,,,0,80,,3416,,,0,80,,3417,,,0,40,,3418,,,0,80,,3419,,,0,80,,3420,,,0,35,,3421,,,0
1443700,'1',615,,4363,4,,0,40,,4347,4,,0,80,,4348,4,,0,80,,4349,4,,0,40,,4350,4,,0,80,,4351,4,,0,80,,4352,4,,0,40,,4353,4,,0,80,,4354,4,,0,80,,4355,4,,0,90,,4356,4,,0,40,,4357,4,,0,160,,4358,4,,0,40,,4359,4,,0,80,,4360,4,,0,120,,4361,4,,0,70,,4362,4,,0
1443700,'10801',1425,,4365,4,,0,280,,4364,4,,0,150,,4366,4,,0
1443700,'1201',1425,,4367,4,,0,280,,4368,4,,0,150,,4369,4,,0
1443701,'1',615,,4370,,,0,40,,4371,,,0,80,,4372,,,0,80,,4373,,,0,40,,4374,,,0,80,,4375,,,0,80,,4376,,,0,40,,4377,,,0,80,,4378,,,0,80,,4379,,,0,90,,4380,,,0,40,,4381,,,0,160,,4382,,,0,40,,4383,,,0,80,,4384,,,0,120,,4385,,,0,70,,4386,,,0
1443701,'10801',1425,,4388,,,0,280,,4387,,,0
1443701,'1201',1425,,4389,,,0,280,,4390,,,0
