1439800,'1',613,,64,,,0,30,,63,,,0,70,,33,,,0,30,,34,,,0,70,,35,,,0,30,,36,,,0,70,,37,,,0,30,,38,,,0,70,,39,,,0,30,,40,,,0,70,,41,,,0,30,,42,,,0,70,,43,,,0,30,,44,,,0,70,,45,,,0,30,,46,,,0,70,,47,,,0,30,,48,,,0,70,,49,,,0,30,,50,,,0,70,,51,,,0,30,,52,,,0,70,,53,,,0,30,,54,,,0,70,,55,,,0,30,,56,,,0,70,,57,,,0,100,,58,,,0,100,,59,,,0,100,,60,,,0,100,,61,,,0,100,,62,,,0
1439800,'2',715,,91,,,0,98,,92,,,0,100,,93,,,0,100,,94,,,0,100,,95,,,0,30,,96,,,0,70,,97,,,0,30,,98,,,0,70,,99,,,0,30,,100,,,0,70,,101,,,0,30,,102,,,0,70,,103,,,0,30,,104,,,0,70,,105,,,0,30,,106,,,0,70,,107,,,0,30,,108,,,0,70,,109,,,0,30,,110,,,0,70,,111,,,0,100,,112,,,0,100,,113,,,0,100,,114,,,0,100,,115,,,0,100,,116,,,0
1439800,'3',913,,130,,,0,100,,131,,,0,100,,132,,,0,100,,133,,,0,100,,134,,,0,100,,135,,,0,100,,136,,,0,100,,137,,,0,100,,138,,,0,100,,139,,,0,100,,140,,,0,100,,141,,,0,100,,142,,,0
1439901,'1',647,,353,,,0,60,,354,,,0,40,,355,,,0,60,,356,,,0,40,,357,,,0,60,,358,,,0,40,,359,,,0,60,,360,,,0,20,,361,,,0,20,,362,,,0,60,,363,,,0,20,,364,,,0,20,,365,,,0,60,,366,,,0,20,,367,,,0,20,,368,,,0,60,,369,,,0,20,,370,,,0,20,,371,,,0,60,,372,,,0,20,,373,,,0,20,,374,,,0,60,,375,,,0,20,,376,,,0,20,,377,,,0,60,,378,,,0,20,,379,,,0,20,,380,,,0,60,,381,,,0,20,,382,,,0,20,,383,,,0,60,,384,,,0,20,,385,,,0,16,,386,,,0,70,,352,,,0,30,,343,,,0,70,,348,,,0,30,,342,,,0,70,,347,,,0,30,,341,,,0,70,,346,,,0,30,,349,,,0,70,,345,,,0,30,,350,,,0,70,,344,,,0,25,,351,,,0
1439901,'10801',627,,387,,,0,100,,388,,,0,100,,389,,,0,100,,390,,,0
1439901,'1201',627,,391,,,0,100,,392,,,0,100,,393,,,0,100,,394,,,0
1439901,'2',643,,395,,,0,70,,408,,,0,30,,409,,,0,70,,410,,,0,30,,411,,,0,70,,412,,,0,30,,413,,,0,70,,414,,,0,30,,415,,,0,64,,416,,,0,40,,417,,,0,60,,418,,,0,20,,419,,,0,20,,420,,,0,60,,421,,,0,20,,422,,,0,20,,423,,,0,60,,424,,,0,20,,425,,,0,20,,426,,,0,60,,427,,,0,20,,428,,,0,20,,429,,,0,60,,430,,,0,20,,431,,,0,20,,432,,,0,60,,433,,,0,20,,434,,,0,20,,435,,,0,60,,436,,,0,20,,437,,,0,16,,438,,,0,70,,407,,,0,30,,401,,,0,70,,406,,,0,30,,400,,,0,70,,405,,,0,30,,399,,,0,70,,404,,,0,30,,398,,,0,70,,403,,,0,30,,397,,,0,70,,402,,,0,25,,396,,,0
1439901,'3',913,,464,,,0,30,,440,,,0,70,,463,,,0,30,,439,,,0,70,,462,,,0,30,,461,,,0,70,,460,,,0,30,,459,,,0,70,,458,,,0,30,,457,,,0,70,,456,,,0,30,,455,,,0,70,,454,,,0,30,,453,,,0,70,,452,,,0,30,,451,,,0,70,,450,,,0,30,,449,,,0,70,,448,,,0,30,,447,,,0,70,,446,,,0,30,,443,,,0,70,,445,,,0,30,,442,,,0,70,,444,,,0,25,,441,,,0
1440601,'1',628,,1789,,,0,14,,1790,,,0,70,,1791,,,0,100,,1792,,,0,100,,1793,,,0,30,,1794,,,0,70,,1800,,,0,30,,1795,,,0,70,,1801,,,0,100,,1802,,,0,30,,1796,,,0,70,,1803,,,0,30,,1797,,,0,70,,1804,,,0,30,,1798,,,0,70,,1805,,,0,30,,1799,,,0,70,,1806,,,0,130,,1807,,,0,100,,1808,,,0,71,,1809,,,0,29,,1783,,,0,100,,1784,,,0,100,,1785,,,0,100,,1786,,,0,100,,1787,,,0
1440601,'10801',742,,1814,,,0,100,,1811,,,0,300,,1815,,,0,500,,1812,,,0,70,,1813,,,0,100,,1810,,,0
1440601,'1201',742,,1816,,,0,100,,1817,,,0,300,,1818,,,0,500,,1821,,,0,70,,1819,,,0,100,,1820,,,0
1440601,'2',642,,1822,,,0,100,,1847,,,0,100,,1846,,,0,100,,1835,,,0,100,,1834,,,0,100,,1833,,,0,70,,1845,,,0,30,,1832,,,0,70,,1844,,,0,30,,1831,,,0,70,,1843,,,0,30,,1830,,,0,70,,1842,,,0,30,,1829,,,0,70,,1841,,,0,30,,1840,,,0,70,,1839,,,0,30,,1838,,,0,70,,1837,,,0,30,,1836,,,0,71,,1848,,,0,29,,1828,,,0,100,,1827,,,0,100,,1826,,,0,100,,1825,,,0,100,,1824,,,0
1440601,'3',842,,1849,,,0,100,,1859,,,0,100,,1858,,,0,100,,1857,,,0,100,,1856,,,0,100,,1855,,,0,100,,1854,,,0,100,,1853,,,0,100,,1862,,,0,100,,1861,,,0,100,,1860,,,0,100,,1852,,,0,100,,1851,,,0
1442201,'1201',1638,,3850,,,0
