500,'1',703,,732,23,,,0,30,,733,23,,,0,70,,734,23,,,0,30,,735,23,,,0,70,,736,23,,,0,30,,737,23,,,0,70,,738,23,,,0,30,,739,23,,,0,70,,740,23,,,0,30,,741,23,,,0,70,,742,23,,,0,30,,743,23,,,0,70,,744,23,,,0,30,,745,23,,,0,70,,746,23,,,0,30,,747,23,,,0,70,,748,23,,,0,30,,749,23,,,0,70,,750,23,,,0,30,,751,23,,,0,70,,752,23,,,0,30,,753,23,,,0,70,,754,23,,,0,30,,755,23,,,0,96,,786,23,,,0,100,,787,23,,,0,100,,788,23,,,0,100,,789,23,,,0
500,'2',729,,821,23,,,0,100,,819,23,,,0,100,,817,23,,,0,105,,815,23,,,0,100,,813,23,,,0,70,,812,23,,,0,30,,811,23,,,0,70,,810,23,,,0,30,,809,23,,,0,100,,808,23,,,0,70,,807,23,,,0,30,,806,23,,,0,70,,805,23,,,0,30,,804,23,,,0,70,,803,23,,,0,30,,802,23,,,0,70,,801,23,,,0,25,,822,23,,,0,100,,834,23,,,0,100,,794,23,,,0,100,,793,23,,,0,100,,792,23,,,0,100,,791,23,,,0
500,'3',929,,851,23,,,0,100,,850,23,,,0,100,,848,23,,,0,100,,847,23,,,0,100,,846,23,,,0,100,,845,23,,,0,100,,844,23,,,0,100,,843,23,,,0,100,,842,23,,,0,100,,852,23,,,0,100,,860,23,,,0,100,,838,23,,,0,100,,837,23,,,0
6001,'1',628,,4789,11,,,0,30,,4813,11,,,0,70,,4812,11,,,0,30,,4811,11,,,0,70,,4810,11,,,0,30,,4809,11,,,0,70,,4808,11,,,0,30,,4807,11,,,0,70,,4806,11,,,0,30,,4805,11,,,0,70,,4804,11,,,0,30,,4803,11,,,0,70,,4802,11,,,0,30,,4801,11,,,0,70,,4800,11,,,0,30,,4799,11,,,0,70,,4798,11,,,0,30,,4797,11,,,0,70,,4796,11,,,0,30,,4795,11,,,0,70,,4794,11,,,0,30,,4793,11,,,0,70,,4818,11,,,0,30,,4819,11,,,0,70,,4792,11,,,0,100,,4791,11,,,0,100,,4814,11,,,0,100,,4815,11,,,0,100,,4816,11,,,0
6001,'12901',1625,,4820,11,,,0,30,,4821,11,,,0
6001,'2',728,,4846,11,,,0,100,,4839,11,,,0,100,,4838,11,,,0,100,,4837,11,,,0,100,,4836,11,,,0,30,,4835,11,,,0,70,,4834,11,,,0,30,,4833,11,,,0,70,,4832,11,,,0,30,,4831,11,,,0,70,,4830,11,,,0,30,,4829,11,,,0,70,,4828,11,,,0,30,,4827,11,,,0,70,,4826,11,,,0,30,,4825,11,,,0,70,,4844,11,,,0,30,,4845,11,,,0,70,,4824,11,,,0,100,,4823,11,,,0,100,,4840,11,,,0,100,,4841,11,,,0,100,,4842,11,,,0
6001,'3',928,,4857,11,,,0,100,,4856,11,,,0,100,,4855,11,,,0,100,,4854,11,,,0,100,,4853,11,,,0,100,,4852,11,,,0,100,,4851,11,,,0,100,,4850,11,,,0,100,,4860,11,,,0,100,,4849,11,,,0,100,,4848,11,,,0,100,,4858,11,,,0,100,,4859,11,,,0
6501,'1',643,,5394,11,,,0,70,,5393,11,,,0,30,,5392,11,,,0,70,,5391,11,,,0,30,,5390,11,,,0,70,,5389,11,,,0,30,,5388,11,,,0,70,,5387,11,,,0,30,,5386,11,,,0,70,,5385,11,,,0,30,,5384,11,,,0,70,,5383,11,,,0,30,,5382,11,,,0,70,,5381,11,,,0,30,,5380,11,,,0,70,,5379,11,,,0,30,,5378,11,,,0,70,,5377,11,,,0,30,,5376,11,,,0,70,,5375,11,,,0,30,,5374,11,,,0,67,,5395,11,0,6 15,0,3,,5373,11,,,0,30,,5372,11,,,0,70,,5371,11,,,0,30,,5370,11,,,0,15,,5363,11,,,0,100,,5369,11,,,0,100,,5368,11,,,0,100,,5367,11,,,0,100,,5366,11,,,0
6501,'12901',1558,,5396,11,0,6 15,0
6501,'2',658,,5422,11,,,0,100,,5421,11,,,0,100,,5420,11,,,0,100,,5419,11,,,0,100,,5418,11,,,0,55,,5417,11,,,0,30,,5416,11,,,0,70,,5415,11,,,0,30,,5414,11,,,0,70,,5413,11,,,0,30,,5412,11,,,0,70,,5411,11,,,0,30,,5410,11,,,0,70,,5409,11,,,0,30,,5408,11,,,0,70,,5407,11,,,0,30,,5406,11,,,0,70,,5405,11,,,0,30,,5404,11,,,0,70,,5403,11,,,0,30,,5402,11,,,0,115,,5401,11,,,0,100,,5400,11,,,0,100,,5399,11,,,0
6501,'3',858,,5428,11,,,0,100,,5427,11,,,0,100,,5426,11,,,0,100,,5429,11,,,0,100,,5430,11,,,0,100,,5431,11,,,0,100,,5432,11,,,0,100,,5433,11,,,0,100,,5434,11,,,0,100,,5435,11,,,0,100,,5423,11,,,0,100,,5425,11,,,0,100,,5424,11,,,0
