500,'1',647,,732,4,,,0,70,,733,4,,,0,30,,734,4,,,0,70,,735,4,,,0,30,,736,4,,,0,70,,737,4,,,0,30,,738,4,,,0,70,,739,4,,,0,30,,740,4,,,0,70,,741,4,,,0,30,,742,4,,,0,70,,743,4,,,0,30,,744,4,,,0,70,,745,4,,,0,30,,746,4,,,0,70,,747,4,,,0,30,,748,4,,,0,70,,749,4,,,0,30,,750,4,,,0,70,,751,4,,,0,30,,752,4,,,0,70,,753,4,,,0,30,,754,4,,,0,70,,755,4,,,0,100,,786,4,,,0,100,,787,4,,,0,100,,788,4,,,0,100,,789,4,,,0,100,,790,4,,,0
500,'2',717,,821,4,,,0,100,,819,4,,,0,100,,817,4,,,0,100,,815,4,,,0,100,,813,4,,,0,30,,812,4,,,0,70,,811,4,,,0,30,,810,4,,,0,170,,808,4,,,0,30,,807,4,,,0,70,,806,4,,,0,30,,805,4,,,0,70,,804,4,,,0,30,,803,4,,,0,70,,802,4,,,0,30,,801,4,,,0,70,,822,4,,,0,100,,834,4,,,0,100,,794,4,,,0,100,,793,4,,,0,100,,792,4,,,0
500,'3',917,,851,4,,,0,100,,850,4,,,0,100,,848,4,,,0,100,,847,4,,,0,100,,846,4,,,0,100,,845,4,,,0,100,,844,4,,,0,100,,843,4,,,0,100,,842,4,,,0,100,,852,4,,,0,100,,860,4,,,0,100,,838,4,,,0,101,,837,4,,,0
2200,'1',1532,,3290,4,,,0,70,,3286,4,,,0,30,,3287,4,,,0,70,,3288,4,,,0,30,,3289,4,,,0
2200,'13001',1532,,3291,4,,,0
3000,'1',609,,3695,4,,,0,40,,3697,4,,,0,81,,3699,4,,,0,80,,3700,4,,,0,40,,3701,4,,,0,82,,3702,4,,,0,80,,3703,4,,,0,40,,3704,4,,,0,80,,3705,4,,,0,80,,3706,4,,,0,40,,3707,4,,,0,363,,3708,4,,,0,40,,3709,4,,,0,80,,3710,4,,,0,80,,3711,4,,,0,37,,3688,4,,,0,95,,3689,4,,,0,100,,3690,4,,,0,100,,3691,4,,,0,100,,3692,4,,,0
3000,'2',750,,3738,4,,,0,100,,3739,4,,,0,100,,3740,4,,,0,105,,3741,4,,,0,80,,3742,4,,,0,80,,3743,4,,,0,40,,3744,4,,,0,80,,3745,4,,,0,80,,3746,4,,,0,40,,3747,4,,,0,80,,3748,4,,,0,80,,3749,4,,,0,40,,3750,4,,,0,80,,3751,4,,,0,80,,3752,4,,,0,35,,3734,4,,,0,100,,3735,4,,,0
3000,'3',850,,3781,4,,,0,100,,3782,4,,,0,100,,3783,4,,,0,100,,3784,4,,,0,100,,3785,4,,,0,100,,3786,4,,,0,100,,3787,4,,,0,100,,3788,4,,,0,100,,3789,4,,,0,100,,3790,4,,,0,100,,3791,4,,,0,100,,3792,4,,,0,100,,3793,4,,,0
3500,'1',628,,3881,4,,,0,81,,3882,4,,,0,40,,3883,4,,,0,80,,3884,4,,,0,80,,3885,4,,,0,43,,3886,4,,,0,80,,3887,4,,,0,80,,3888,4,,,0,40,,3889,4,,,0,80,,3890,4,,,0,80,,3891,4,,,0,40,,3892,4,,,0,80,,3893,4,,,0,83,,3894,4,,,0,40,,3895,4,,,0,80,,3896,4,,,0,80,,3897,4,,,0,40,,3898,4,,,0,77,,3899,4,,,0,85,,3857,4,,,0,100,,3858,4,,,0,100,,3859,4,,,0
3500,'2',718,,3926,4,,,0,100,,3927,4,,,0,100,,3928,4,,,0,100,,3929,4,,,0,95,,3930,4,,,0,40,,3931,4,,,0,80,,3932,4,,,0,80,,3933,4,,,0,40,,3934,4,,,0,80,,3935,4,,,0,80,,3936,4,,,0,40,,3937,4,,,0,80,,3938,4,,,0,80,,3939,4,,,0,40,,3940,4,,,0,165,,3906,4,,,0,100,,3907,4,,,0,100,,3908,4,,,0
3500,'3',918,,3952,4,,,0,100,,3953,4,,,0,100,,3954,4,,,0,100,,3955,4,,,0,100,,3956,4,,,0,100,,3957,4,,,0,100,,3958,4,,,0,100,,3959,4,,,0,100,,3960,4,,,0,100,,3961,4,,,0,100,,3964,4,,,0,100,,3965,4,,,0,100,,3966,4,,,0
