5001,'1',636,,4537,15,,,0,80,,4538,15,,,0,40,,4539,15,,,0,80,,4540,15,,,0,80,,4541,15,,,0,40,,4542,15,,,0,80,,4543,15,,,0,80,,4544,15,,,0,40,,4545,15,,,0,80,,4546,15,,,0,80,,4547,15,,,0,40,,4548,15,,,0,80,,4549,15,,,0,80,,4550,15,,,0,40,,4551,15,,,0,80,,4552,15,,,0,80,,4553,15,,,0,40,,4554,15,,,0,80,,4555,15,,,0,84,,4556,15,,,0,100,,4557,15,,,0,100,,4558,15,,,0
5001,'12901',835,,4561,6,,,0,80,,4562,6,,,0
5001,'2',720,,4563,15,,,0,100,,4564,15,,,0,100,,4565,15,,,0,100,,4566,15,,,0,96,,4567,15,,,0,40,,4568,15,,,0,80,,4569,15,,,0,80,,4570,15,,,0,40,,4571,15,,,0,80,,4572,15,,,0,80,,4573,15,,,0,40,,4574,15,,,0,80,,4575,15,,,0,80,,4576,15,,,0,40,,4577,15,,,0,80,,4578,15,,,0,84,,4579,15,,,0,100,,4580,15,,,0,100,,4581,15,,,0
5001,'3',920,,4586,15,,,0,100,,4587,15,,,0,100,,4588,15,,,0,100,,4589,15,,,0,100,,4590,15,,,0,100,,4591,15,,,0,100,,4592,15,,,0,100,,4593,15,,,0,100,,4594,15,,,0,100,,4595,15,,,0,100,,4583,15,,,0,100,,4584,15,,,0,97,,4585,15,,,0
5501,'1',616,,4681,16,,,0,40,,4657,16,,,0,80,,4658,16,,,0,80,,4659,16,,,0,40,,4660,16,,,0,80,,4661,16,,,0,80,,4662,16,,,0,40,,4663,16,,,0,80,,4664,16,,,0,80,,4665,16,,,0,40,,4666,16,,,0,80,,4667,16,,,0,80,,4668,16,,,0,40,,4669,16,,,0,80,,4670,16,,,0,80,,4671,16,,,0,40,,4672,16,,,0,80,,4673,16,,,0,80,,4674,16,,,0,34,,4675,16,,,0,100,,4676,16,,,0,100,,4677,16,,,0,100,,4678,16,,,0,100,,4679,16,,,0
5501,'12901',735,,4684,6,,,0,120,,4682,6,,,0,80,,4683,6,,,0
5501,'13001',855,,4686,6,,,0,80,,4685,6,,,0
5501,'2',650,,4706,16,,,0,100,,4687,16,,,0,100,,4688,16,,,0,100,,4689,16,,,0,100,,4690,16,,,0,92,,4691,16,,,0,74,,4692,16,,,0,40,,4693,16,,,0,80,,4694,16,,,0,80,,4695,16,,,0,40,,4696,16,,,0,80,,4697,16,,,0,80,,4698,16,,,0,40,,4699,16,,,0,80,,4700,16,,,0,80,,4701,16,,,0,34,,4702,16,,,0,100,,4703,16,,,0,100,,4704,16,,,0,100,,4705,16,,,0
5501,'3',950,,4707,16,,,0,100,,4708,16,,,0,100,,4709,16,,,0,100,,4710,16,,,0,100,,4711,16,,,0,100,,4712,16,,,0,100,,4713,16,,,0,100,,4714,16,,,0,100,,4715,16,,,0,100,,4716,16,,,0,100,,4717,16,,,0,100,,4718,16,,,0
8401,'1',549,,5579,14,,,0,79,,5580,14,,,0,28,,5581,14,,,0,72,,5582,14,,,0,28,,5583,14,,,0,68,,5584,14,,,0,28,,5585,14,,,0,67,,5586,14,,,0,27,,5587,14,,,0,75,,5588,14,,,0,35,,5589,14,,,0,75,,5590,14,,,0,75,,5591,14,,,0,35,,5592,14,,,0,75,,5593,14,,,0,35,,5594,14,,,0,75,,5595,14,,,0,33,,5596,14,,,0,77,,5597,14,,,0,73,,5598,14,,,0,27,,5599,14,,,0,68,,5600,14,,,0,28,,5601,14,,,0,68,,5602,14,,,0,28,,5603,14,,,0,24,,5604,14,,,0,80,,5605,14,,,0,80,,5606,14,,,0,40,,5607,14,,,0,80,,5608,14,,,0,80,,5609,14,,,0
8401,'2',705,,5611,14,,,0,40,,5612,14,,,0,80,,5613,14,,,0,80,,5614,14,,,0,40,,5615,14,,,0,80,,5616,14,,,0,80,,5617,14,,,0,40,,5618,14,,,0,65,,5619,14,,,0,21,,5620,14,,,0,69,,5621,14,,,0,25,,5622,14,,,0,25,,5623,14,,,0,65,,5624,14,,,0,25,,5625,14,,,0,65,,5626,14,,,0,25,,5627,14,,,0,25,,5628,14,,,0,65,,5629,14,,,0,25,,5630,14,,,0,65,,5631,14,,,0,25,,5632,14,,,0,65,,5633,14,,,0,25,,5634,14,,,0,25,,5635,14,,,0,67,,5636,14,,,0,40,,5637,14,,,0,80,,5638,14,,,0,80,,5639,14,,,0,40,,5640,14,,,0,80,,5641,14,,,0,80,,5642,14,,,0
8401,'3',850,,5644,14,,,0,80,,5645,14,,,0,80,,5646,14,,,0,40,,5647,14,,,0,80,,5648,14,,,0,80,,5649,14,,,0,40,,5650,14,,,0,80,,5651,14,,,0,80,,5652,14,,,0,40,,5653,14,,,0,80,,5654,14,,,0,80,,5655,14,,,0,40,,5656,14,,,0,80,,5657,14,,,0,80,,5658,14,,,0,40,,5659,14,,,0,80,,5660,14,,,0,80,,5661,14,,,0,40,,5662,14,,,0,80,,5663,14,,,0
