800,'1',633,,1228,19,,,0,10,,1232,19,,,0,10,,1236,19,,,0,50,,1239,19,,,0,10,,1242,19,,,0,13,,1229,19,,,0,10,,1233,19,,,0,10,,1237,19,,,0,10,,1240,19,,,0,50,,1243,19,,,0,10,,1230,19,,,0,10,,1234,19,,,0,10,,1238,19,,,0,10,,1241,19,,,0,10,,1244,19,,,0,50,,1231,19,,,0,10,,1235,19,,,0,9,,1245,19,,,0,10,,1253,19,,,0,10,,1260,19,,,0,10,,1267,19,,,0,50,,1274,19,,,0,10,,1246,19,,,0,10,,1254,19,,,0,10,,1261,19,,,0,10,,1268,19,,,0,10,,1275,19,,,0,50,,1247,19,,,0,10,,1255,19,,,0,10,,1262,19,,,0,10,,1269,19,,,0,10,,1276,19,,,0,10,,1248,19,,,0,50,,1256,19,,,0,10,,1263,19,,,0,10,,1270,19,,,0,10,,1277,19,,,0,10,,1249,19,,,0,10,,1257,19,,,0,50,,1264,19,,,0,10,,1271,19,,,0,10,,1278,19,,,0,10,,1250,19,,,0,10,,1258,19,,,0,10,,1265,19,,,0,50,,1272,19,,,0,10,,1279,19,,,0,10,,1251,19,,,0,10,,1259,19,,,0,10,,1266,19,,,0,10,,1273,19,,,0,50,,1280,19,,,0,10,,1252,19,,,0,13,,1281,19,,,0,10,,1285,19,,,0,10,,1289,19,,,0,10,,1293,19,,,0,50,,1296,19,,,0,10,,1282,19,,,0,10,,1286,19,,,0,10,,1290,19,,,0,10,,1294,19,,,0,10,,1297,19,,,0,50,,1283,19,,,0,10,,1287,19,,,0,10,,1291,19,,,0,10,,1295,19,,,0,10,,1298,19,,,0,10,,1284,19,,,0,50,,1288,19,,,0,10,,1292,19,,,0,10,,1299,19,,,0,10,,1300,19,,,0,10,,1301,19,,,0,6,,1302,19,,,0,52,,1303,19,,,0,22,,1304,19,,,0,22,,1305,19,,,0,62,,1306,19,,,0,22,,1307,19,,,0,22,,1308,19,,,0,60,,1309,19,,,0,22,,1310,19,,,0,62,,1311,19,,,0,22,,1312,19,,,0,22,,1313,19,,,0,62,,1314,19,,,0
800,'2',640,,1317,19,,,0,62,,1371,19,,,0,22,,1318,19,,,0,22,,1319,19,,,0,62,,1320,19,,,0,22,,1321,19,,,0,22,,1322,19,,,0,62,,1323,19,,,0,22,,1324,19,,,0,22,,1325,19,,,0,62,,1326,19,,,0,22,,1327,19,,,0,62,,1328,19,,,0,23,,1329,19,,,0,22,,1330,19,,,0,55,,1331,19,,,0,15,,1332,19,,,0,15,,1333,19,,,0,15,,1334,19,,,0,55,,1335,19,,,0,15,,1336,19,,,0,15,,1337,19,,,0,15,,1338,19,,,0,55,,1339,19,,,0,15,,1340,19,,,0,15,,1341,19,,,0,15,,1342,19,,,0,55,,1343,19,,,0,15,,1344,19,,,0,15,,1345,19,,,0,15,,1346,19,,,0,55,,1347,19,,,0,15,,1348,19,,,0,15,,1349,19,,,0,15,,1350,19,,,0,55,,1351,19,,,0,15,,1352,19,,,0,15,,1353,19,,,0,15,,1354,19,,,0,55,,1355,19,,,0,15,,1356,19,,,0,15,,1357,19,,,0,14,,1358,19,,,0,55,,1359,19,,,0,22,,1360,19,,,0,22,,1361,19,,,0,62,,1362,19,,,0,22,,1363,19,,,0,22,,1364,19,,,0,62,,1365,19,,,0,22,,1366,19,,,0,22,,1367,19,,,0,62,,1368,19,,,0,22,,1369,19,,,0
800,'3',904,,1372,19,,,0,22,,1373,19,,,0,22,,1374,19,,,0,62,,1375,19,,,0,22,,1376,19,,,0,22,,1377,19,,,0,62,,1378,19,,,0,22,,1379,19,,,0,62,,1380,19,,,0,22,,1381,19,,,0,22,,1382,19,,,0,62,,1383,19,,,0,22,,1384,19,,,0,22,,1385,19,,,0,62,,1386,19,,,0,22,,1387,19,,,0,22,,1388,19,,,0,62,,1389,19,,,0,22,,1390,19,,,0,62,,1391,19,,,0,22,,1392,19,,,0,22,,1393,19,,,0,62,,1394,19,,,0,22,,1395,19,,,0,22,,1396,19,,,0,62,,1397,19,,,0,22,,1398,19,,,0,22,,1399,19,,,0,62,,1400,19,,,0,22,,1401,19,,,0,62,,1402,19,,,0,22,,1403,19,,,0,22,,1404,19,,,0,62,,1405,19,,,0,22,,1406,19,,,0
5000,'1',645,,4477,5,,,0,80,,4478,5,,,0,80,,4479,5,,,0,40,,4480,5,,,0,80,,4481,5,,,0,80,,4482,5,,,0,40,,4483,5,,,0,80,,4484,5,,,0,80,,4485,5,,,0,40,,4486,5,,,0,80,,4487,5,,,0,80,,4488,5,,,0,40,,4489,5,,,0,80,,4490,5,,,0,80,,4491,5,,,0,40,,4492,5,,,0,80,,4493,5,,,0,80,,4494,5,,,0,40,,4495,5,,,0,103,,4496,5,,,0,100,,4497,5,,,0,100,,4498,5,,,0,100,,4499,5,,,0,100,,4500,5,,,0
5000,'2',648,,4502,5,,,0,100,,4503,5,,,0,100,,4504,5,,,0,100,,4505,5,,,0,99,,4506,5,,,0,78,,4507,5,,,0,80,,4508,5,,,0,40,,4509,5,,,0,80,,4510,5,,,0,80,,4511,5,,,0,40,,4512,5,,,0,80,,4513,5,,,0,80,,4514,5,,,0,40,,4515,5,,,0,80,,4516,5,,,0,80,,4517,5,,,0,40,,4518,5,,,0,103,,4519,5,,,0,100,,4520,5,,,0,100,,4521,5,,,0,100,,4522,5,,,0
5000,'3',948,,4524,5,,,0,100,,4525,5,,,0,100,,4528,5,,,0,100,,4529,5,,,0,100,,4530,5,,,0,100,,4531,5,,,0,100,,4532,5,,,0,100,,4533,5,,,0,100,,4534,5,,,0,100,,4535,5,,,0,100,,4526,5,,,0,100,,4527,5,,,0
5500,'1',625,,4596,5,,,0,80,,4597,5,,,0,40,,4598,5,,,0,80,,4599,5,,,0,80,,4600,5,,,0,40,,4601,5,,,0,80,,4602,5,,,0,80,,4603,5,,,0,40,,4604,5,,,0,80,,4605,5,,,0,80,,4606,5,,,0,40,,4607,5,,,0,80,,4608,5,,,0,80,,4609,5,,,0,40,,4610,5,,,0,80,,4611,5,,,0,80,,4612,5,,,0,40,,4613,5,,,0,80,,4614,5,,,0,80,,4615,5,,,0,113,,4616,5,,,0,100,,4617,5,,,0,100,,4618,5,,,0
5500,'1201',1615,,4622,5,,,0
5500,'12901',1615,,4623,5,,,0
5500,'2',818,,4624,5,,,0,100,,4625,5,,,0,100,,4626,5,,,0,97,,4627,5,,,0,30,,4628,5,,,0,80,,4629,5,,,0,80,,4630,5,,,0,40,,4631,5,,,0,80,,4632,5,,,0,80,,4633,5,,,0,40,,4634,5,,,0,80,,4635,5,,,0,80,,4636,5,,,0,40,,4637,5,,,0,80,,4638,5,,,0,80,,4639,5,,,0,113,,4640,5,,,0,100,,4641,5,,,0,100,,4642,5,,,0
5500,'3',918,,4644,5,,,0,100,,4645,5,,,0,100,,4646,5,,,0,100,,4647,5,,,0,100,,4648,5,,,0,100,,4649,5,,,0,100,,4650,5,,,0,100,,4651,5,,,0,100,,4652,5,,,0,100,,4653,5,,,0,100,,4654,5,,,0,100,,4655,5,,,0,99,,4656,5,,,0
