4300,'1',622,,4021,9,,,0,30,,4022,9,,,0,67,,4023,9,,,0,30,,4024,9,,,0,70,,4025,9,,,0,30,,4026,9,,,0,69,,4027,9,,,0,27,,4028,9,,,0,70,,4029,9,,,0,30,,4030,9,,,0,70,,4031,9,,,0,30,,4032,9,,,0,70,,4033,9,,,0,30,,4034,9,,,0,70,,4035,9,,,0,30,,4036,9,,,0,70,,4037,9,,,0,30,,4038,9,,,0,68,,4039,9,,,0,30,,4040,9,,,0,70,,4041,9,,,0,30,,4042,9,,,0,70,,4043,9,,,0,30,,4044,9,,,0,70,,4045,9,,,0,28,,4046,9,,,0,70,,4047,9,,,0,100,,4048,9,,,0,100,,4049,9,,,0,100,,4050,9,,,0
4300,'2',641,,4052,9,,,0,100,,4053,9,,,0,100,,4054,9,,,0,100,,4055,9,,,0,100,,4056,9,,,0,70,,4070,9,,,0,30,,4057,9,,,0,70,,4071,9,,,0,30,,4058,9,,,0,100,,4059,9,,,0,70,,4073,9,,,0,30,,4060,9,,,0,70,,4074,9,,,0,30,,4061,9,,,0,70,,4075,9,,,0,30,,4062,9,,,0,70,,4076,9,,,0,30,,4063,9,,,0,70,,4077,9,,,0,30,,4064,9,,,0,100,,4065,9,,,0,100,,4066,9,,,0,100,,4067,9,,,0,100,,4068,9,,,0
4300,'3',841,,4078,9,,,0,100,,4079,9,,,0,100,,4080,9,,,0,100,,4081,9,,,0,100,,4082,9,,,0,100,,4083,9,,,0,100,,4084,9,,,0,100,,4085,9,,,0,100,,4086,9,,,0,100,,4087,9,,,0,100,,4088,9,,,0,100,,4089,9,,,0,100,,4090,9,,,0,100,,4091,9,,,0
4400,'1',629,,4161,9,,,0,30,,4162,9,,,0,67,,4163,9,,,0,30,,4164,9,,,0,70,,4165,9,,,0,30,,4166,9,,,0,69,,4167,9,,,0,28,,4168,9,,,0,70,,4169,9,,,0,30,,4170,9,,,0,70,,4171,9,,,0,30,,4172,9,,,0,70,,4173,9,,,0,30,,4174,9,,,0,70,,4175,9,,,0,30,,4176,9,,,0,70,,4177,9,,,0,30,,4178,9,,,0,68,,4179,9,,,0,30,,4180,9,,,0,70,,4181,9,,,0,30,,4182,9,,,0,70,,4183,9,,,0,30,,4184,9,,,0,100,,4185,9,,,0,100,,4186,9,,,0,100,,4187,9,,,0,100,,4188,9,,,0,100,,4189,9,,,0,101,,4190,9,,,0
4400,'2',721,,4200,9,,,0,100,,4199,9,,,0,100,,4198,9,,,0,100,,4197,9,,,0,100,,4202,9,,,0,30,,4203,9,,,0,70,,4204,9,,,0,30,,4205,9,,,0,70,,4206,9,,,0,30,,4207,9,,,0,70,,4208,9,,,0,30,,4209,9,,,0,70,,4210,9,,,0,30,,4211,9,,,0,100,,4212,9,,,0,70,,4213,9,,,0,30,,4214,9,,,0,70,,4215,9,,,0,30,,4216,9,,,0,70,,4196,9,,,0,100,,4195,9,,,0,100,,4194,9,,,0,100,,4193,9,,,0,100,,4192,9,,,0
4400,'3',921,,4229,9,,,0,100,,4228,9,,,0,100,,4224,9,,,0,100,,4223,9,,,0,100,,4222,9,,,0,100,,4221,9,,,0,100,,4220,9,,,0,100,,4219,9,,,0,100,,4218,9,,,0,100,,4217,9,,,0,100,,4227,9,,,0,100,,4226,9,,,0,100,,4225,9,,,0
4500,'1',636,,4291,9,,,0,67,,4292,9,,,0,30,,4293,9,,,0,70,,4294,9,,,0,30,,4295,9,,,0,70,,4296,9,,,0,29,,4297,9,,,0,70,,4298,9,,,0,30,,4299,9,,,0,70,,4300,9,,,0,30,,4301,9,,,0,70,,4302,9,,,0,30,,4303,9,,,0,70,,4304,9,,,0,30,,4305,9,,,0,70,,4306,9,,,0,30,,4307,9,,,0,70,,4308,9,,,0,27,,4309,9,,,0,30,,4310,9,,,0,70,,4311,9,,,0,30,,4312,9,,,0,70,,4313,9,,,0,93,,4314,9,,,0,109,,4315,9,,,0,100,,4316,9,,,0,100,,4317,9,,,0,100,,4318,9,,,0,100,,4319,9,,,0
4500,'2',701,,4328,9,,,0,100,,4327,9,,,0,100,,4326,9,,,0,100,,4325,9,,,0,100,,4320,9,,,0,30,,4330,9,,,0,70,,4331,9,,,0,30,,4332,9,,,0,70,,4333,9,,,0,30,,4334,9,,,0,70,,4335,9,,,0,30,,4336,9,,,0,70,,4337,9,,,0,30,,4338,9,,,0,70,,4339,9,,,0,30,,4340,9,,,0,70,,4341,9,,,0,30,,4342,9,,,0,70,,4343,9,,,0,30,,4344,9,,,0,70,,4345,9,,,0,100,,4324,9,,,0,100,,4323,9,,,0,100,,4322,9,,,0
4500,'3',901,,4358,9,,,0,100,,4357,9,,,0,100,,4346,9,,,0,100,,4356,9,,,0,100,,4355,9,,,0,100,,4354,9,,,0,100,,4353,9,,,0,100,,4352,9,,,0,100,,4351,9,,,0,100,,4350,9,,,0,100,,4349,9,,,0,101,,4348,9,,,0,99,,4347,9,,,0
4600,'1',614,,4424,9,,,0,29,,4425,9,,,0,67,,4426,9,,,0,30,,4427,9,,,0,70,,4428,9,,,0,30,,4429,9,,,0,71,,4430,9,,,0,29,,4431,9,,,0,70,,4432,9,,,0,30,,4433,9,,,0,70,,4434,9,,,0,30,,4435,9,,,0,70,,4436,9,,,0,30,,4437,9,,,0,70,,4438,9,,,0,30,,4439,9,,,0,70,,4440,9,,,0,29,,4441,9,,,0,66,,4442,9,,,0,30,,4443,9,,,0,70,,4444,9,,,0,30,,4445,9,,,0,70,,4446,9,,,0,30,,4447,9,,,0,70,,4448,9,,,0
