4300,'1',632,,4021,15,,,0,70,,4022,15,,,0,29,,4023,15,,,0,70,,4024,15,,,0,30,,4025,15,,,0,70,,4026,15,,,0,29,,4027,15,,,0,28,,4028,15,,,0,70,,4029,15,,,0,30,,4030,15,,,0,70,,4031,15,,,0,30,,4032,15,,,0,70,,4033,15,,,0,30,,4034,15,,,0,70,,4035,15,,,0,30,,4036,15,,,0,70,,4037,15,,,0,30,,4038,15,,,0,69,,4039,15,,,0,30,,4040,15,,,0,70,,4041,15,,,0,30,,4042,15,,,0,70,,4043,15,,,0,30,,4044,15,,,0,70,,4045,15,,,0,24,,4046,15,,,0,70,,4047,15,,,0,100,,4048,15,,,0,100,,4049,15,,,0,100,,4050,15,,,0
4300,'2',651,,4052,15,,,0,100,,4053,15,,,0,100,,4054,15,,,0,100,,4055,15,,,0,100,,4056,15,,,0,70,,4070,15,,,0,30,,4057,15,,,0,70,,4071,15,,,0,30,,4058,15,,,0,100,,4059,15,,,0,70,,4073,15,,,0,30,,4060,15,,,0,70,,4074,15,,,0,30,,4061,15,,,0,70,,4075,15,,,0,30,,4062,15,,,0,70,,4076,15,,,0,30,,4063,15,,,0,70,,4077,15,,,0,30,,4064,15,,,0,100,,4065,15,,,0,100,,4066,15,,,0,100,,4067,15,,,0,100,,4068,15,,,0
4300,'3',851,,4078,15,,,0,100,,4079,15,,,0,100,,4080,15,,,0,100,,4081,15,,,0,100,,4082,15,,,0,100,,4083,15,,,0,100,,4084,15,,,0,100,,4085,15,,,0,100,,4086,15,,,0,100,,4087,15,,,0,100,,4088,15,,,0,100,,4089,15,,,0,100,,4090,15,,,0,100,,4091,15,,,0
4400,'1',639,,4161,15,,,0,70,,4162,15,,,0,29,,4163,15,,,0,70,,4164,15,,,0,30,,4165,15,,,0,70,,4166,15,,,0,29,,4167,15,,,0,69,,4168,15,,,0,30,,4169,15,,,0,70,,4170,15,,,0,30,,4171,15,,,0,70,,4172,15,,,0,30,,4173,15,,,0,70,,4174,15,,,0,30,,4175,15,,,0,70,,4176,15,,,0,30,,4177,15,,,0,70,,4178,15,,,0,29,,4179,15,,,0,70,,4180,15,,,0,30,,4181,15,,,0,70,,4182,15,,,0,30,,4183,15,,,0,70,,4184,15,,,0,96,,4185,15,,,0,100,,4186,15,,,0,100,,4187,15,,,0,100,,4188,15,,,0,100,,4189,15,,,0
4400,'2',731,,4200,15,,,0,100,,4199,15,,,0,100,,4198,15,,,0,100,,4197,15,,,0,100,,4202,15,,,0,70,,4203,15,,,0,30,,4204,15,,,0,70,,4205,15,,,0,30,,4206,15,,,0,70,,4207,15,,,0,30,,4208,15,,,0,70,,4209,15,,,0,30,,4210,15,,,0,70,,4211,15,,,0,100,,4212,15,,,0,30,,4213,15,,,0,70,,4214,15,,,0,30,,4215,15,,,0,70,,4216,15,,,0,30,,4196,15,,,0,100,,4195,15,,,0,100,,4194,15,,,0,100,,4193,15,,,0,100,,4192,15,,,0
4400,'3',931,,4229,15,,,0,100,,4228,15,,,0,100,,4224,15,,,0,100,,4223,15,,,0,100,,4222,15,,,0,100,,4221,15,,,0,100,,4220,15,,,0,100,,4219,15,,,0,100,,4218,15,,,0,100,,4217,15,,,0,100,,4227,15,,,0,100,,4226,15,,,0,99,,4225,15,,,0
4500,'1',646,,4291,15,,,0,69,,4292,15,,,0,30,,4293,15,,,0,70,,4294,15,,,0,30,,4295,15,,,0,70,,4296,15,,,0,30,,4297,15,,,0,70,,4298,15,,,0,30,,4299,15,,,0,70,,4300,15,,,0,30,,4301,15,,,0,70,,4302,15,,,0,30,,4303,15,,,0,70,,4304,15,,,0,30,,4305,15,,,0,70,,4306,15,,,0,30,,4307,15,,,0,70,,4308,15,,,0,28,,4309,15,,,0,70,,4310,15,,,0,30,,4311,15,,,0,70,,4312,15,,,0,30,,4313,15,,,0,93,,4314,15,,,0,105,,4315,15,,,0,100,,4316,15,,,0,100,,4317,15,,,0,100,,4318,15,,,0,100,,4319,15,,,0
4500,'2',711,,4328,15,,,0,100,,4327,15,,,0,100,,4326,15,,,0,100,,4325,15,,,0,100,,4320,15,,,0,30,,4330,15,,,0,70,,4331,15,,,0,30,,4332,15,,,0,70,,4333,15,,,0,30,,4334,15,,,0,70,,4335,15,,,0,30,,4336,15,,,0,70,,4337,15,,,0,30,,4338,15,,,0,70,,4339,15,,,0,30,,4340,15,,,0,70,,4341,15,,,0,30,,4342,15,,,0,70,,4343,15,,,0,30,,4344,15,,,0,70,,4345,15,,,0,100,,4324,15,,,0,100,,4323,15,,,0,100,,4322,15,,,0
4500,'3',911,,4358,15,,,0,100,,4357,15,,,0,100,,4346,15,,,0,100,,4356,15,,,0,100,,4355,15,,,0,100,,4354,15,,,0,100,,4353,15,,,0,100,,4352,15,,,0,100,,4351,15,,,0,100,,4350,15,,,0,100,,4349,15,,,0,100,,4348,15,,,0,99,,4347,15,,,0
4600,'1',624,,4424,15,,,0,29,,4425,15,,,0,69,,4426,15,,,0,30,,4427,15,,,0,70,,4428,15,,,0,30,,4429,15,,,0,71,,4430,15,,,0,30,,4431,15,,,0,70,,4432,15,,,0,30,,4433,15,,,0,70,,4434,15,,,0,30,,4435,15,,,0,70,,4436,15,,,0,30,,4437,15,,,0,70,,4438,15,,,0,30,,4439,15,,,0,70,,4440,15,,,0,29,,4441,15,,,0,67,,4442,15,,,0,30,,4443,15,,,0,70,,4444,15,,,0,30,,4445,15,,,0,70,,4446,15,,,0,30,,4447,15,,,0,70,,4448,15,,,0
