1440200,'1',639,,816,0,20 11,0,100,,817,0,20 11,0,70,,818,0,20 11,0,30,,819,0,20 11,0,70,,820,0,20 11,0,30,,821,0,20 11,0,100,,822,0,20 11,0,100,,823,0,20 11,0,70,,824,0,20 11,0,30,,825,0,20 11,0,70,,826,0,20 11,0,30,,827,0,20 11,0,70,,828,0,20 11,0,30,,829,0,20 11,0,100,,830,0,20 11,0,170,,831,0,20 11,0,30,,832,0,20 11,0,70,,833,0,20 11,0,30,,834,0,20 11,0,70,,846,0,20 11,0,30,,835,0,20 11,0,100,,836,0,20 11,0,100,,837,0,20 11,0,100,,838,0,20 11,0,100,,839,0,20 11,0
1440200,'10801',709,,849,0,20 11,0,300,,857,0,20 11,0,100,,851,0,20 11,0,400,,852,0,20 11,0,100,,854,0,20 11,0,30,,847,0,20 11,0
1440200,'1201',709,,865,0,20 11,0,300,,866,0,20 11,0,100,,867,0,20 11,0,400,,868,0,20 11,0,100,,869,0,20 11,0,30,,870,0,20 11,0
1440200,'2',639,,903,0,20 11,0,100,,901,0,20 11,0,100,,899,0,20 11,0,100,,897,0,20 11,0,100,,871,0,20 11,0,100,,906,0,20 11,0,70,,907,0,20 11,0,30,,908,0,20 11,0,70,,909,0,20 11,0,30,,910,0,20 11,0,70,,911,0,20 11,0,30,,912,0,20 11,0,70,,913,0,20 11,0,30,,914,0,20 11,0,70,,915,0,20 11,0,30,,916,0,20 11,0,70,,917,0,20 11,0,30,,918,0,20 11,0,70,,919,0,20 11,0,30,,882,0,20 11,0,70,,921,0,20 11,0,30,,881,0,20 11,0,100,,880,0,20 11,0,100,,879,0,20 11,0,100,,878,0,20 11,0,100,,877,0,20 11,0
1440200,'3',939,,935,0,20 11,0,100,,922,0,20 11,0,100,,939,0,20 11,0,100,,940,0,20 11,0,100,,941,0,20 11,0,100,,942,0,20 11,0,100,,943,0,20 11,0,100,,944,0,20 11,0,100,,945,0,20 11,0,100,,927,0,20 11,0,100,,926,0,20 11,0,100,,925,0,20 11,0
1440201,'1',637,,966,4,,0,100,,947,4,,0,70,,948,4,,0,30,,949,4,,0,70,,950,4,,0,30,,951,4,,0,100,,952,4,,0,100,,953,4,,0,70,,954,4,,0,30,,955,4,,0,70,,956,4,,0,30,,957,4,,0,70,,958,4,,0,30,,959,4,,0,100,,960,4,,0,170,,961,4,,0,30,,962,4,,0,70,,963,4,,0,30,,964,4,,0,70,,965,4,,0,32,,967,4,,0,100,,968,4,,0,100,,969,4,,0,100,,970,4,,0,100,,971,4,,0
1440201,'10801',707,,978,4,,0,300,,982,4,,0,100,,979,4,,0,400,,980,4,,0,100,,981,4,,0,30,,977,4,,0
1440201,'1201',707,,983,4,,0,300,,984,4,,0,100,,985,4,,0,400,,986,4,,0,100,,987,4,,0,30,,988,4,,0
1440201,'2',639,,1024,4,,0,100,,1022,4,,0,100,,1020,4,,0,100,,1018,4,,0,100,,1016,4,,0,97,,1015,4,,0,70,,1014,4,,0,30,,1013,4,,0,70,,1012,4,,0,30,,1011,4,,0,70,,1010,4,,0,30,,1009,4,,0,70,,1008,4,,0,30,,1007,4,,0,70,,1006,4,,0,30,,1005,4,,0,70,,1004,4,,0,30,,1003,4,,0,70,,1002,4,,0,30,,1001,4,,0,70,,1000,4,,0,33,,994,4,,0,100,,993,4,,0,100,,992,4,,0,100,,991,4,,0,100,,990,4,,0
1440201,'3',939,,1048,4,,0,100,,1046,4,,0,100,,1044,4,,0,100,,1042,4,,0,100,,1040,4,,0,100,,1038,4,,0,100,,1036,4,,0,100,,1034,4,,0,100,,1032,4,,0,100,,1025,4,,0,100,,1027,4,,0,100,,1026,4,,0
