300,'1',647,,380,2,,,0,70,,381,2,,,0,30,,382,2,,,0,70,,383,2,,,0,30,,384,2,,,0,70,,385,2,,,0,30,,386,2,,,0,70,,387,2,,,0,30,,388,2,,,0,70,,389,2,,,0,30,,390,2,,,0,70,,391,2,,,0,30,,392,2,,,0,70,,393,2,,,0,30,,394,2,,,0,70,,395,2,,,0,30,,396,2,,,0,70,,397,2,,,0,30,,398,2,,,0,70,,379,2,,,0,130,,371,2,,,0,70,,372,2,,,0,30,,373,2,,,0,100,,374,2,,,0,100,,375,2,,,0,100,,376,2,,,0,100,,377,2,,,0
300,'2',747,,424,2,,,0,100,,423,2,,,0,100,,422,2,,,0,100,,421,2,,,0,70,,420,2,,,0,30,,419,2,,,0,70,,418,2,,,0,30,,417,2,,,0,70,,416,2,,,0,30,,415,2,,,0,70,,414,2,,,0,30,,413,2,,,0,70,,412,2,,,0,30,,411,2,,,0,70,,410,2,,,0,30,,409,2,,,0,70,,408,2,,,0,30,,407,2,,,0,70,,406,2,,,0,30,,405,2,,,0,100,,404,2,,,0,100,,403,2,,,0,100,,402,2,,,0,100,,401,2,,,0
300,'3',847,,437,2,,,0,100,,436,2,,,0,100,,435,2,,,0,100,,434,2,,,0,100,,433,2,,,0,100,,432,2,,,0,100,,431,2,,,0,100,,430,2,,,0,100,,429,2,,,0,100,,428,2,,,0,100,,427,2,,,0,100,,426,2,,,0,100,,425,2,,,0
6001,'1',617,,4789,3,,,0,30,,4813,3,,,0,70,,4812,3,,,0,30,,4811,3,,,0,70,,4810,3,,,0,30,,4809,3,,,0,70,,4808,3,,,0,30,,4807,3,,,0,70,,4806,3,,,0,30,,4805,3,,,0,70,,4804,3,,,0,30,,4803,3,,,0,70,,4802,3,,,0,30,,4801,3,,,0,70,,4800,3,,,0,30,,4799,3,,,0,70,,4798,3,,,0,30,,4797,3,,,0,70,,4796,3,,,0,30,,4795,3,,,0,70,,4794,3,,,0,30,,4793,3,,,0,70,,4818,3,,,0,30,,4819,3,,,0,70,,4792,3,,,0,100,,4791,3,,,0,100,,4814,3,,,0,100,,4815,3,,,0,100,,4816,3,,,0
6001,'12901',1615,,4820,3,,,0,30,,4821,3,,,0
6001,'2',717,,4846,3,,,0,100,,4839,3,,,0,100,,4838,3,,,0,100,,4837,3,,,0,100,,4836,3,,,0,30,,4835,3,,,0,70,,4834,3,,,0,30,,4833,3,,,0,70,,4832,3,,,0,30,,4831,3,,,0,70,,4830,3,,,0,30,,4829,3,,,0,70,,4828,3,,,0,30,,4827,3,,,0,70,,4826,3,,,0,30,,4825,3,,,0,100,,4845,3,,,0,70,,4824,3,,,0,100,,4823,3,,,0,100,,4840,3,,,0,100,,4841,3,,,0,100,,4842,3,,,0,100,,4843,3,4,,0
6001,'3',917,,4857,3,,,0,100,,4856,3,,,0,100,,4855,3,,,0,100,,4854,3,,,0,100,,4853,3,,,0,100,,4852,3,,,0,100,,4851,3,,,0,100,,4850,3,,,0,100,,4860,3,,,0,100,,4849,3,,,0,100,,4848,3,,,0,100,,4858,3,,,0,100,,4859,3,,,0
6501,'1',632,,5394,3,,,0,70,,5393,3,,,0,30,,5392,3,,,0,70,,5391,3,,,0,30,,5390,3,,,0,70,,5389,3,,,0,30,,5388,3,,,0,70,,5387,3,,,0,30,,5386,3,,,0,70,,5385,3,,,0,30,,5384,3,,,0,70,,5383,3,,,0,30,,5382,3,,,0,70,,5381,3,,,0,30,,5380,3,,,0,70,,5379,3,,,0,30,,5378,3,,,0,70,,5377,3,,,0,30,,5376,3,,,0,70,,5375,3,,,0,30,,5374,3,,,0,27,,5395,3,0,6 15,0,43,,5373,3,,,0,30,,5372,3,,,0,70,,5371,3,,,0,30,,5370,3,,,0,15,,5363,3,,,0,100,,5369,3,,,0,100,,5368,3,,,0,100,,5367,3,,,0
6501,'12901',1547,,5396,3,0,6 15,0
6501,'2',647,,5422,3,,,0,100,,5421,3,,,0,100,,5420,3,,,0,100,,5419,3,,,0,100,,5418,3,,,0,55,,5417,3,,,0,30,,5416,3,,,0,70,,5415,3,,,0,30,,5414,3,,,0,70,,5413,3,,,0,30,,5412,3,,,0,70,,5411,3,,,0,30,,5410,3,,,0,70,,5409,3,,,0,30,,5408,3,,,0,70,,5407,3,,,0,30,,5406,3,,,0,70,,5405,3,,,0,30,,5404,3,,,0,70,,5403,3,,,0,30,,5402,3,,,0,115,,5401,3,,,0,100,,5400,3,,,0
6501,'3',847,,5428,3,,,0,100,,5427,3,,,0,100,,5426,3,,,0,100,,5429,3,,,0,100,,5430,3,,,0,100,,5431,3,,,0,100,,5432,3,,,0,100,,5433,3,,,0,100,,5434,3,,,0,100,,5435,3,,,0,100,,5423,3,,,0,100,,5425,3,,,0,100,,5424,3,,,0
