1468700,'1',651,,11985,1,,,0,60,,11986,1,,,0,20,,11987,1,,,0,20,,11988,1,,,0,60,,11989,1,,,0,20,,11990,1,,,0,20,,11991,1,,,0,60,,11992,1,,,0,20,,11993,1,,,0,20,,11994,1,,,0,60,,11995,1,,,0,20,,11996,1,,,0,20,,11997,1,,,0,60,,11998,1,,,0,20,,11999,1,,,0,20,,12000,1,,,0,60,,12001,1,,,0,20,,12002,1,,,0,20,,12003,1,,,0,80,,12005,1,,,0,20,,12006,1,,,0,60,,12007,1,,,0,20,,12008,1,,,0,20,,12009,1,,,0,60,,12010,1,,,0,20,,12011,1,,,0,20,,12012,1,,,0,60,,12013,1,,,0,20,,12014,1,,,0,20,,12015,1,,,0,5,,12020,1,,,0,55,,12016,1,,,0,20,,12017,1,,,0,20,,12018,1,,,0,65,,12019,1,,,0,30,,11979,1,,,0,70,,11974,1,,,0,30,,11980,1,,,0,70,,11975,1,,,0,30,,11981,1,,,0,70,,11976,1,,,0,30,,11982,1,,,0,70,,11977,1,,,0,30,,11983,1,,,0,70,,11978,1,,,0
1468700,'1201',1629,,12021,1,,,0
1468700,'2',646,,12026,1,,,0,70,,12041,1,,,0,30,,12025,1,,,0,70,,12040,1,,,0,30,,12024,1,,,0,70,,12039,1,,,0,30,,12023,1,,,0,70,,12038,1,,,0,30,,12022,1,,,0,65,,12042,1,,,0,20,,12043,1,,,0,20,,12044,1,,,0,60,,12045,1,,,0,20,,12046,1,,,0,20,,12047,1,,,0,60,,12048,1,,,0,20,,12049,1,,,0,20,,12050,1,,,0,60,,12051,1,,,0,20,,12052,1,,,0,20,,12053,1,,,0,60,,12054,1,,,0,20,,12055,1,,,0,20,,12056,1,,,0,60,,12057,1,,,0,20,,12058,1,,,0,20,,12059,1,,,0,60,,12060,1,,,0,20,,12061,1,,,0,20,,12062,1,,,0,65,,12063,1,,,0,30,,12032,1,,,0,70,,12037,1,,,0,30,,12031,1,,,0,70,,12036,1,,,0,30,,12030,1,,,0,70,,12035,1,,,0,30,,12029,1,,,0,70,,12034,1,,,0,130,,12027,1,,,0
1468700,'3',846,,12066,1,,,0,70,,12089,1,,,0,30,,12065,1,,,0,70,,12088,1,,,0,30,,12064,1,,,0,70,,12087,1,,,0,30,,12086,1,,,0,70,,12085,1,,,0,30,,12084,1,,,0,70,,12083,1,,,0,30,,12082,1,,,0,70,,12081,1,,,0,30,,12080,1,,,0,70,,12079,1,,,0,30,,12078,1,,,0,70,,12077,1,,,0,30,,12076,1,,,0,70,,12075,1,,,0,30,,12074,1,,,0,70,,12073,1,,,0,30,,12069,1,,,0,70,,12072,1,,,0,30,,12068,1,,,0,70,,12071,1,,,0,30,,12067,1,,,0,71,,12070,1,,,0
1468701,'1',629,,12100,28,4,,0,20,,12101,28,4,,0,60,,12102,28,4,,0,20,,12103,28,4,,0,20,,12104,28,4,,0,60,,12105,28,4,,0,20,,12106,28,4,,0,20,,12107,28,4,,0,60,,12108,28,4,,0,20,,12109,28,4,,0,20,,12110,28,4,,0,60,,12111,28,4,,0,20,,12112,28,4,,0,20,,12113,28,4,,0,60,,12114,28,4,,0,20,,12115,28,4,,0,20,,12116,28,4,,0,60,,12117,28,4,,0,20,,12118,28,4,,0,20,,12119,28,4,,0,60,,12120,28,4,,0,20,,12121,28,4,,0,20,,12122,28,4,,0,60,,12123,28,4,,0,20,,12124,28,4,,0,20,,12125,28,4,,0,60,,12126,28,4,,0,20,,12127,28,4,,0,20,,12128,28,4,,0,60,,12129,28,4,,0,20,,12130,28,4,,0,20,,12131,28,4,,0,60,,12132,28,4,,0,20,,12133,28,4,,0,20,,12134,28,4,,0,60,,12135,28,4,,0,20,,12136,28,4,,0,15,,12137,28,4,,0,70,,12099,28,4,,0,100,,12096,28,4,,0,30,,12091,28,4,,0,70,,12095,28,4,,0,30,,12090,28,4,,0,70,,12094,28,4,,0,30,,12097,28,4,,0,70,,12093,28,4,,0
1468701,'2',644,,12138,28,4,,0,70,,12149,28,4,,0,30,,12150,28,4,,0,70,,12151,28,4,,0,30,,12152,28,4,,0,70,,12153,28,4,,0,30,,12154,28,4,,0,70,,12155,28,4,,0,30,,12156,28,4,,0,65,,12157,28,4,,0,40,,12158,28,4,,0,60,,12159,28,4,,0,20,,12160,28,4,,0,20,,12161,28,4,,0,60,,12162,28,4,,0,20,,12163,28,4,,0,20,,12164,28,4,,0,60,,12165,28,4,,0,20,,12166,28,4,,0,20,,12167,28,4,,0,60,,12168,28,4,,0,20,,12169,28,4,,0,20,,12170,28,4,,0,60,,12171,28,4,,0,20,,12172,28,4,,0,20,,12173,28,4,,0,60,,12174,28,4,,0,20,,12175,28,4,,0,20,,12176,28,4,,0,60,,12177,28,4,,0,20,,12178,28,4,,0,85,,12148,28,4,,0,30,,12143,28,4,,0,70,,12147,28,4,,0,30,,12142,28,4,,0,70,,12146,28,4,,0,30,,12141,28,4,,0,70,,12145,28,4,,0,30,,12140,28,4,,0,100,,12139,28,4,,0
1468701,'3',914,,12205,28,4,,0,30,,12181,28,4,,0,70,,12204,28,4,,0,30,,12180,28,4,,0,70,,12203,28,4,,0,30,,12202,28,4,,0,70,,12201,28,4,,0,30,,12200,28,4,,0,70,,12199,28,4,,0,30,,12198,28,4,,0,70,,12197,28,4,,0,30,,12196,28,4,,0,70,,12195,28,4,,0,30,,12194,28,4,,0,70,,12193,28,4,,0,30,,12192,28,4,,0,70,,12191,28,4,,0,30,,12190,28,4,,0,70,,12189,28,4,,0,30,,12188,28,4,,0,70,,12187,28,4,,0,30,,12184,28,4,,0,70,,12186,28,4,,0,30,,12183,28,4,,0,70,,12185,28,4,,0,25,,12182,28,4,,0
1469000,'1',644,,12598,3,4,,0,2,,12574,1,,,0,68,,12599,3,4,,0,2,,12575,1,,,0,28,,12600,3,4,,0,2,,12576,1,,,0,68,,12601,3,4,,0,2,,12577,1,,,0,28,,12602,3,4,,0,2,,12578,1,,,0,68,,12603,3,4,,0,2,,12579,1,,,0,28,,12604,3,4,,0,2,,12580,1,,,0,68,,12605,3,4,,0,2,,12581,1,,,0,28,,12606,3,4,,0,2,,12582,1,,,0,68,,12607,3,4,,0,2,,12583,1,,,0,28,,12608,3,4,,0,2,,12584,1,,,0,68,,12609,3,4,,0,2,,12585,1,,,0,28,,12610,3,4,,0,2,,12586,1,,,0,68,,12611,3,4,,0,2,,12587,1,,,0,28,,12612,3,4,,0,2,,12588,1,,,0,68,,12613,3,4,,0,2,,12589,1,,,0,28,,12614,3,4,,0,2,,12590,1,,,0,68,,12615,3,4,,0,2,,12591,1,,,0,28,,12616,3,4,,0,2,,12592,1,,,0,68,,12617,3,4,,0,2,,12593,1,,,0,28,,12618,3,4,,0,2,,12594,1,,,0,68,,12619,3,4,,0,2,,12595,1,,,0,28,,12620,3,4,,0,2,,12596,1,,,0,68,,12621,3,4,,0,2,,12597,1,,,0,100,,12628,1,,,0,100,,12629,1,,,0,100,,12630,1,,,0,100,,12631,1,,,0
1469000,'2',716,,12663,1,,,0,100,,12661,1,,,0,100,,12659,1,,,0,100,,12657,1,,,0,100,,12655,1,,,0,28,,12665,3,4,,0,70,,12666,3,4,,0,30,,12667,3,4,,0,2,,12653,1,,,0,68,,12668,3,4,,0,2,,12652,1,,,0,28,,12669,3,4,,0,2,,12651,1,,,0,68,,12670,3,4,,0,2,,12650,1,,,0,28,,12671,3,4,,0,2,,12649,1,,,0,68,,12672,3,4,,0,2,,12648,1,,,0,28,,12673,3,4,,0,2,,12647,1,,,0,68,,12674,3,4,,0,2,,12646,1,,,0,28,,12675,3,4,,0,2,,12645,1,,,0,68,,12676,3,4,,0,2,,12644,1,,,0,30,,12643,1,,,0,70,,12664,1,,,0,200,,12636,1,,,0,100,,12635,1,,,0,100,,12634,1,,,0,100,,12633,1,,,0
1469000,'3',916,,12693,1,,,0,100,,12692,1,,,0,100,,12690,1,,,0,100,,12689,1,,,0,100,,12688,1,,,0,100,,12687,1,,,0,100,,12686,1,,,0,100,,12685,1,,,0,100,,12684,1,,,0,100,,12694,1,,,0,100,,12702,1,,,0,100,,12680,1,,,0,101,,12679,1,,,0
1469001,'1',2014,,12733,24,4,,0,100,,12734,24,4,,0,100,,12735,24,4,,0
1469001,'2',814,,12764,24,4,,0,100,,12762,24,4,,0,100,,12760,24,4,,0,1000,,12742,24,4,,0,100,,12741,24,4,,0,100,,12740,24,4,,0
1469001,'3',914,,12791,24,4,,0,100,,12789,24,4,,0,100,,12787,24,4,,0,100,,12785,24,4,,0,100,,12783,24,4,,0,100,,12781,24,4,,0,100,,12779,24,4,,0,100,,12777,24,4,,0,100,,12775,24,4,,0,100,,12773,24,4,,0,100,,12772,24,4,,0,100,,12771,24,4,,0,100,,12770,24,4,,0
1469900,'1',644,,14175,3,4,,0,70,,14177,3,4,,0,30,,14179,3,4,,0,70,,14181,3,4,,0,30,,14183,3,4,,0,70,,14193,3,4,,0,30,,14201,3,4,,0,70,,14161,3,4,,0,30,,14160,3,4,,0,70,,14159,3,4,,0,30,,14158,3,4,,0,70,,14157,3,4,,0,30,,14186,3,4,,0,70,,14156,3,4,,0,30,,14155,3,4,,0,70,,14154,3,4,,0,30,,14196,3,4,,0,70,,14200,3,4,,0,30,,14187,3,4,,0,70,,14188,3,4,,0,30,,14197,3,4,,0,70,,14198,3,4,,0,30,,14199,3,4,,0,70,,14191,3,4,,0
1469900,'2',1114,,14226,3,4,,0,30,,14225,3,4,,0,70,,14235,3,4,,0,30,,14237,3,4,,0,70,,14204,3,4,,0,30,,14224,3,4,,0,70,,14223,3,4,,0,30,,14222,3,4,,0,70,,14221,3,4,,0,30,,14240,3,4,,0,70,,14241,3,4,,0,30,,14220,3,4,,0,70,,14219,3,4,,0,30,,14218,3,4,,0,70,,14243,3,4,,0
