1001,'1',606,,1864,2,,,0,22,,1863,2,,,0,24,,1824,2,,,0,62,,1825,2,,,0,22,,1826,2,,,0,22,,1827,2,,,0,62,,1828,2,,,0,22,,1829,2,,,0,62,,1830,2,,,0,22,,1831,2,,,0,22,,1832,2,,,0,62,,1833,2,,,0,22,,1834,2,,,0,22,,1835,2,,,0,62,,1836,2,,,0,22,,1837,2,,,0,62,,1838,2,,,0,22,,1839,2,,,0,22,,1840,2,,,0,62,,1841,2,,,0,22,,1842,2,,,0,22,,1843,2,,,0,62,,1844,2,,,0,22,,1845,2,,,0,22,,1846,2,,,0,62,,1847,2,,,0,22,,1848,2,,,0,62,,1849,2,,,0,22,,1850,2,,,0,22,,1851,2,,,0,62,,1852,2,,,0,22,,1853,2,,,0,22,,1854,2,,,0,62,,1855,2,,,0,22,,1856,2,,,0,20,,1857,2,,,0,80,,1858,2,,,0,80,,1859,2,,,0,40,,1860,2,,,0,80,,1861,2,,,0,80,,1862,2,,,0
1001,'2',610,,1865,2,,,0,40,,1866,2,,,0,80,,1867,2,,,0,80,,1868,2,,,0,40,,1869,2,,,0,80,,1870,2,,,0,80,,1871,2,,,0,40,,1872,2,,,0,64,,1873,2,,,0,19,,1874,2,,,0,22,,1875,2,,,0,62,,1876,2,,,0,22,,1877,2,,,0,62,,1878,2,,,0,22,,1879,2,,,0,22,,1880,2,,,0,62,,1881,2,,,0,22,,1882,2,,,0,22,,1883,2,,,0,62,,1884,2,,,0,22,,1885,2,,,0,22,,1886,2,,,0,62,,1887,2,,,0,22,,1888,2,,,0,62,,1889,2,,,0,22,,1890,2,,,0,22,,1891,2,,,0,62,,1892,2,,,0,41,,1893,2,,,0,77,,1894,2,,,0,80,,1895,2,,,0,40,,1896,2,,,0,80,,1897,2,,,0,80,,1898,2,,,0,40,,1899,2,,,0
1001,'3',843,,1900,2,,,0,80,,1901,2,,,0,80,,1902,2,,,0,40,,1903,2,,,0,80,,1904,2,,,0,80,,1905,2,,,0,40,,1906,2,,,0,80,,1907,2,,,0,80,,1908,2,,,0,40,,1909,2,,,0,80,,1910,2,,,0,80,,1911,2,,,0,40,,1912,2,,,0,80,,1913,2,,,0,80,,1914,2,,,0,40,,1915,2,,,0,80,,1916,2,,,0,80,,1917,2,,,0,40,,1918,2,,,0,80,,1919,2,,,0
1900,'1',545,,3146,2,,,0,70,,3147,2,,,0,30,,3148,2,,,0,70,,3149,2,,,0,30,,3150,2,,,0,70,,3176,2,,,0,30,,3151,2,,,0,70,,3152,2,,,0,30,,3153,2,,,0,70,,3154,2,,,0,30,,3155,2,,,0,70,,3156,2,,,0,30,,3157,2,,,0,70,,3158,2,,,0,30,,3159,2,,,0,70,,3160,2,,,0,30,,3161,2,,,0,70,,3162,2,,,0,30,,3163,2,,,0,70,,3164,2,,,0,30,,3165,2,,,0,70,,3166,2,,,0,30,,3167,2,,,0,70,,3168,2,,,0,30,,3169,2,,,0,70,,3170,2,,,0,30,,3171,2,,,0,100,,3172,2,,,0,100,,3173,2,,,0,100,,3174,2,,,0,100,,3175,2,,,0
1900,'2',645,,3202,2,,,0,100,,3201,2,,,0,100,,3200,2,,,0,100,,3199,2,,,0,100,,3198,2,,,0,70,,3197,2,,,0,30,,3196,2,,,0,70,,3195,2,,,0,30,,3194,2,,,0,70,,3193,2,,,0,30,,3192,2,,,0,70,,3191,2,,,0,30,,3190,2,,,0,70,,3189,2,,,0,30,,3188,2,,,0,70,,3187,2,,,0,30,,3186,2,,,0,70,,3185,2,,,0,30,,3184,2,,,0,70,,3183,2,,,0,30,,3182,2,,,0,100,,3181,2,,,0,100,,3180,2,,,0,100,,3179,2,,,0,200,,3177,2,,,0
1900,'3',845,,3216,2,,,0,100,,3215,2,,,0,100,,3214,2,,,0,100,,3213,2,,,0,100,,3212,2,,,0,100,,3211,2,,,0,100,,3210,2,,,0,100,,3209,2,,,0,100,,3208,2,,,0,100,,3207,2,,,0,100,,3206,2,,,0,100,,3205,2,,,0,100,,3204,2,,,0
8301,'1',701,,5463,2,,,0,28,,5464,2,,,0,28,,5465,2,,,0,68,,5466,2,,,0,28,,5467,2,,,0,68,,5468,2,,,0,28,,5469,2,,,0,68,,5470,2,,,0,28,,5471,2,,,0,68,,5472,2,,,0,28,,5473,2,,,0,68,,5474,2,,,0,28,,5475,2,,,0,68,,5476,2,,,0,28,,5477,2,,,0,68,,5478,2,,,0,28,,5479,2,,,0,28,,5480,2,,,0,68,,5481,2,,,0,28,,5482,2,,,0,68,,5483,2,,,0,28,,5484,2,,,0,68,,5485,2,,,0,28,,5486,2,,,0,68,,5487,2,,,0,28,,5488,2,,,0,68,,5489,2,,,0
8301,'12901',1543,,5490,2,,,0
8301,'13001',1543,,5491,2,,,0
8700,'1',750,,5833,2,,,0,68,,5834,2,,,0,28,,5835,2,,,0,68,,5836,2,,,0,28,,5837,2,,,0,68,,5838,2,,,0,27,,5839,2,,,0,71,,5840,2,,,0,35,,5841,2,,,0,75,,5842,2,,,0,35,,5843,2,,,0,75,,5844,2,,,0,75,,5845,2,,,0,30,,5846,2,,,0,73,,5847,2,,,0,30,,5848,2,,,0,68,,5849,2,,,0,28,,5850,2,,,0,68,,5851,2,,,0,28,,5852,2,,,0,28,,5853,2,,,0,68,,5854,2,,,0
