'1201',1408100,133600,4,'',0,20000,4,'',0,28000,4,'',0
'1201',1408101,133600,,'',0,20000,,'',0,28000,,'',0
'12101',1408100,133600,4,'',0,20000,4,'',0,28000,4,'',0
'12101',1408101,133600,,'',0,20000,,'',0,28000,,'',0
'1',1408100,60600,4,'',0,4000,4,'',0,8000,4,'',0,8000,4,'',0,4000,4,'',0,8000,4,'',0,8000,4,'',0,4000,4,'',0,8000,4,'',0,8000,4,'',0,5000,4,'',0,16000,4,'',0,4000,4,'',0,16000,4,'',0,4000,4,'',0,8000,4,'',0,11000,4,'',0,7000,4,'',0,10000,4,'',0,10000,4,'',0,10000,4,'',0,10000,4,'',0,9700,4,'',0
'1',1408101,60600,,'',0,4000,,'',0,8000,,'',0,8000,,'',0,4000,,'',0,8000,,'',0,8000,,'',0,4000,,'',0,8000,,'',0,8000,,'',0,5000,,'',0,16000,,'',0,4000,,'',0,16000,,'',0,4000,,'',0,8000,,'',0,11000,,'',0,7000,,'',0,10000,,'',0,10000,,'',0,10000,,'',0,10000,,'',0,9700,,'',0
'2',1408100,61600,4,'',0,10000,4,'',0,10000,4,'',0,10000,4,'',0,10000,4,'',0,10000,4,'',0,4000,4,'',0,8000,4,'',0,8000,4,'',0,4000,4,'',0,8000,4,'',0,8000,4,'',0,4000,4,'',0,8000,4,'',0,8000,4,'',0,4000,4,'',0,8000,4,'',0,8000,4,'',0,10000,4,'',0,10000,4,'',0,10000,4,'',0,10000,4,'',0,9700,4,'',0
'2',1408101,61600,,'',0,10000,,'',0,10000,,'',0,10000,,'',0,10000,,'',0,10000,,'',0,4000,,'',0,8000,,'',0,8000,,'',0,4000,,'',0,8000,,'',0,8000,,'',0,4000,,'',0,8000,,'',0,8000,,'',0,4000,,'',0,8000,,'',0,8000,,'',0,10000,,'',0,10000,,'',0,10000,,'',0,10000,,'',0,9700,,'',0
'3',1408100,91600,4,'',0,10000,4,'',0,10000,4,'',0,10000,4,'',0,10000,4,'',0,10000,4,'',0,10000,4,'',0,10000,4,'',0,10000,4,'',0,10000,4,'',0,10000,4,'',0,10000,4,'',0,9700,4,'',0
'3',1408101,91600,,'',0,10000,,'',0,10000,,'',0,10000,,'',0,10000,,'',0,10000,,'',0,10000,,'',0,10000,,'',0,10000,,'',0,10000,,'',0,10000,,'',0,10000,,'',0,9700,,'',0
