1469800,'1',622,,14049,23,,,0,130,,14059,23,,,0,70,,14058,23,,,0,30,,14057,23,,,0,70,,14056,23,,,0,100,,14055,23,,,0,100,,14054,23,,,0,100,,14053,23,,,0,100,,14052,23,,,0,100,,14051,23,,,0,100,,14050,23,,,0,100,,14048,23,,,0,15,,14060,12,,,0,15,,14047,23,,,0,55,,14061,12,,,0,15,,14046,23,,,0,30,,14045,23,,,0,70,,14044,23,,,0,100,,14043,23,,,0,100,,14042,23,,,0,100,,14041,23,,,0,100,,14040,23,,,0
1469800,'1201',1552,,14062,23,,,0,55,,14063,12,,,0
1469800,'12801',1552,,14065,23,,,0,55,,14064,12,,,0
1469800,'2',622,,14073,23,,,0,200,,14081,23,,,0,100,,14080,23,,,0,100,,14079,23,,,0,100,,14078,23,,,0,100,,14077,23,,,0,100,,14076,23,,,0,100,,14075,23,,,0,100,,14074,23,,,0,100,,14072,23,,,0,100,,14071,23,,,0,100,,14070,23,,,0,100,,14069,23,,,0,100,,14068,23,,,0,200,,14067,23,,,0,100,,14066,23,,,0
1469800,'3',922,,14095,23,,,0,100,,14094,23,,,0,100,,14093,23,,,0,100,,14092,23,,,0,100,,14091,23,,,0,100,,14090,23,,,0,100,,14089,23,,,0,100,,14088,23,,,0,100,,14087,23,,,0,100,,14086,23,,,0,100,,14085,23,,,0,100,,14084,23,,,0,95,,14083,23,,,0
1470501,'1',721,,15156,14,0,8 9 10,0,30,,15155,14,0,8 9 10,0,70,,15154,14,0,8 9 10,0,30,,15153,14,0,8 9 10,0,791,,15152,14,0,8 9 10,0,70,,15151,14,0,8 9 10,0,30,,15150,14,0,8 9 10,0,70,,15149,14,0,8 9 10,0
1470501,'1201',1612,,15157,14,0,8 9 10,0
1470501,'12801',1612,,15158,14,0,8 9 10,0
1472800,'1',644,,16453,8,,,0
1472801,'1',643,,16454,7,,,0
