1600,'1',626,,2504,3,,,0,32,,2505,3,,,0,72,,2506,3,,,0,72,,2507,3,,,0,32,,2508,3,,,0,72,,2509,3,,,0,32,,2510,3,,,0,72,,2511,3,,,0,32,,2512,3,,,0,72,,2513,3,,,0,32,,2514,3,,,0,72,,2524,3,,,0,32,,2525,3,,,0,72,,2515,3,,,0,32,,2516,3,,,0,72,,2517,3,,,0,32,,2518,3,,,0,72,,2519,3,,,0,72,,2520,3,,,0,32,,2521,3,,,0,72,,2522,3,,,0,32,,2526,3,,,0,72,,2523,3,,,0,32,,2527,3,,,0,75,,2528,3,,,0,100,,2529,3,,,0,100,,2530,3,,,0,100,,2531,3,,,0,100,,2532,3,,,0
1600,'2',621,,2533,3,,,0,100,,2534,3,,,0,100,,2535,3,,,0,100,,2536,3,,,0,100,,2537,3,,,0,102,,2538,3,,,0,34,,2539,3,,,0,72,,2540,3,,,0,72,,2541,3,,,0,32,,2542,3,,,0,72,,2543,3,,,0,32,,2544,3,,,0,72,,2545,3,,,0,32,,2546,3,,,0,72,,2547,3,,,0,32,,2548,3,,,0,72,,2549,3,,,0,32,,2550,3,,,0,72,,2551,3,,,0,32,,2552,3,,,0,100,,2553,3,,,0,100,,2554,3,,,0,100,,2555,3,,,0
1600,'3',817,,2569,3,,,0,100,,2556,3,,,0,100,,2557,3,,,0,100,,2558,3,,,0,100,,2559,3,,,0,100,,2560,3,,,0,100,,2561,3,,,0,100,,2562,3,,,0,100,,2563,3,,,0,100,,2564,3,,,0,100,,2565,3,,,0,100,,2566,3,,,0,100,,2567,3,,,0,101,,2568,3,,,0
4300,'1',618,,4021,3,,,0,30,,4022,3,,,0,66,,4023,3,,,0,30,,4024,3,,,0,70,,4025,3,,,0,30,,4026,3,,,0,69,,4027,3,,,0,27,,4028,3,,,0,70,,4029,3,,,0,30,,4030,3,,,0,70,,4031,3,,,0,30,,4032,3,,,0,70,,4033,3,,,0,30,,4034,3,,,0,70,,4035,3,,,0,30,,4036,3,,,0,70,,4037,3,,,0,30,,4038,3,,,0,67,,4039,3,,,0,30,,4040,3,,,0,70,,4041,3,,,0,30,,4042,3,,,0,70,,4043,3,,,0,30,,4044,3,,,0,70,,4045,3,,,0,30,,4046,3,,,0,70,,4047,3,,,0,100,,4048,3,,,0,100,,4049,3,,,0,100,,4050,3,,,0,100,,4051,3,4,,0
4300,'2',637,,4052,3,,,0,100,,4053,3,,,0,100,,4054,3,,,0,100,,4055,3,,,0,100,,4056,3,,,0,70,,4070,3,,,0,30,,4057,3,,,0,70,,4071,3,,,0,30,,4058,3,,,0,100,,4059,3,,,0,70,,4073,3,,,0,30,,4060,3,,,0,70,,4074,3,,,0,30,,4061,3,,,0,70,,4075,3,,,0,30,,4062,3,,,0,70,,4076,3,,,0,30,,4063,3,,,0,70,,4077,3,,,0,30,,4064,3,,,0,100,,4065,3,,,0,100,,4066,3,,,0,100,,4067,3,,,0,100,,4068,3,,,0
4300,'3',837,,4078,3,,,0,100,,4079,3,,,0,100,,4080,3,,,0,100,,4081,3,,,0,100,,4082,3,,,0,100,,4083,3,,,0,100,,4084,3,,,0,100,,4085,3,,,0,100,,4086,3,,,0,100,,4087,3,,,0,100,,4088,3,,,0,100,,4089,3,,,0,100,,4090,3,,,0,100,,4091,3,,,0
4400,'1',625,,4161,3,,,0,30,,4162,3,,,0,66,,4163,3,,,0,30,,4164,3,,,0,70,,4165,3,,,0,30,,4166,3,,,0,69,,4167,3,,,0,28,,4168,3,,,0,70,,4169,3,,,0,30,,4170,3,,,0,70,,4171,3,,,0,30,,4172,3,,,0,70,,4173,3,,,0,30,,4174,3,,,0,70,,4175,3,,,0,30,,4176,3,,,0,70,,4177,3,,,0,30,,4178,3,,,0,67,,4179,3,,,0,30,,4180,3,,,0,70,,4181,3,,,0,30,,4182,3,,,0,70,,4183,3,,,0,30,,4184,3,,,0,102,,4185,3,,,0,100,,4186,3,,,0,100,,4187,3,,,0,100,,4188,3,,,0,100,,4189,3,,,0,101,,4190,3,,,0
4400,'2',717,,4200,3,,,0,100,,4199,3,,,0,100,,4198,3,,,0,100,,4197,3,,,0,100,,4202,3,,,0,30,,4203,3,,,0,70,,4204,3,,,0,30,,4205,3,,,0,70,,4206,3,,,0,30,,4207,3,,,0,70,,4208,3,,,0,30,,4209,3,,,0,70,,4210,3,,,0,30,,4211,3,,,0,100,,4212,3,,,0,70,,4213,3,,,0,30,,4214,3,,,0,70,,4215,3,,,0,30,,4216,3,,,0,70,,4196,3,,,0,100,,4195,3,,,0,100,,4194,3,,,0,100,,4193,3,,,0,100,,4192,3,,,0
4400,'3',917,,4229,3,,,0,100,,4228,3,,,0,100,,4224,3,,,0,100,,4223,3,,,0,100,,4222,3,,,0,100,,4221,3,,,0,100,,4220,3,,,0,100,,4219,3,,,0,100,,4218,3,,,0,100,,4217,3,,,0,100,,4227,3,,,0,100,,4226,3,,,0,100,,4225,3,,,0
4500,'1',632,,4291,3,,,0,26,,4292,3,,,0,70,,4293,3,,,0,30,,4294,3,,,0,70,,4295,3,,,0,30,,4296,3,,,0,69,,4297,3,,,0,30,,4298,3,,,0,70,,4299,3,,,0,30,,4300,3,,,0,70,,4301,3,,,0,30,,4302,3,,,0,70,,4303,3,,,0,30,,4304,3,,,0,70,,4305,3,,,0,30,,4306,3,,,0,70,,4307,3,,,0,30,,4308,3,,,0,66,,4309,3,,,0,30,,4310,3,,,0,70,,4311,3,,,0,30,,4312,3,,,0,70,,4313,3,,,0,93,,4314,3,,,0,111,,4315,3,,,0,100,,4316,3,,,0,100,,4317,3,,,0,100,,4318,3,,,0,100,,4319,3,,,0
4500,'2',657,,4328,3,,,0,100,,4327,3,,,0,100,,4326,3,,,0,100,,4325,3,,,0,100,,4320,3,,,0,70,,4330,3,,,0,30,,4331,3,,,0,70,,4332,3,,,0,30,,4333,3,,,0,70,,4334,3,,,0,30,,4335,3,,,0,70,,4336,3,,,0,30,,4337,3,,,0,70,,4338,3,,,0,30,,4339,3,,,0,70,,4340,3,,,0,30,,4341,3,,,0,70,,4342,3,,,0,30,,4343,3,,,0,70,,4344,3,,,0,30,,4345,3,,,0,100,,4324,3,,,0,100,,4323,3,,,0,100,,4322,3,,,0
4500,'3',857,,4358,3,,,0,100,,4357,3,,,0,100,,4346,3,,,0,100,,4356,3,,,0,100,,4355,3,,,0,100,,4354,3,,,0,100,,4353,3,,,0,100,,4352,3,,,0,100,,4351,3,,,0,100,,4350,3,,,0,100,,4349,3,,,0,101,,4348,3,,,0,99,,4347,3,,,0
4600,'1',610,,4424,3,,,0,29,,4425,3,,,0,66,,4426,3,,,0,30,,4427,3,,,0,70,,4428,3,,,0,30,,4429,3,,,0,71,,4430,3,,,0,29,,4431,3,,,0,70,,4432,3,,,0,30,,4433,3,,,0,70,,4434,3,,,0,30,,4435,3,,,0,70,,4436,3,,,0,30,,4437,3,,,0,70,,4438,3,,,0,30,,4439,3,,,0,70,,4440,3,,,0,29,,4441,3,,,0,25,,4442,3,,,0,70,,4443,3,,,0,30,,4444,3,,,0,70,,4445,3,,,0,30,,4446,3,,,0,70,,4447,3,,,0,30,,4448,3,,,0
