'10801',1439201,141500,,'',0,13000,,'',0,7000,,'',0,10000,,'',0
'1201',1439201,141500,,'',0,13000,,'',0,7000,,'',0,10000,,'',0
'1',1439201,64500,,'',0,7000,,'',0,3000,,'',0,7000,,'',0,3000,,'',0,7000,,'',0,3000,,'',0,7000,,'',0,3000,,'',0,7000,,'',0,3000,,'',0,7000,,'',0,3000,,'',0,7000,,'',0,3000,,'',0,10000,,'',0,7000,,'',0,13000,,'',0,10000,,'',0,7000,,'',0,10800,,'',0,10000,,'',0,10000,,'',0,10000,,'',0,10000,,'',0,10000,,'',0
'2',1439201,62300,,'',0,10000,,'',0,10000,,'',0,10000,,'',0,10000,,'',0,9200,,'',0,3000,,'',0,7000,,'',0,3000,,'',0,7000,,'',0,3000,,'',0,7000,,'',0,3000,,'',0,7000,,'',0,3000,,'',0,7000,,'',0,3000,,'',0,7000,,'',0,3000,,'',0,7000,,'',0,10800,,'',0,10000,,'',0,10000,,'',0,10000,,'',0,10000,,'',0,10000,,'',0
'3',1439201,82300,,'',0,10000,,'',0,10000,,'',0,10000,,'',0,10000,,'',0,10000,,'',0,10000,,'',0,10000,,'',0,10000,,'',0,10000,,'',0,10000,,'',0,10000,,'',0,10000,,'',0,10000,,'',0
'10801',1439300,85500,4,'',0,56000,4,'',0,13000,4,'',0,7000,4,'',0,10000,4,'',0,13000,4,'',0
'1201',1439300,85500,4,'',0,56000,4,'',0,13000,4,'',0,7000,4,'',0,10000,4,'',0,13000,4,'',0
'1',1439300,64500,4,'',0,7000,4,'',0,3000,4,'',0,7000,4,'',0,3000,4,'',0,7000,4,'',0,3000,4,'',0,7000,4,'',0,3000,4,'',0,7000,4,'',0,3000,4,'',0,7000,4,'',0,3000,4,'',0,7000,4,'',0,3000,4,'',0,10000,4,'',0,7000,4,'',0,13000,4,'',0,10000,4,'',0,7000,4,'',0,10500,4,'',0,10000,4,'',0,10000,4,'',0,10000,4,'',0,10000,4,'',0,10000,4,'',0
'2',1439300,72000,4,'',0,10000,4,'',0,10000,4,'',0,10000,4,'',0,9500,4,'',0,3000,4,'',0,7000,4,'',0,3000,4,'',0,7000,4,'',0,3000,4,'',0,7000,4,'',0,3000,4,'',0,7000,4,'',0,3000,4,'',0,7000,4,'',0,3000,4,'',0,7000,4,'',0,3000,4,'',0,7000,4,'',0,3000,4,'',0,7500,4,'',0,10000,4,'',0,10000,4,'',0,10000,4,'',0,10000,4,'',0,10000,4,'',0
'3',1439300,92000,4,'',0,10000,4,'',0,10000,4,'',0,10000,4,'',0,10000,4,'',0,10000,4,'',0,10000,4,'',0,10000,4,'',0,10000,4,'',0,10000,4,'',0,10000,4,'',0,10000,4,'',0,10000,4,'',0
