1470100,'1',723,,14486,12,0,7,0,20,,14487,12,0,7,0,60,,14488,12,0,7,0,20,,14489,12,0,7,0,20,,14490,12,0,7,0,60,,14491,12,0,7,0,20,,14492,12,0,7,0,20,,14519,12,0,7,0,73,,14520,12,0,7,0,35,,14521,12,0,7,0,70,,14522,12,0,7,0,30,,14523,12,0,7,0,70,,14524,12,0,7,0,30,,14525,12,0,7,0,70,,14526,12,0,7,0,30,,14527,12,0,7,0,75,,14528,12,0,7,0,23,,14529,12,0,7,0,60,,14564,12,0,7,0,19,,14493,12,0,7,0,18,,14494,12,0,7,0,60,,14495,12,0,7,0,20,,14496,12,0,7,0,20,,14497,12,0,7,0,60,,14498,12,0,7,0,20,,14499,12,0,7,0,20,,14500,12,0,7,0,60,,14501,12,0,7,0,20,,14541,12,0,7,0,20,,14542,12,0,7,0,66,,14543,12,0,7,0,45,,14546,12,0,7,0,85,,14547,12,0,7,0,85,,14548,12,0,7,0,85,,14549,12,0,7,0,45,,14550,12,0,7,0,85,,14551,12,0,7,0
1470100,'2',646,,14584,12,0,7,0,85,,14585,12,0,7,0,85,,14586,12,0,7,0,85,,14587,12,0,7,0,45,,14588,12,0,7,0,85,,14589,12,0,7,0,85,,14590,12,0,7,0,30,,14599,12,0,7,0,70,,14600,12,0,7,0,30,,14601,12,0,7,0,70,,14602,12,0,7,0,30,,14603,12,0,7,0,70,,14604,12,0,7,0,30,,14605,12,0,7,0,70,,14606,12,0,7,0,30,,14607,12,0,7,0,70,,14608,12,0,7,0,30,,14609,12,0,7,0,70,,14610,12,0,7,0,30,,14611,12,0,7,0,70,,14612,12,0,7,0,30,,14613,12,0,7,0,85,,14630,12,0,7,0,85,,14629,12,0,7,0,85,,14631,12,0,7,0
1470100,'3',859,,14636,12,0,7,0,85,,14637,12,0,7,0,85,,14638,12,0,7,0,85,,14639,12,0,7,0,45,,14640,12,0,7,0,85,,14641,12,0,7,0,85,,14669,12,0,7,0,85,,14642,12,0,7,0,45,,14643,12,0,7,0,85,,14644,12,0,7,0,85,,14645,12,0,7,0,85,,14646,12,0,7,0,45,,14647,12,0,7,0,85,,14648,12,0,7,0,85,,14649,12,0,7,0,85,,14650,12,0,7,0,45,,14651,12,0,7,0
1470601,'1',723,,15231,17,,,0,80,,15232,17,,,0,40,,15233,17,,,0,80,,15234,17,,,0,80,,15235,17,,,0,40,,15236,17,,,0,80,,15237,17,,,0,80,,15238,17,,,0,40,,15239,17,,,0,80,,15240,17,,,0,80,,15241,17,,,0,40,,15242,17,,,0,80,,15243,17,,,0,80,,15244,17,,,0,40,,15245,17,,,0,80,,15246,17,,,0,80,,15247,17,,,0,40,,15248,17,,,0,80,,15249,17,,,0,80,,15250,17,,,0,40,,15251,17,,,0,80,,15252,17,,,0,80,,15253,17,,,0,40,,15254,17,,,0
1470601,'2',803,,15257,17,,,0,40,,15258,17,,,0,80,,15259,17,,,0,80,,15260,17,,,0,40,,15261,17,,,0,80,,15262,17,,,0,80,,15263,17,,,0,40,,15264,17,,,0,80,,15265,17,,,0,80,,15266,17,,,0,40,,15267,17,,,0,80,,15268,17,,,0,80,,15269,17,,,0,40,,15270,17,,,0,80,,15271,17,,,0,80,,15272,17,,,0,40,,15273,17,,,0,80,,15274,17,,,0,80,,15275,17,,,0,40,,15276,17,,,0,80,,15277,17,,,0,80,,15278,17,,,0,40,,15279,17,,,0,80,,15280,17,4,,0
1470601,'3',923,,15281,17,,,0,80,,15282,17,,,0,40,,15283,17,,,0,80,,15284,17,,,0,80,,15285,17,,,0,40,,15286,17,,,0,80,,15287,17,,,0,80,,15288,17,,,0,40,,15289,17,,,0,80,,15290,17,,,0,80,,15291,17,,,0,40,,15292,17,,,0,80,,15293,17,,,0,80,,15294,17,,,0,40,,15295,17,,,0,80,,15296,17,,,0,80,,15297,17,,,0,40,,15298,17,,,0,80,,15299,17,,,0,29,,15300,17,,,0
1470701,'1',605,,15390,17,,,0,200,,15373,17,,,0,3,,15392,8,,,0,37,,15374,17,,,0,3,,15391,8,,,0,77,,15375,17,,,0,3,,15393,8,,,0,77,,15376,17,,,0,40,,15377,17,,,0,80,,15378,17,,,0,80,,15379,17,,,0,40,,15380,17,,,0,80,,15381,17,,,0,80,,15382,17,,,0,40,,15383,17,,,0,80,,15384,17,,,0,80,,15385,17,,,0,40,,15386,17,,,0,80,,15387,17,,,0,80,,15388,17,,,0,40,,15389,17,,,0,80,,15394,17,,,0,80,,15395,17,,,0,40,,15396,17,,,0,80,,15397,17,,,0,80,,15398,17,,,0,40,,15399,17,,,0
1470701,'2',645,,15401,17,,,0,80,,15402,17,,,0,80,,15403,17,,,0,40,,15404,17,,,0,80,,15405,17,,,0,80,,15406,17,,,0,40,,15407,17,,,0,80,,15408,17,,,0,80,,15409,17,,,0,40,,15410,17,,,0,80,,15411,17,,,0,80,,15412,17,,,0,40,,15413,17,,,0,80,,15414,17,,,0,80,,15415,17,,,0,40,,15416,17,,,0,80,,15417,17,,,0,80,,15418,17,,,0,40,,15419,17,,,0,80,,15420,17,,,0,80,,15421,17,,,0,40,,15422,17,,,0,80,,15423,17,,,0,80,,15424,17,,,0,40,,15425,17,,,0,80,,15426,17,,,0
1470701,'3',905,,15428,17,,,0,40,,15429,17,,,0,80,,15430,17,,,0,80,,15431,17,,,0,40,,15432,17,,,0,80,,15433,17,,,0,80,,15434,17,,,0,40,,15435,17,,,0,80,,15436,17,,,0,80,,15437,17,,,0,40,,15438,17,,,0,80,,15439,17,,,0,80,,15440,17,,,0,40,,15441,17,,,0,80,,15442,17,,,0,80,,15443,17,,,0,40,,15444,17,,,0,80,,15445,17,,,0,80,,15446,17,,,0
1470801,'1',703,,15466,25,,,0,40,,15467,25,,,0,80,,15468,25,,,0,80,,15469,25,,,0,40,,15470,25,,,0,80,,15471,25,,,0,80,,15472,25,,,0,40,,15473,25,,,0,80,,15474,25,,,0,80,,15475,25,,,0,40,,15476,25,,,0,80,,15483,25,,,0,80,,15477,25,,,0,40,,15478,25,,,0,80,,15479,25,,,0,80,,15480,25,,,0,40,,15481,25,,,0,80,,15482,25,,,0
1472601,'1',608,,16393,19,,,0,40,,16394,19,,,0,80,,16395,19,,,0,80,,16396,19,,,0,38,,16418,10,,,0,2,,16397,19,,,0,78,,16419,10,,,0,2,,16398,19,,,0,80,,16399,19,,,0,40,,16400,19,,,0,80,,16401,19,,,0,80,,16402,19,,,0,40,,16403,19,,,0,80,,16404,19,,,0,80,,16405,19,,,0,40,,16406,19,,,0,80,,16407,19,,,0,80,,16408,19,,,0,40,,16409,19,,,0,80,,16410,19,,,0,80,,16411,19,,,0,40,,16412,19,,,0,84,,16413,19,,,0,100,,16414,19,,,0,100,,16415,19,,,0,100,,16416,19,,,0
1472601,'2',732,,16420,19,,,0,100,,16421,19,,,0,100,,16422,19,,,0,100,,16423,19,,,0,96,,16424,19,,,0,80,,16425,19,,,0,40,,16426,19,,,0,80,,16427,19,,,0,80,,16428,19,,,0,40,,16429,19,,,0,80,,16430,19,,,0,80,,16431,19,,,0,40,,16432,19,,,0,80,,16433,19,,,0,80,,16434,19,,,0,40,,16435,19,,,0,84,,16436,19,,,0,100,,16437,19,,,0,100,,16438,19,,,0
1472601,'3',932,,16443,19,,,0,100,,16444,19,,,0,100,,16445,19,,,0,100,,16446,19,,,0,100,,16447,19,,,0,100,,16448,19,,,0,100,,16449,19,,,0,100,,16450,19,,,0,100,,16451,19,,,0,100,,16452,19,,,0,100,,16440,19,,,0,100,,16441,19,,,0,95,,16442,19,,,0
1473101,'1',628,,16565,20,,,0,80,,16543,20,,,0,38,,16566,10,,,0,2,,16544,20,,,0,80,,16545,20,,,0,80,,16546,20,,,0,40,,16547,20,,,0,80,,16548,20,,,0,80,,16549,20,,,0,40,,16550,20,,,0,80,,16551,20,,,0,80,,16552,20,,,0,40,,16553,20,,,0,80,,16554,20,,,0,80,,16555,20,,,0,40,,16556,20,,,0,80,,16557,20,,,0,80,,16558,20,,,0,40,,16559,20,,,0,80,,16560,20,,,0,30,,16561,20,,,0,144,,16562,20,,,0,100,,16563,20,,,0
1473101,'1201',906,,16568,10,,,0,40,,16567,10,,,0
1473101,'12801',906,,16569,10,,,0,40,,16570,10,,,0
1473101,'2',702,,16590,20,,,0,200,,16571,20,,,0,100,,16572,20,,,0,100,,16573,20,,,0,51,,16574,20,,,0,75,,16575,20,,,0,80,,16576,20,,,0,40,,16577,20,,,0,80,,16578,20,,,0,80,,16579,20,,,0,40,,16580,20,,,0,80,,16581,20,,,0,80,,16582,20,,,0,40,,16583,20,,,0,80,,16584,20,,,0,30,,16585,20,,,0,144,,16586,20,,,0,100,,16587,20,,,0,100,,16588,20,,,0
1473101,'3',1002,,16591,20,,,0,100,,16592,20,,,0,100,,16593,20,,,0,100,,16594,20,,,0,100,,16595,20,,,0,100,,16596,20,,,0,100,,16597,20,,,0,100,,16598,20,,,0,100,,16599,20,,,0,100,,16600,20,,,0,100,,16601,20,,,0,100,,16602,20,,,0
