1472600,'1',645,,16336,6,,,0,80,,16337,6,,,0,80,,16338,6,,,0,40,,16339,6,,,0,80,,16340,6,,,0,80,,16341,6,,,0,40,,16342,6,,,0,80,,16343,6,,,0,80,,16344,6,,,0,40,,16345,6,,,0,80,,16346,6,,,0,80,,16347,6,,,0,40,,16348,6,,,0,80,,16349,6,,,0,80,,16350,6,,,0,40,,16351,6,,,0,80,,16352,6,,,0,80,,16353,6,,,0,40,,16354,6,,,0,103,,16355,6,,,0,100,,16356,6,,,0,100,,16357,6,,,0
1472600,'2',848,,16361,6,,,0,100,,16362,6,,,0,99,,16363,6,,,0,78,,16364,6,,,0,80,,16365,6,,,0,40,,16366,6,,,0,80,,16367,6,,,0,80,,16368,6,,,0,40,,16369,6,,,0,80,,16370,6,,,0,80,,16371,6,,,0,40,,16372,6,,,0,80,,16373,6,,,0,80,,16374,6,,,0,40,,16375,6,,,0,103,,16376,6,,,0,100,,16377,6,,,0,100,,16378,6,,,0,100,,16379,6,,,0
1472600,'3',948,,16381,6,,,0,100,,16382,6,,,0,100,,16385,6,,,0,100,,16386,6,,,0,100,,16387,6,,,0,100,,16388,6,,,0,100,,16389,6,,,0,100,,16390,6,,,0,100,,16391,6,,,0,100,,16392,6,,,0,100,,16383,6,,,0,100,,16384,6,,,0
1473100,'1',625,,16483,6,,,0,80,,16484,6,,,0,40,,16485,6,,,0,80,,16486,6,,,0,80,,16487,6,,,0,40,,16488,6,,,0,80,,16489,6,,,0,80,,16490,6,,,0,40,,16491,6,,,0,80,,16492,6,,,0,80,,16493,6,,,0,40,,16494,6,,,0,80,,16495,6,,,0,80,,16496,6,,,0,40,,16497,6,,,0,80,,16498,6,,,0,80,,16499,6,,,0,40,,16500,6,,,0,80,,16501,6,,,0,80,,16502,6,,,0,113,,16503,6,,,0,100,,16504,6,,,0,100,,16505,6,,,0,100,,16506,6,,,0
1473100,'12801',1615,,16509,6,,,0
1473100,'2',818,,16511,6,,,0,100,,16512,6,,,0,100,,16513,6,,,0,97,,16514,6,,,0,30,,16515,6,,,0,80,,16516,6,,,0,80,,16517,6,,,0,40,,16518,6,,,0,80,,16519,6,,,0,80,,16520,6,,,0,40,,16521,6,,,0,80,,16522,6,,,0,80,,16523,6,,,0,40,,16524,6,,,0,80,,16525,6,,,0,80,,16526,6,,,0,113,,16527,6,,,0,100,,16528,6,,,0,100,,16529,6,,,0
1473100,'3',918,,16530,6,,,0,100,,16531,6,,,0,100,,16532,6,,,0,100,,16533,6,,,0,100,,16534,6,,,0,100,,16535,6,,,0,100,,16536,6,,,0,100,,16537,6,,,0,100,,16538,6,,,0,100,,16539,6,,,0,100,,16540,6,,,0,100,,16541,6,,,0,99,,16542,6,,,0
1473800,'1',603,,17376,2,,,0,28,,17377,2,,,0,28,,17378,2,,,0,68,,17379,2,,,0,28,,17380,2,,,0,68,,17381,2,,,0,28,,17382,2,,,0,68,,17383,2,,,0,35,,17384,2,,,0,75,,17385,2,,,0,75,,17386,2,,,0,35,,17387,2,,,0,75,,17388,2,,,0,35,,17389,2,,,0,75,,17390,2,,,0,35,,17391,2,,,0,75,,17392,2,,,0,73,,17393,2,,,0,34,,17394,2,,,0,66,,17395,2,,,0,28,,17396,2,,,0,68,,17397,2,,,0,28,,17398,2,,,0,28,,17399,2,,,0,68,,17400,2,,,0,80,,17401,2,,,0,40,,17402,2,,,0,80,,17403,2,,,0,80,,17404,2,,,0,40,,17405,2,,,0,80,,17406,2,,,0,80,,17407,2,,,0,40,,17408,2,,,0
1473800,'2',636,,17410,2,,,0,80,,17411,2,,,0,40,,17412,2,,,0,80,,17413,2,,,0,80,,17414,2,,,0,40,,17415,2,,,0,80,,17416,2,,,0,82,,17417,2,,,0,25,,17418,2,,,0,63,,17419,2,,,0,27,,17420,2,,,0,25,,17421,2,,,0,65,,17422,2,,,0,25,,17423,2,,,0,65,,17424,2,,,0,25,,17425,2,,,0,65,,17426,2,,,0,25,,17427,2,,,0,25,,17428,2,,,0,65,,17429,2,,,0,25,,17430,2,,,0,65,,17431,2,,,0,25,,17432,2,,,0,25,,17433,2,,,0,65,,17434,2,,,0,27,,17435,2,,,0,80,,17436,2,,,0,80,,17437,2,,,0,40,,17438,2,,,0,80,,17439,2,,,0,80,,17440,2,,,0,40,,17441,2,,,0,80,,17442,2,,,0
1473800,'3',901,,17443,2,,,0,40,,17444,2,,,0,80,,17445,2,,,0,80,,17446,2,,,0,40,,17447,2,,,0,80,,17448,2,,,0,80,,17449,2,,,0,40,,17450,2,,,0,80,,17451,2,,,0,80,,17452,2,,,0,40,,17453,2,,,0,80,,17454,2,,,0,80,,17455,2,,,0,40,,17456,2,,,0,80,,17457,2,,,0,80,,17458,2,,,0,40,,17459,2,,,0,80,,17460,2,,,0,80,,17461,2,,,0,40,,17462,2,,,0
