301,'1',652,,466,12,,,0,70,,465,12,,,0,30,,464,12,,,0,70,,463,12,,,0,30,,462,12,,,0,70,,461,12,,,0,30,,460,12,,,0,70,,459,12,,,0,30,,458,12,,,0,70,,457,12,,,0,30,,456,12,,,0,70,,455,12,,,0,30,,454,12,,,0,70,,453,12,,,0,30,,452,12,,,0,70,,451,12,,,0,30,,450,12,,,0,70,,449,12,,,0,30,,448,12,,,0,70,,447,12,,,0,30,,446,12,,,0,70,,445,12,,,0,30,,444,12,,,0,70,,443,12,,,0,27,,442,12,,,0,74,,441,12,,,0,100,,440,12,,,0,100,,439,12,,,0,100,,438,12,,,0
301,'2',823,,491,12,,,0,100,,490,12,,,0,100,,489,12,,,0,99,,488,12,,,0,30,,487,12,,,0,70,,486,12,,,0,30,,485,12,,,0,70,,484,12,,,0,30,,483,12,,,0,70,,482,12,,,0,30,,481,12,,,0,70,,480,12,,,0,30,,479,12,,,0,70,,478,12,,,0,30,,477,12,,,0,70,,476,12,,,0,30,,475,12,,,0,70,,474,12,,,0,27,,473,12,,,0,74,,472,12,,,0,100,,471,12,,,0,100,,470,12,,,0,100,,469,12,,,0,100,,468,12,,,0
301,'3',923,,504,12,,,0,100,,503,12,,,0,100,,502,12,,,0,100,,501,12,,,0,100,,500,12,,,0,100,,499,12,,,0,100,,498,12,,,0,100,,497,12,,,0,100,,496,12,,,0,100,,495,12,,,0,100,,494,12,,,0,100,,493,12,,,0,100,,492,12,,,0
6000,'1',636,,4748,15,,,0,70,,4747,15,,,0,30,,4746,15,,,0,70,,4745,15,,,0,30,,4744,15,,,0,70,,4743,15,,,0,30,,4742,15,,,0,70,,4741,15,,,0,30,,4740,15,,,0,70,,4739,15,,,0,30,,4738,15,,,0,70,,4737,15,,,0,30,,4736,15,,,0,70,,4735,15,,,0,30,,4734,15,,,0,70,,4733,15,,,0,30,,4732,15,,,0,70,,4731,15,,,0,30,,4730,15,,,0,70,,4729,15,,,0,30,,4728,15,,,0,70,,4727,15,,,0,30,,4726,15,,,0,70,,4725,15,,,0,30,,4724,15,,,0,70,,4749,15,,,0,99,,4723,15,,,0,100,,4722,15,,,0
6000,'2',705,,4773,15,,,0,100,,4772,15,,,0,100,,4771,15,,,0,100,,4770,15,,,0,100,,4769,15,,,0,30,,4768,15,,,0,70,,4767,15,,,0,30,,4766,15,,,0,70,,4765,15,,,0,30,,4764,15,,,0,70,,4763,15,,,0,30,,4762,15,,,0,70,,4761,15,,,0,30,,4760,15,,,0,70,,4759,15,,,0,30,,4758,15,,,0,70,,4757,15,,,0,30,,4756,15,,,0,70,,4755,15,,,0,30,,4754,15,,,0,70,,4774,15,,,0,100,,4753,15,,,0,100,,4752,15,,,0,100,,4751,15,,,0
6000,'3',905,,4787,15,,,0,100,,4786,15,,,0,100,,4785,15,,,0,100,,4784,15,,,0,100,,4783,15,,,0,100,,4782,15,,,0,100,,4781,15,,,0,100,,4780,15,,,0,100,,4779,15,,,0,100,,4778,15,,,0,100,,4788,15,,,0,100,,4777,15,,,0,100,,4776,15,,,0
6500,'1',621,,5317,15,,,0,30,,5318,15,,,0,70,,5316,15,,,0,30,,5315,15,,,0,70,,5314,15,,,0,30,,5313,15,,,0,70,,5312,15,,,0,30,,5311,15,,,0,70,,5310,15,,,0,30,,5309,15,,,0,70,,5308,15,,,0,30,,5307,15,,,0,70,,5306,15,,,0,30,,5305,15,,,0,70,,5304,15,,,0,30,,5303,15,,,0,70,,5302,15,,,0,30,,5301,15,,,0,70,,5300,15,,,0,30,,5299,15,,,0,70,,5298,15,,,0,30,,5297,15,,,0,70,,5296,15,,,0,30,,5295,15,,,0,70,,5294,15,,,0,30,,5293,15,,,0,85,,5292,15,,,0,200,,5289,15,,,0,100,,5291,15,,,0,100,,5290,15,,,0
6500,'12901',849,,5320,7,,,0,70,,5321,7,,,0
6500,'2',636,,5347,15,,,0,100,,5346,15,,,0,100,,5345,15,,,0,100,,5344,15,,,0,100,,5343,15,,,0,85,,5342,15,,,0,30,,5341,15,,,0,70,,5340,15,,,0,30,,5339,15,,,0,70,,5338,15,,,0,30,,5337,15,,,0,70,,5336,15,,,0,30,,5335,15,,,0,70,,5334,15,,,0,30,,5333,15,,,0,70,,5332,15,,,0,30,,5331,15,,,0,70,,5330,15,,,0,30,,5329,15,,,0,70,,5328,15,,,0,30,,5327,15,,,0,85,,5326,15,,,0,200,,5322,15,,,0,200,,5323,15,,,0
6500,'3',836,,5354,8,,,0,100,,5353,15,,,0,100,,5352,15,,,0,100,,5355,15,,,0,100,,5356,15,,,0,100,,5357,15,,,0,100,,5358,15,,,0,100,,5359,15,,,0,100,,5360,15,,,0,100,,5361,15,,,0,100,,5362,15,,,0,100,,5351,15,,,0,100,,5350,15,,,0,95,,5349,15,,,0
