1469001,'1',1544,,12737,16,4,,0
1469001,'1201',1544,,12738,16,4,,0
1469001,'12801',1544,,12739,16,4,,0
1469100,'1',646,,12793,1,0,18 19,0,70,,12794,1,0,18 19,0,30,,12795,1,0,18 19,0,70,,12796,1,0,18 19,0,30,,12797,1,0,18 19,0,70,,12798,1,0,18 19,0,30,,12799,1,0,18 19,0,70,,12800,1,0,18 19,0,30,,12801,1,0,18 19,0,70,,12802,1,0,18 19,0,30,,12803,1,0,18 19,0,70,,12804,1,0,18 19,0,30,,12805,1,0,18 19,0,70,,12806,1,0,18 19,0,30,,12807,1,0,18 19,0,70,,12808,1,0,18 19,0,30,,12809,1,0,18 19,0,70,,12810,1,0,18 19,0,30,,12811,1,0,18 19,0,70,,12812,1,0,18 19,0,30,,12813,1,0,18 19,0,70,,12814,1,0,18 19,0,30,,12815,1,0,18 19,0,70,,12816,1,0,18 19,0,30,,12817,1,0,18 19,0,100,,12818,1,0,18 19,0,100,,12819,1,0,18 19,0,100,,12820,1,0,18 19,0,100,,12821,1,0,18 19,0,101,,12822,1,0,18 19,0
1469100,'2',646,,12823,1,0,18 19,0,100,,12824,1,0,18 19,0,100,,12825,1,0,18 19,0,100,,12826,1,0,18 19,0,100,,12827,1,0,18 19,0,100,,12828,1,0,18 19,0,70,,12829,1,0,18 19,0,30,,12830,1,0,18 19,0,70,,12831,1,0,18 19,0,30,,12832,1,0,18 19,0,70,,12833,1,0,18 19,0,30,,12834,1,0,18 19,0,70,,12835,1,0,18 19,0,30,,12836,1,0,18 19,0,70,,12837,1,0,18 19,0,30,,12838,1,0,18 19,0,70,,12839,1,0,18 19,0,30,,12840,1,0,18 19,0,70,,12841,1,0,18 19,0,30,,12842,1,0,18 19,0,100,,12843,1,0,18 19,0,100,,12844,1,0,18 19,0,100,,12845,1,0,18 19,0,100,,12846,1,0,18 19,0
1469100,'3',846,,12847,1,0,18 19,0,100,,12848,1,0,18 19,0,100,,12849,1,0,18 19,0,100,,12850,1,0,18 19,0,100,,12851,1,0,18 19,0,100,,12852,1,0,18 19,0,100,,12853,1,0,18 19,0,100,,12854,1,0,18 19,0,100,,12855,1,0,18 19,0,100,,12856,1,0,18 19,0,100,,12857,1,0,18 19,0,100,,12858,1,0,18 19,0,101,,12859,1,0,18 19,0
1469101,'1',614,,12891,39,4,,0,30,,12892,39,4,,0,70,,12860,39,4,,0,30,,12861,39,4,,0,70,,12862,39,4,,0,30,,12863,39,4,,0,70,,12864,39,4,,0,30,,12865,39,4,,0,70,,12866,39,4,,0,30,,12867,39,4,,0,70,,12868,39,4,,0,30,,12869,39,4,,0,70,,12870,39,4,,0,30,,12871,39,4,,0,70,,12872,39,4,,0,30,,12873,39,4,,0,70,,12874,39,4,,0,30,,12875,39,4,,0,70,,12876,39,4,,0,30,,12877,39,4,,0,70,,12878,39,4,,0,30,,12879,39,4,,0,70,,12880,39,4,,0,30,,12881,39,4,,0,70,,12882,39,4,,0,30,,12883,39,4,,0,100,,12885,39,4,,0,100,,12886,39,4,,0,100,,12887,39,4,,0,100,,12888,39,4,,0
1469101,'2',744,,12893,39,4,,0,100,,12894,39,4,,0,100,,12895,39,4,,0,100,,12896,39,4,,0,100,,12897,39,4,,0,70,,12898,39,4,,0,30,,12899,39,4,,0,70,,12900,39,4,,0,30,,12901,39,4,,0,70,,12902,39,4,,0,30,,12903,39,4,,0,70,,12904,39,4,,0,30,,12905,39,4,,0,70,,12906,39,4,,0,30,,12907,39,4,,0,70,,12908,39,4,,0,30,,12909,39,4,,0,70,,12910,39,4,,0,30,,12911,39,4,,0,70,,12912,39,4,,0,30,,12913,39,4,,0,100,,12914,39,4,,0,100,,12915,39,4,,0,100,,12916,39,4,,0
1469101,'3',844,,12919,39,4,,0,100,,12920,39,4,,0,100,,12921,39,4,,0,100,,12922,39,4,,0,100,,12923,39,4,,0,100,,12924,39,4,,0,100,,12925,39,4,,0,100,,12926,39,4,,0,100,,12927,39,4,,0,100,,12928,39,4,,0,100,,12929,39,4,,0,100,,12930,39,4,,0,100,,12931,39,4,,0,95,,12932,39,4,,0
1473200,'1',714,,16630,20,4,,0,30,,16629,20,4,,0,70,,16628,20,4,,0,30,,16627,20,4,,0,70,,16626,20,4,,0,30,,16625,20,4,,0,70,,16624,20,4,,0,30,,16623,20,4,,0,70,,16622,20,4,,0,30,,16621,20,4,,0,70,,16620,20,4,,0,30,,16619,20,4,,0,70,,16618,20,4,,0,30,,16617,20,4,,0,70,,16616,20,4,,0,30,,16615,20,4,,0,70,,16614,20,4,,0,30,,16613,20,4,,0,70,,16612,20,4,,0,30,,16611,20,4,,0,70,,16610,20,4,,0,30,,16609,20,4,,0,70,,16608,20,4,,0,30,,16607,20,4,,0,70,,16632,20,4,,0,100,,16606,20,4,,0,100,,16605,20,4,,0,100,,16604,20,4,,0,100,,16603,20,4,,0
1473200,'2',814,,16655,20,4,,0,100,,16654,20,4,,0,100,,16653,20,4,,0,100,,16652,20,4,,0,30,,16651,20,4,,0,70,,16650,20,4,,0,30,,16649,20,4,,0,70,,16648,20,4,,0,30,,16647,20,4,,0,70,,16646,20,4,,0,30,,16645,20,4,,0,70,,16644,20,4,,0,30,,16643,20,4,,0,70,,16642,20,4,,0,30,,16641,20,4,,0,70,,16640,20,4,,0,30,,16639,20,4,,0,70,,16638,20,4,,0,30,,16637,20,4,,0,70,,16657,20,4,,0,100,,16636,20,4,,0,100,,16635,20,4,,0,100,,16634,20,4,,0,100,,16633,20,4,,0
1473200,'3',914,,16670,20,4,,0,100,,16669,20,4,,0,100,,16668,20,4,,0,100,,16667,20,4,,0,100,,16666,20,4,,0,100,,16665,20,4,,0,100,,16664,20,4,,0,100,,16663,20,4,,0,100,,16662,20,4,,0,100,,16661,20,4,,0,100,,16671,20,4,,0,100,,16660,20,4,,0,100,,16659,20,4,,0
1473201,'1',616,,16672,1,,,0,30,,16696,1,,,0,70,,16695,1,,,0,30,,16694,1,,,0,70,,16693,1,,,0,30,,16692,1,,,0,70,,16691,1,,,0,30,,16690,1,,,0,70,,16689,1,,,0,30,,16688,1,,,0,70,,16687,1,,,0,30,,16686,1,,,0,70,,16685,1,,,0,30,,16684,1,,,0,70,,16683,1,,,0,30,,16682,1,,,0,70,,16681,1,,,0,30,,16680,1,,,0,70,,16679,1,,,0,30,,16678,1,,,0,68,,16703,1,,,0,2,,16677,1,,,0,28,,16704,1,,,0,2,,16676,1,,,0,100,,16702,1,,,0,70,,16675,1,,,0,100,,16674,1,,,0,100,,16697,1,,,0,100,,16698,1,,,0,100,,16699,1,,,0,100,,16700,1,,,0
1473201,'2',716,,16729,1,,,0,100,,16722,1,,,0,100,,16721,1,,,0,100,,16720,1,,,0,100,,16719,1,,,0,30,,16718,1,,,0,70,,16717,1,,,0,30,,16716,1,,,0,70,,16715,1,,,0,30,,16714,1,,,0,70,,16713,1,,,0,30,,16712,1,,,0,70,,16711,1,,,0,30,,16710,1,,,0,70,,16709,1,,,0,30,,16708,1,,,0,100,,16728,1,,,0,70,,16707,1,,,0,100,,16706,1,,,0,100,,16723,1,,,0,100,,16724,1,,,0,100,,16725,1,,,0,100,,16726,1,,,0
1473201,'3',916,,16740,1,,,0,100,,16739,1,,,0,100,,16738,1,,,0,100,,16737,1,,,0,100,,16736,1,,,0,100,,16735,1,,,0,100,,16734,1,,,0,100,,16733,1,,,0,100,,16743,1,,,0,100,,16732,1,,,0,100,,16731,1,,,0,100,,16741,1,,,0,101,,16742,1,,,0
1473600,'1',629,,17199,20,4,,0,30,,17200,20,4,,0,70,,17198,20,4,,0,30,,17197,20,4,,0,70,,17196,20,4,,0,26,,17202,12,4,,0,4,,17195,20,4,,0,66,,17203,12,4,,0,4,,17194,20,4,,0,30,,17193,20,4,,0,70,,17192,20,4,,0,30,,17191,20,4,,0,70,,17190,20,4,,0,30,,17189,20,4,,0,70,,17188,20,4,,0,30,,17187,20,4,,0,70,,17186,20,4,,0,30,,17185,20,4,,0,70,,17184,20,4,,0,30,,17183,20,4,,0,70,,17182,20,4,,0,30,,17181,20,4,,0,70,,17180,20,4,,0,30,,17179,20,4,,0,70,,17178,20,4,,0,30,,17177,20,4,,0,70,,17176,20,4,,0,30,,17175,20,4,,0,85,,17174,20,4,,0,100,,17173,20,4,,0,100,,17170,20,4,,0
1473600,'2',644,,17229,20,4,,0,100,,17228,20,4,,0,100,,17227,20,4,,0,100,,17226,20,4,,0,100,,17225,20,4,,0,85,,17224,20,4,,0,30,,17223,20,4,,0,70,,17222,20,4,,0,30,,17221,20,4,,0,70,,17220,20,4,,0,30,,17219,20,4,,0,70,,17218,20,4,,0,30,,17217,20,4,,0,70,,17216,20,4,,0,30,,17215,20,4,,0,70,,17214,20,4,,0,30,,17213,20,4,,0,70,,17212,20,4,,0,30,,17211,20,4,,0,70,,17210,20,4,,0,30,,17209,20,4,,0,85,,17208,20,4,,0,100,,17207,20,4,,0,100,,17204,20,4,,0
1473600,'3',844,,17236,13,4,,0,100,,17235,20,4,,0,100,,17234,20,4,,0,100,,17237,20,4,,0,100,,17238,20,4,,0,100,,17239,20,4,,0,100,,17240,20,4,,0,100,,17241,20,4,,0,100,,17242,20,4,,0,100,,17243,20,4,,0,100,,17244,20,4,,0,100,,17233,20,4,,0,100,,17232,20,4,,0,94,,17231,20,4,,0
1473601,'1',631,,17276,1,,,0,70,,17275,1,,,0,30,,17274,1,,,0,70,,17273,1,,,0,30,,17272,1,,,0,70,,17271,1,,,0,30,,17270,1,,,0,70,,17269,1,,,0,30,,17268,1,,,0,70,,17267,1,,,0,30,,17266,1,,,0,70,,17265,1,,,0,30,,17264,1,,,0,70,,17263,1,,,0,30,,17262,1,,,0,70,,17261,1,,,0,30,,17260,1,,,0,70,,17259,1,,,0,30,,17258,1,,,0,15,,17277,1,0,6 15,0,55,,17257,1,,,0,30,,17256,1,,,0,27,,17278,1,0,6 15,0,43,,17255,1,,,0,30,,17254,1,,,0,70,,17253,1,,,0,30,,17252,1,,,0,15,,17245,1,,,0,100,,17251,1,,,0,100,,17250,1,,,0,301,,17248,1,,,0
1473601,'2',646,,17306,1,,,0,100,,17305,1,,,0,100,,17304,1,,,0,100,,17303,1,,,0,100,,17302,1,,,0,55,,17301,1,,,0,30,,17300,1,,,0,70,,17299,1,,,0,30,,17298,1,,,0,70,,17297,1,,,0,30,,17296,1,,,0,70,,17295,1,,,0,30,,17294,1,,,0,70,,17293,1,,,0,30,,17292,1,,,0,70,,17291,1,,,0,30,,17290,1,,,0,70,,17289,1,,,0,30,,17288,1,,,0,70,,17287,1,,,0,30,,17286,1,,,0,15,,17279,1,,,0,100,,17285,1,,,0,100,,17284,1,,,0,100,,17283,1,,,0
1473601,'3',846,,17312,1,,,0,100,,17311,1,,,0,100,,17310,1,,,0,100,,17313,1,,,0,100,,17314,1,,,0,100,,17315,1,,,0,100,,17316,1,,,0,100,,17317,1,,,0,100,,17318,1,,,0,100,,17319,1,,,0,100,,17307,1,,,0,100,,17309,1,,,0,101,,17308,1,,,0
