1400,'1',624,,2199,25,,,0,130,,2209,25,,,0,70,,2208,25,,,0,30,,2207,25,,,0,70,,2206,25,,,0,100,,2205,25,,,0,100,,2204,25,,,0,100,,2203,25,,,0,100,,2202,25,,,0,100,,2201,25,,,0,100,,2200,25,,,0,85,,2213,14,,,0,15,,2198,25,,,0,15,,2211,14,,,0,15,,2197,25,,,0,55,,2212,14,,,0,15,,2196,25,,,0,30,,2195,25,,,0,70,,2194,25,,,0,100,,2193,25,,,0,100,,2192,25,,,0,100,,2191,25,,,0,100,,2190,25,,,0
1400,'1201',1554,,2214,25,,,0
1400,'12801',1554,,2215,25,,,0
1400,'13001',1609,,2216,14,,,0
1400,'2',624,,2225,25,,,0,100,,2234,25,,,0,100,,2233,25,,,0,100,,2232,25,,,0,100,,2231,25,,,0,100,,2230,25,,,0,100,,2229,25,,,0,100,,2228,25,,,0,100,,2227,25,,,0,100,,2226,25,,,0,100,,2224,25,,,0,100,,2223,25,,,0,100,,2222,25,,,0,100,,2221,25,,,0,100,,2220,25,,,0,100,,2219,25,,,0,100,,2218,25,,,0,100,,2217,25,,,0
1400,'3',924,,2247,25,,,0,100,,2246,25,,,0,100,,2245,25,,,0,100,,2244,25,,,0,100,,2243,25,,,0,100,,2242,25,,,0,100,,2241,25,,,0,100,,2240,25,,,0,100,,2239,25,,,0,100,,2238,25,,,0,100,,2237,25,,,0,100,,2236,25,,,0,94,,2235,25,,,0
2500,'1',724,,3305,1,0,8 9 10,0,30,,3304,1,0,8 9 10,0,70,,3303,1,0,8 9 10,0,30,,3302,1,0,8 9 10,0,760,,3301,1,0,8 9 10,0,30,,3300,1,0,8 9 10,0,70,,3299,1,0,8 9 10,0,30,,3298,1,0,8 9 10,0,70,,3297,1,0,8 9 10,0
2501,'1',724,,3313,16,4,,0,30,,3312,16,4,,0,70,,3311,16,4,,0,30,,3310,16,4,,0,790,,3309,16,4,,0,70,,3308,16,4,,0,30,,3307,16,4,,0,70,,3306,16,4,,0
2501,'1201',1614,,3314,16,4,,0
2501,'12801',1614,,3315,16,4,,0
51400,'1',645,,5925,10,,,0
