1440600,'1',604,,1726,0,6,0,30,,1706,0,6,0,73,,1707,,,0,30,,1708,,,0,70,,1709,,,0,30,,1710,,,0,97,,1711,,,0,100,,1712,,,0,70,,1713,,,0,30,,1714,,,0,70,,1715,,,0,30,,1716,,,0,70,,1717,,,0,30,,1718,,,0,100,,1719,,,0,173,,1720,,,0,30,,1721,,,0,70,,1722,,,0,30,,1723,,,0,70,,1724,,,0,94,,1725,,,0,100,,1727,,,0,100,,1728,,,0,100,,1729,,,0,100,,1730,,,0,100,,1731,,,0
1440600,'10801',904,,1737,,,0,100,,1733,,,0,400,,1734,,,0,100,,1735,,,0,30,,1732,,,0,302,,1736,,,0
1440600,'1201',904,,1738,,,0,100,,1739,,,0,400,,1740,,,0,100,,1741,,,0,30,,1742,,,0,302,,1743,,,0
1440600,'2',700,,1750,0,6,0,100,,1769,,,0,100,,1768,,,0,100,,1767,,,0,100,,1766,,,0,30,,1765,,,0,70,,1764,,,0,30,,1763,,,0,70,,1762,,,0,30,,1761,,,0,70,,1760,,,0,30,,1759,,,0,70,,1758,,,0,33,,1757,,,0,70,,1756,,,0,30,,1755,,,0,70,,1754,,,0,30,,1753,,,0,70,,1752,,,0,30,,1751,,,0,67,,1749,,,0,100,,1748,,,0,100,,1747,,,0,100,,1746,,,0,100,,1745,,,0,100,,1744,,,0
1440600,'3',901,,1773,,,0,100,,1782,,,0,100,,1781,,,0,100,,1780,,,0,100,,1779,,,0,100,,1778,,,0,100,,1777,,,0,100,,1776,,,0,100,,1775,,,0,100,,1774,,,0,100,,1772,,,0,100,,1771,,,0,100,,1770,,,0
1444700,'1',659,,5136,,,0,70,,5137,,,0,30,,5138,,,0,70,,5139,,,0,30,,5140,,,0,100,,5141,,,0,100,,5142,,,0,70,,5143,,,0,30,,5144,,,0,70,,5145,,,0,30,,5146,,,0,70,,5147,,,0,30,,5148,,,0,100,,5149,,,0,170,,5150,,,0,30,,5151,,,0,70,,5152,,,0,30,,5153,,,0,70,,5154,,,0,120,,5155,,,0,100,,5156,,,0,100,,5157,,,0,100,,5158,,,0,100,,5159,,,0,98,,5160,,,0
1444700,'10801',629,,5162,,,0,300,,5167,,,0,100,,5163,,,0,400,,5164,,,0,100,,5165,,,0,30,,5161,,,0,297,,5166,,,0
1444700,'1201',629,,5168,,,0,300,,5169,,,0,100,,5170,,,0,400,,5171,,,0,100,,5172,,,0,30,,5173,,,0,297,,5174,,,0
1444700,'2',649,,5181,,,0,100,,5182,,,0,100,,5183,,,0,100,,5184,,,0,109,,5185,,,0,70,,5186,,,0,30,,5187,,,0,70,,5188,,,0,30,,5189,,,0,70,,5190,,,0,30,,5191,,,0,70,,5192,,,0,30,,5193,,,0,70,,5194,,,0,30,,5195,,,0,70,,5196,,,0,30,,5197,,,0,70,,5198,,,0,30,,5199,,,0,70,,5200,,,0,21,,5201,,,0,100,,5175,,,0,100,,5176,,,0,100,,5177,,,0,100,,5178,,,0,100,,5180,,,0,98,,5179,,,0
1444700,'3',849,,5205,,,0,100,,5206,,,0,100,,5207,,,0,100,,5208,,,0,100,,5209,,,0,100,,5210,,,0,100,,5211,,,0,100,,5212,,,0,100,,5213,,,0,100,,5214,,,0,100,,5215,,,0,100,,5202,,,0,100,,5203,,,0,98,,5204,,,0
