1701,'1',641,,2835,9,,,0,60,,2836,9,,,0,20,,2837,9,,,0,20,,2838,9,,,0,60,,2839,9,,,0,20,,2840,9,,,0,20,,2841,9,,,0,60,,2842,9,,,0,20,,2843,9,,,0,20,,2844,9,,,0,16,,2877,9,,,0,75,,2878,9,,,0,25,,2879,9,,,0,70,,2880,9,,,0,75,,2881,9,,,0,30,,2882,9,,,0,70,,2883,9,,,0,30,,2884,9,,,0,70,,2885,9,,,0,30,,2886,9,,,0,70,,2887,9,,,0,20,,2888,9,,,0,22,,2855,9,,,0,60,,2856,9,,,0,20,,2857,9,,,0,20,,2858,9,,,0,60,,2859,9,,,0,20,,2860,9,,,0,20,,2861,9,,,0,60,,2862,9,,,0,20,,2863,9,,,0,20,,2864,9,,,0,60,,2901,9,,,0,34,,2896,9,,,0,85,,2897,9,,,0,85,,2898,9,,,0,45,,2899,9,,,0
1701,'2',711,,2942,9,,,0,45,,2943,9,,,0,85,,2944,9,,,0,85,,2945,9,,,0,85,,2946,9,,,0,45,,2947,9,,,0,85,,2948,9,,,0,85,,2949,9,,,0,30,,2950,9,,,0,70,,2951,9,,,0,30,,2952,9,,,0,70,,2953,9,,,0,30,,2954,9,,,0,70,,2955,9,,,0,30,,2956,9,,,0,70,,2957,9,,,0,30,,2958,9,,,0,70,,2959,9,,,0,30,,2960,9,,,0,70,,2961,9,,,0,30,,2962,9,,,0,70,,2964,9,,,0,30,,2963,9,,,0,385,,2966,9,,,0
1701,'3',926,,3001,9,,,0,85,,2984,9,,,0,45,,2985,9,,,0,85,,2986,9,,,0,85,,2987,9,,,0,85,,2988,9,,,0,45,,2989,9,,,0,85,,2990,9,,,0,85,,2991,9,,,0,85,,2992,9,,,0,45,,2993,9,,,0,85,,2994,9,,,0,85,,2995,9,,,0,85,,2996,9,,,0,45,,2997,9,,,0,85,,2998,9,,,0,85,,2999,9,,,0
3000,'1',619,,3695,8,,,0,40,,3697,8,,,0,82,,3699,8,,,0,80,,3700,8,,,0,80,,3701,8,,,0,41,,3702,8,,,0,80,,3703,8,,,0,80,,3704,8,,,0,40,,3705,8,,,0,80,,3706,8,,,0,80,,3707,8,,,0,324,,3708,8,,,0,80,,3709,8,,,0,40,,3710,8,,,0,80,,3711,8,,,0,76,,3688,8,,,0,55,,3689,8,,,0,100,,3690,8,,,0,100,,3691,8,,,0,100,,3692,8,,,0
3000,'2',802,,3738,8,,,0,100,,3739,8,,,0,100,,3740,8,,,0,105,,3741,8,,,0,40,,3742,8,,,0,80,,3743,8,,,0,80,,3744,8,,,0,40,,3745,8,,,0,80,,3746,8,,,0,80,,3747,8,,,0,40,,3748,8,,,0,80,,3749,8,,,0,80,,3750,8,,,0,40,,3751,8,,,0,80,,3752,8,,,0,75,,3734,8,,,0,100,,3735,8,,,0
3000,'3',902,,3781,8,,,0,100,,3782,8,,,0,100,,3783,8,,,0,100,,3784,8,,,0,100,,3785,8,,,0,100,,3786,8,,,0,100,,3787,8,,,0,100,,3788,8,,,0,100,,3789,8,,,0,100,,3790,8,,,0,100,,3791,8,,,0,100,,3792,8,,,0,100,,3793,8,,,0
3500,'1',638,,3881,10,,,0,82,,3882,10,,,0,80,,3883,10,,,0,40,,3884,10,,,0,80,,3885,10,,,0,82,,3886,10,,,0,40,,3887,10,,,0,80,,3888,10,,,0,80,,3889,10,,,0,40,,3890,10,,,0,80,,3891,10,,,0,80,,3892,10,,,0,40,,3893,10,,,0,84,,3894,10,,,0,80,,3895,10,,,0,40,,3896,10,,,0,80,,3897,10,,,0,80,,3898,10,,,0,36,,3899,10,,,0,85,,3857,10,,,0,100,,3858,10,,,0
3500,'2',732,,3926,10,,,0,100,,3927,10,,,0,100,,3928,10,,,0,100,,3929,10,,,0,95,,3930,10,,,0,80,,3931,10,,,0,40,,3932,10,,,0,80,,3933,10,,,0,80,,3934,10,,,0,40,,3935,10,,,0,80,,3936,10,,,0,80,,3937,10,,,0,40,,3938,10,,,0,80,,3939,10,,,0,80,,3940,10,,,0,125,,3906,10,,,0,100,,3907,10,,,0
3500,'3',932,,3952,10,,,0,100,,3953,10,,,0,100,,3954,10,,,0,100,,3955,10,,,0,100,,3956,10,,,0,100,,3957,10,,,0,100,,3958,10,,,0,100,,3959,10,,,0,100,,3960,10,,,0,100,,3961,10,,,0,100,,3964,10,,,0,100,,3965,10,,,0,95,,3966,10,,,0
51401,'1',638,,5926,2,,,0
