1600,'1',633,,2504,10,,,0,72,,2505,10,,,0,32,,2506,10,,,0,72,,2507,10,,,0,32,,2508,10,,,0,72,,2509,10,,,0,32,,2510,10,,,0,72,,2511,10,,,0,32,,2512,10,,,0,72,,2513,10,,,0,32,,2514,10,,,0,72,,2524,10,,,0,32,,2525,10,,,0,72,,2515,10,,,0,72,,2516,10,,,0,32,,2517,10,,,0,72,,2518,10,,,0,32,,2519,10,,,0,72,,2520,10,,,0,32,,2521,10,,,0,72,,2522,10,,,0,32,,2526,10,,,0,72,,2523,10,,,0,31,,2527,10,,,0,75,,2528,10,,,0,100,,2529,10,,,0,100,,2530,10,,,0,100,,2531,10,,,0,100,,2532,10,,,0
1600,'2',627,,2533,10,,,0,100,,2534,10,,,0,100,,2535,10,,,0,100,,2536,10,,,0,100,,2537,10,,,0,103,,2538,10,,,0,74,,2539,10,,,0,32,,2540,10,,,0,72,,2541,10,,,0,32,,2542,10,,,0,72,,2543,10,,,0,32,,2544,10,,,0,72,,2545,10,,,0,32,,2546,10,,,0,72,,2547,10,,,0,32,,2548,10,,,0,72,,2549,10,,,0,32,,2550,10,,,0,72,,2551,10,,,0,31,,2552,10,,,0,100,,2553,10,,,0,100,,2554,10,,,0,100,,2555,10,,,0
1600,'3',823,,2569,10,,,0,100,,2556,10,,,0,100,,2557,10,,,0,100,,2558,10,,,0,100,,2559,10,,,0,100,,2560,10,,,0,100,,2561,10,,,0,100,,2562,10,,,0,100,,2563,10,,,0,100,,2564,10,,,0,100,,2565,10,,,0,100,,2566,10,,,0,100,,2567,10,,,0,101,,2568,10,,,0
2700,'1',638,,3490,2,,,0,70,,3491,2,,,0,30,,3492,2,,,0,70,,3493,2,,,0,30,,3494,2,,,0,70,,3495,2,,,0,30,,3496,2,,,0,70,,3497,2,,,0,30,,3498,2,,,0,170,,3500,2,,,0,30,,3501,2,,,0,70,,3502,2,,,0,30,,3503,2,,,0,70,,3504,2,,,0,30,,3505,2,,,0,70,,3506,2,,,0,30,,3507,2,,,0,70,,3508,2,,,0,30,,3509,2,,,0,70,,3510,2,,,0,30,,3511,2,,,0,70,,3512,2,,,0,40,,3482,2,,,0,80,,3483,2,,,0,80,,3484,2,,,0,40,,3485,2,,,0,80,,3486,2,,,0,80,,3487,2,,,0,40,,3488,2,,,0,80,,3489,2,,,0
2700,'2',648,,3514,2,,,0,80,,3515,2,,,0,80,,3516,2,,,0,40,,3517,2,,,0,80,,3518,2,,,0,80,,3519,2,,,0,40,,3520,2,,,0,80,,3521,2,,,0,30,,3528,2,,,0,70,,3529,2,,,0,30,,3530,2,,,0,70,,3531,2,,,0,30,,3532,2,,,0,70,,3533,2,,,0,30,,3534,2,,,0,70,,3535,2,,,0,30,,3536,2,,,0,70,,3537,2,,,0,30,,3538,2,,,0,70,,3539,2,,,0,30,,3540,2,,,0,70,,3541,2,,,0,30,,3542,2,,,0,70,,3543,2,,,0,80,,3522,2,,,0,40,,3523,2,,,0,80,,3524,2,,,0,80,,3525,2,,,0,40,,3526,2,,,0,80,,3527,2,,,0
2700,'3',829,,3544,2,,,0,80,,3545,2,,,0,40,,3546,2,,,0,80,,3547,2,,,0,80,,3548,2,,,0,40,,3549,2,,,0,80,,3550,2,,,0,80,,3551,2,,,0,40,,3552,2,,,0,80,,3553,2,,,0,80,,3554,2,,,0,40,,3555,2,,,0,80,,3556,2,,,0,80,,3557,2,,,0,40,,3558,2,,,0,80,,3559,2,,,0,80,,3560,2,,,0,40,,3561,2,,,0,80,,3562,2,,,0,80,,3563,2,,,0
5000,'1',636,,4477,2,,,0,80,,4478,2,,,0,40,,4479,2,,,0,80,,4480,2,,,0,80,,4481,2,,,0,40,,4482,2,,,0,80,,4483,2,,,0,80,,4484,2,,,0,40,,4485,2,,,0,80,,4486,2,,,0,80,,4487,2,,,0,40,,4488,2,,,0,80,,4489,2,,,0,80,,4490,2,,,0,40,,4491,2,,,0,80,,4492,2,,,0,80,,4493,2,,,0,40,,4494,2,,,0,80,,4495,2,,,0,103,,4496,2,,,0,100,,4497,2,,,0,100,,4498,2,,,0,100,,4499,2,,,0,100,,4500,2,,,0
5000,'2',639,,4502,2,,,0,100,,4503,2,,,0,100,,4504,2,,,0,100,,4505,2,,,0,100,,4506,2,,,0,77,,4507,2,,,0,40,,4508,2,,,0,80,,4509,2,,,0,80,,4510,2,,,0,40,,4511,2,,,0,80,,4512,2,,,0,80,,4513,2,,,0,40,,4514,2,,,0,80,,4515,2,,,0,80,,4516,2,,,0,40,,4517,2,,,0,80,,4518,2,,,0,103,,4519,2,,,0,100,,4520,2,,,0,100,,4521,2,,,0,100,,4522,2,,,0
5000,'3',939,,4524,2,,,0,100,,4525,2,,,0,100,,4528,2,,,0,100,,4529,2,,,0,100,,4530,2,,,0,100,,4531,2,,,0,100,,4532,2,,,0,100,,4533,2,,,0,100,,4534,2,,,0,100,,4535,2,,,0,100,,4526,2,,,0,100,,4527,2,,,0
5500,'1',616,,4596,2,,,0,40,,4597,2,,,0,80,,4598,2,,,0,80,,4599,2,,,0,40,,4600,2,,,0,80,,4601,2,,,0,80,,4602,2,,,0,40,,4603,2,,,0,80,,4604,2,,,0,80,,4605,2,,,0,40,,4606,2,,,0,80,,4607,2,,,0,80,,4608,2,,,0,40,,4609,2,,,0,80,,4610,2,,,0,80,,4611,2,,,0,40,,4612,2,,,0,80,,4613,2,,,0,80,,4614,2,,,0,40,,4615,2,,,0,153,,4616,2,,,0,100,,4617,2,,,0,100,,4618,2,,,0
5500,'1201',1606,,4622,2,,,0
5500,'12901',1606,,4623,2,,,0
5500,'2',909,,4625,2,,,0,100,,4626,2,,,0,97,,4627,2,,,0,30,,4628,2,,,0,80,,4629,2,,,0,40,,4630,2,,,0,80,,4631,2,,,0,80,,4632,2,,,0,40,,4633,2,,,0,80,,4634,2,,,0,80,,4635,2,,,0,40,,4636,2,,,0,80,,4637,2,,,0,80,,4638,2,,,0,40,,4639,2,,,0,153,,4640,2,,,0,100,,4641,2,,,0,100,,4642,2,,,0
5500,'3',909,,4644,2,,,0,100,,4645,2,,,0,100,,4646,2,,,0,100,,4647,2,,,0,100,,4648,2,,,0,100,,4649,2,,,0,100,,4650,2,,,0,100,,4651,2,,,0,100,,4652,2,,,0,100,,4653,2,,,0,100,,4654,2,,,0,100,,4655,2,,,0,100,,4656,2,,,0
