1443500,'1',555,,4093,4,,0,80,,4110,4,,0,80,,4094,4,,0,40,,4095,4,,0,80,,4096,4,,0,80,,4097,4,,0,40,,4098,4,,0,80,,4099,4,,0,80,,4100,4,,0,40,,4101,4,,0,89,,4102,4,,0,80,,4103,4,,0,80,,4104,4,,0,120,,4105,4,,0,80,,4106,4,,0,120,,4107,4,,0,80,,4108,4,,0,31,,4109,4,,0,110,,4092,4,,0,100,,4091,4,,0,100,,4090,4,,0,100,,4089,4,,0,100,,4087,4,,0,97,,4088,4,,0
1443500,'10801',1444,,4111,4,,0,200,,4112,4,,0
1443500,'1201',1444,,4113,4,,0,200,,4114,4,,0
1443500,'2',645,,4125,4,,0,100,,4124,4,,0,100,,4123,4,,0,100,,4122,4,,0,100,,4121,4,,0,90,,4126,4,,0,80,,4127,4,,0,40,,4128,4,,0,80,,4129,4,,0,80,,4130,4,,0,40,,4131,4,,0,80,,4132,4,,0,80,,4133,4,,0,40,,4134,4,,0,80,,4135,4,,0,80,,4136,4,,0,40,,4137,4,,0,90,,4120,4,,0,100,,4119,4,,0,100,,4118,4,,0,100,,4117,4,,0,100,,4116,4,,0,97,,4115,4,,0
1443500,'3',845,,4151,4,,0,100,,4150,4,,0,100,,4149,4,,0,100,,4145,4,,0,100,,4144,4,,0,100,,4143,4,,0,100,,4142,4,,0,100,,4141,4,,0,100,,4140,4,,0,100,,4139,4,,0,100,,4138,4,,0,100,,4148,4,,0,100,,4147,4,,0,97,,4146,4,,0
1443501,'1',555,,4159,,,0,80,,4160,,,0,80,,4161,,,0,40,,4162,,,0,80,,4163,,,0,80,,4164,,,0,40,,4165,,,0,80,,4166,,,0,80,,4167,,,0,40,,4168,,,0,90,,4169,,,0,80,,4170,,,0,80,,4171,,,0,120,,4172,,,0,80,,4173,,,0,120,,4174,,,0,80,,4175,,,0,30,,4158,0,8,0,110,,4157,,,0,100,,4156,,,0,100,,4155,,,0,100,,4154,,,0,100,,4153,,,0,97,,4152,,,0
1443501,'10801',1445,,4176,,,0,200,,4177,,,0
1443501,'1201',1445,,4178,,,0,200,,4179,,,0
1443501,'2',645,,4202,,,0,100,,4201,,,0,100,,4200,,,0,100,,4199,,,0,100,,4198,,,0,90,,4197,,,0,80,,4196,,,0,40,,4195,,,0,80,,4194,,,0,80,,4193,,,0,40,,4192,,,0,80,,4191,,,0,80,,4190,,,0,40,,4189,,,0,80,,4188,,,0,80,,4187,,,0,40,,4186,,,0,90,,4185,,,0,100,,4184,,,0,100,,4183,,,0,100,,4182,,,0,100,,4181,,,0,97,,4180,,,0
1443501,'3',845,,4216,,,0,100,,4215,,,0,100,,4214,,,0,100,,4210,,,0,100,,4209,,,0,100,,4208,,,0,100,,4207,,,0,100,,4206,,,0,100,,4205,,,0,100,,4204,,,0,100,,4203,,,0,100,,4213,,,0,100,,4212,,,0,97,,4211,0,8,0
