2900,'1',724,,3647,14,,,0,80,,3649,14,,,0,40,,3650,14,,,0,80,,3651,14,,,0,80,,3652,14,,,0,40,,3653,14,,,0,80,,3654,14,,,0,80,,3655,14,,,0,40,,3656,14,,,0,80,,3657,14,,,0,80,,3658,14,,,0,40,,3659,14,,,0,80,,3660,14,,,0,80,,3661,14,,,0,40,,3662,14,,,0,80,,3663,14,,,0,80,,3664,14,,,0
4300,'1',634,,4021,16,,,0,70,,4022,16,,,0,29,,4023,16,,,0,70,,4024,16,,,0,30,,4025,16,,,0,70,,4026,16,,,0,29,,4027,16,,,0,69,,4028,16,,,0,30,,4029,16,,,0,70,,4030,16,,,0,30,,4031,16,,,0,70,,4032,16,,,0,30,,4033,16,,,0,70,,4034,16,,,0,30,,4035,16,,,0,70,,4036,16,,,0,30,,4037,16,,,0,70,,4038,16,,,0,29,,4039,16,,,0,70,,4040,16,,,0,30,,4041,16,,,0,70,,4042,16,,,0,30,,4043,16,,,0,70,,4044,16,,,0,30,,4045,16,,,0,23,,4046,16,,,0,70,,4047,16,,,0,100,,4048,16,,,0,100,,4049,16,,,0,100,,4050,16,,,0
4300,'2',653,,4052,16,,,0,100,,4053,16,,,0,100,,4054,16,,,0,100,,4055,16,,,0,100,,4056,16,,,0,70,,4070,16,,,0,30,,4057,16,,,0,70,,4071,16,,,0,30,,4058,16,,,0,100,,4059,16,,,0,70,,4073,16,,,0,30,,4060,16,,,0,70,,4074,16,,,0,30,,4061,16,,,0,70,,4075,16,,,0,30,,4062,16,,,0,70,,4076,16,,,0,30,,4063,16,,,0,70,,4077,16,,,0,30,,4064,16,,,0,100,,4065,16,,,0,100,,4066,16,,,0,100,,4067,16,,,0,100,,4068,16,,,0
4300,'3',853,,4078,16,,,0,100,,4079,16,,,0,100,,4080,16,,,0,100,,4081,16,,,0,100,,4082,16,,,0,100,,4083,16,,,0,100,,4084,16,,,0,100,,4085,16,,,0,100,,4086,16,,,0,100,,4087,16,,,0,100,,4088,16,,,0,100,,4089,16,,,0,100,,4090,16,,,0,100,,4091,16,,,0
4400,'1',641,,4161,16,,,0,70,,4162,16,,,0,29,,4163,16,,,0,70,,4164,16,,,0,30,,4165,16,,,0,70,,4166,16,,,0,29,,4167,16,,,0,70,,4168,16,,,0,30,,4169,16,,,0,70,,4170,16,,,0,30,,4171,16,,,0,70,,4172,16,,,0,30,,4173,16,,,0,70,,4174,16,,,0,30,,4175,16,,,0,70,,4176,16,,,0,30,,4177,16,,,0,70,,4178,16,,,0,29,,4179,16,,,0,70,,4180,16,,,0,30,,4181,16,,,0,70,,4182,16,,,0,30,,4183,16,,,0,70,,4184,16,,,0,95,,4185,16,,,0,100,,4186,16,,,0,100,,4187,16,,,0,100,,4188,16,,,0,100,,4189,16,,,0
4400,'2',733,,4200,16,,,0,100,,4199,16,,,0,100,,4198,16,,,0,100,,4197,16,,,0,100,,4202,16,,,0,70,,4203,16,,,0,30,,4204,16,,,0,70,,4205,16,,,0,30,,4206,16,,,0,70,,4207,16,,,0,30,,4208,16,,,0,70,,4209,16,,,0,30,,4210,16,,,0,70,,4211,16,,,0,100,,4212,16,,,0,30,,4213,16,,,0,70,,4214,16,,,0,30,,4215,16,,,0,70,,4216,16,,,0,30,,4196,16,,,0,100,,4195,16,,,0,100,,4194,16,,,0,100,,4193,16,,,0,100,,4192,16,,,0
4400,'3',933,,4229,16,,,0,100,,4228,16,,,0,100,,4224,16,,,0,100,,4223,16,,,0,100,,4222,16,,,0,100,,4221,16,,,0,100,,4220,16,,,0,100,,4219,16,,,0,100,,4218,16,,,0,100,,4217,16,,,0,100,,4227,16,,,0,100,,4226,16,,,0,99,,4225,16,,,0
4500,'1',648,,4291,16,,,0,69,,4292,16,,,0,30,,4293,16,,,0,70,,4294,16,,,0,30,,4295,16,,,0,70,,4296,16,,,0,31,,4297,16,,,0,70,,4298,16,,,0,30,,4299,16,,,0,70,,4300,16,,,0,30,,4301,16,,,0,70,,4302,16,,,0,30,,4303,16,,,0,70,,4304,16,,,0,30,,4305,16,,,0,70,,4306,16,,,0,30,,4307,16,,,0,70,,4308,16,,,0,28,,4309,16,,,0,70,,4310,16,,,0,30,,4311,16,,,0,70,,4312,16,,,0,30,,4313,16,,,0,93,,4314,16,,,0,104,,4315,16,,,0,100,,4316,16,,,0,100,,4317,16,,,0,100,,4318,16,,,0,100,,4319,16,,,0
4500,'2',713,,4328,16,,,0,100,,4327,16,,,0,100,,4326,16,,,0,100,,4325,16,,,0,100,,4320,16,,,0,30,,4330,16,,,0,70,,4331,16,,,0,30,,4332,16,,,0,70,,4333,16,,,0,30,,4334,16,,,0,70,,4335,16,,,0,30,,4336,16,,,0,70,,4337,16,,,0,30,,4338,16,,,0,70,,4339,16,,,0,30,,4340,16,,,0,70,,4341,16,,,0,30,,4342,16,,,0,70,,4343,16,,,0,30,,4344,16,,,0,70,,4345,16,,,0,100,,4324,16,,,0,100,,4323,16,,,0,100,,4322,16,,,0
4500,'3',913,,4358,16,,,0,100,,4357,16,,,0,100,,4346,16,,,0,100,,4356,16,,,0,100,,4355,16,,,0,100,,4354,16,,,0,100,,4353,16,,,0,100,,4352,16,,,0,100,,4351,16,,,0,100,,4350,16,,,0,100,,4349,16,,,0,100,,4348,16,,,0,99,,4347,16,,,0
4600,'1',626,,4424,16,,,0,29,,4425,16,,,0,69,,4426,16,,,0,30,,4427,16,,,0,70,,4428,16,,,0,30,,4429,16,,,0,71,,4430,16,,,0,31,,4431,16,,,0,70,,4432,16,,,0,30,,4433,16,,,0,70,,4434,16,,,0,30,,4435,16,,,0,70,,4436,16,,,0,30,,4437,16,,,0,70,,4438,16,,,0,30,,4439,16,,,0,70,,4440,16,,,0,29,,4441,16,,,0,67,,4442,16,,,0,30,,4443,16,,,0,70,,4444,16,,,0,30,,4445,16,,,0,70,,4446,16,,,0,30,,4447,16,,,0,70,,4448,16,,,0
