1472200,'1',623,,15873,10,,,0,30,,15874,10,,,0,68,,15875,10,,,0,30,,15876,10,,,0,70,,15877,10,,,0,30,,15878,10,,,0,69,,15879,10,,,0,27,,15880,10,,,0,70,,15881,10,,,0,30,,15882,10,,,0,70,,15883,10,,,0,30,,15884,10,,,0,70,,15885,10,,,0,30,,15886,10,,,0,70,,15887,10,,,0,30,,15888,10,,,0,70,,15889,10,,,0,30,,15890,10,,,0,68,,15891,10,,,0,30,,15892,10,,,0,70,,15893,10,,,0,30,,15894,10,,,0,70,,15895,10,,,0,30,,15896,10,,,0,70,,15897,10,,,0,27,,15898,10,,,0,70,,15899,10,,,0,100,,15900,10,,,0,100,,15901,10,,,0,100,,15902,10,,,0,100,,15903,10,,,0
1472200,'2',642,,15904,10,,,0,100,,15905,10,,,0,100,,15906,10,,,0,100,,15907,10,,,0,100,,15908,10,,,0,70,,15922,10,,,0,30,,15909,10,,,0,70,,15923,10,,,0,30,,15910,10,,,0,70,,15924,10,,,0,30,,15911,10,,,0,70,,15925,10,,,0,30,,15912,10,,,0,70,,15926,10,,,0,30,,15913,10,,,0,70,,15927,10,,,0,30,,15914,10,,,0,70,,15928,10,,,0,30,,15915,10,,,0,100,,15916,10,,,0,100,,15917,10,,,0,100,,15918,10,,,0,100,,15919,10,,,0,100,,15920,10,,,0,100,,15921,10,,,0
1472200,'3',842,,15929,10,,,0,100,,15930,10,,,0,100,,15931,10,,,0,100,,15932,10,,,0,100,,15933,10,,,0,100,,15934,10,,,0,100,,15935,10,,,0,100,,15936,10,,,0,100,,15937,10,,,0,100,,15938,10,,,0,100,,15939,10,,,0,100,,15940,10,,,0,100,,15941,10,,,0,100,,15942,10,,,0
1472300,'1',630,,16013,10,,,0,70,,16014,10,,,0,28,,16015,10,,,0,30,,16016,10,,,0,70,,16017,10,,,0,30,,16018,10,,,0,69,,16019,10,,,0,28,,16020,10,,,0,70,,16021,10,,,0,30,,16022,10,,,0,70,,16023,10,,,0,30,,16024,10,,,0,70,,16025,10,,,0,30,,16026,10,,,0,70,,16027,10,,,0,30,,16028,10,,,0,70,,16029,10,,,0,30,,16030,10,,,0,68,,16031,10,,,0,30,,16032,10,,,0,70,,16033,10,,,0,30,,16034,10,,,0,70,,16035,10,,,0,30,,16036,10,,,0,99,,16037,10,,,0,100,,16038,10,,,0,100,,16039,10,,,0,100,,16040,10,,,0
1472300,'2',722,,16050,10,,,0,100,,16049,10,,,0,100,,16048,10,,,0,100,,16047,10,,,0,100,,16052,10,,,0,30,,16053,10,,,0,70,,16054,10,,,0,30,,16055,10,,,0,70,,16056,10,,,0,30,,16057,10,,,0,70,,16058,10,,,0,30,,16059,10,,,0,70,,16060,10,,,0,30,,16061,10,,,0,70,,16062,10,,,0,30,,16063,10,,,0,70,,16064,10,,,0,30,,16065,10,,,0,70,,16066,10,,,0,30,,16067,10,,,0,70,,16046,10,,,0,100,,16045,10,,,0,100,,16044,10,,,0,100,,16043,10,,,0,100,,16042,10,,,0
1472300,'3',922,,16080,10,,,0,100,,16079,10,,,0,100,,16075,10,,,0,100,,16074,10,,,0,100,,16073,10,,,0,100,,16072,10,,,0,100,,16071,10,,,0,100,,16070,10,,,0,100,,16069,10,,,0,100,,16068,10,,,0,100,,16078,10,,,0,100,,16077,10,,,0,100,,16076,10,,,0
1472400,'1',608,,16150,10,,,0,29,,16151,10,,,0,68,,16152,10,,,0,30,,16153,10,,,0,70,,16154,10,,,0,30,,16155,10,,,0,70,,16156,10,,,0,29,,16157,10,,,0,70,,16158,10,,,0,30,,16159,10,,,0,70,,16160,10,,,0,30,,16161,10,,,0,70,,16162,10,,,0,30,,16163,10,,,0,70,,16164,10,,,0,30,,16165,10,,,0,70,,16166,10,,,0,30,,16167,10,,,0,70,,16168,10,,,0,27,,16169,10,,,0,70,,16170,10,,,0,30,,16171,10,,,0,70,,16172,10,,,0,30,,16173,10,,,0,93,,16174,10,,,0,108,,16175,10,,,0,100,,16176,10,,,0,100,,16177,10,,,0,100,,16178,10,,,0,100,,16179,10,,,0
1472400,'2',702,,16188,10,,,0,100,,16187,10,,,0,100,,16186,10,,,0,100,,16185,10,,,0,100,,16180,10,,,0,30,,16190,10,,,0,70,,16191,10,,,0,30,,16192,10,,,0,70,,16193,10,,,0,30,,16194,10,,,0,70,,16195,10,,,0,30,,16196,10,,,0,70,,16197,10,,,0,30,,16198,10,,,0,70,,16199,10,,,0,30,,16200,10,,,0,70,,16201,10,,,0,30,,16202,10,,,0,70,,16203,10,,,0,30,,16204,10,,,0,70,,16205,10,,,0,100,,16184,10,,,0,100,,16183,10,,,0,100,,16182,10,,,0
1472400,'3',902,,16218,10,,,0,100,,16217,10,,,0,100,,16206,10,,,0,100,,16216,10,,,0,100,,16215,10,,,0,100,,16214,10,,,0,100,,16213,10,,,0,100,,16212,10,,,0,100,,16211,10,,,0,100,,16210,10,,,0,100,,16209,10,,,0,101,,16208,10,,,0,99,,16207,10,,,0
1472500,'1',644,,16284,10,,,0,68,,16285,10,,,0,30,,16286,10,,,0,70,,16287,10,,,0,30,,16288,10,,,0,71,,16289,10,,,0,29,,16290,10,,,0,70,,16291,10,,,0,30,,16292,10,,,0,70,,16293,10,,,0,30,,16294,10,,,0,70,,16295,10,,,0,30,,16296,10,,,0,70,,16297,10,,,0,30,,16298,10,,,0,70,,16299,10,,,0,29,,16300,10,,,0,66,,16301,10,,,0,30,,16302,10,,,0,70,,16303,10,,,0,30,,16304,10,,,0,70,,16305,10,,,0,30,,16306,10,,,0,70,,16307,10,,,0
