6100,'1',615,,4890,1,,,0,8,,4889,1,,,0,30,,4888,1,,,0,70,,4887,1,,,0,30,,4886,1,,,0,70,,4885,1,,,0,30,,4884,1,,,0,70,,4883,1,,,0,30,,4882,1,,,0,70,,4881,1,,,0,30,,4880,1,,,0,70,,4879,1,,,0,30,,4878,1,,,0,70,,4877,1,,,0,30,,4876,1,,,0,70,,4875,1,,,0,30,,4874,1,,,0,70,,4873,1,,,0,30,,4872,1,,,0,70,,4871,1,,,0,30,,4870,1,,,0,70,,4868,1,,,0,30,,4867,1,,,0,70,,4861,1,,,0,124,,4869,1,,,0,76,,4866,1,,,0,100,,4865,1,,,0,100,,4864,1,,,0,100,,4863,1,,,0,100,,4862,1,,,0
6100,'1201',1523,3,4891,1,0,13 14,0
6100,'12901',800,,4901,1,,,0,8,,4894,1,,,0,12,,4895,1,,,0,10,,4900,1,,,0,10,,4896,1,,,0,679,2,4898,1,,,0,3,4,4897,1,0,13 14,0,20,,4899,1,,,0,66,,4892,1,,,0,30,,4893,1,,,0
6100,'2',623,,4924,1,,,0,100,,4923,1,,,0,100,,4922,1,,,0,330,,4921,1,,,0,70,,4920,1,,,0,30,,4919,1,,,0,70,,4918,1,,,0,30,,4917,1,,,0,70,,4916,1,,,0,30,,4915,1,,,0,70,,4914,1,,,0,30,,4913,1,,,0,70,,4909,1,,,0,30,,4908,1,,,0,70,,4902,1,,,0,30,,4912,1,,,0,70,,4911,1,,,0,24,,4910,1,,,0,76,,4907,1,,,0,100,,4906,1,,,0,100,,4905,1,,,0,100,,4904,1,,,0,100,,4903,1,,,0
6100,'3',823,,4937,1,,,0,100,,4936,1,,,0,100,,4935,1,,,0,100,,4934,1,,,0,100,,4933,1,,,0,100,,4932,1,,,0,100,,4931,1,,,0,100,,4930,1,,,0,100,,4928,1,,,0,100,,4925,1,,,0,100,,4929,1,,,0,100,,4927,1,,,0,100,,4926,1,,,0,99,,4938,1,,,0
6101,'1',620,,4961,5,4,,0,30,,4960,5,4,,0,70,,4959,5,4,,0,30,,4958,5,4,,0,73,,4957,5,4,,0,27,,4956,5,4,,0,70,,4955,5,4,,0,30,,4954,5,4,,0,70,,4953,5,4,,0,230,,4952,5,4,,0,70,,4951,5,4,,0,30,,4950,5,4,,0,70,,4949,5,4,,0,30,,4948,5,4,,0,70,,4947,5,4,,0,100,,4946,5,4,,0,30,,4945,5,4,,0,70,,4944,5,4,,0,30,,4943,5,4,,0,70,,4942,5,4,,0,27,,4941,5,4,,0,173,,4940,5,4,,0,100,,4939,5,4,,0
6101,'1201',1550,,4962,5,4,,0
6101,'12801',1550,,4963,5,4,,0
6101,'12901',800,,4966,5,4,,0,805,,4965,5,4,,0,30,,4964,5,4,,0
6101,'2',1150,,4981,5,4,,0,70,,4980,5,4,,0,30,,4979,5,4,,0,70,,4978,5,4,,0,30,,4977,5,4,,0,70,,4976,5,4,,0,30,,4975,5,4,,0,70,,4974,5,4,,0,30,,4973,5,4,,0,70,,4972,5,4,,0,30,,4971,5,4,,0,70,,4970,5,4,,0,30,,4969,5,4,,0,70,,4968,5,4,,0,27,,4967,5,4,,0
6101,'3',823,,4995,5,4,,0,97,,4994,5,4,,0,100,,4993,5,4,,0,100,,4992,5,4,,0,100,,4991,5,4,,0,100,,4990,5,4,,0,100,,4989,5,4,,0,100,,4988,5,4,,0,100,,4987,5,4,,0,100,,4986,5,4,,0,100,,4985,5,4,,0,100,,4982,5,4,,0,100,,4984,5,4,,0,100,,4983,5,4,,0
