1469700,'1',643,,13903,43,4,,0,70,,13904,43,4,,0,30,,13905,43,4,,0,70,,13906,43,4,,0,30,,13907,43,4,,0,70,,13908,43,4,,0,30,,13909,43,4,,0,70,,13910,43,4,,0,30,,13911,43,4,,0,70,,13912,43,4,,0,30,,13913,43,4,,0,70,,13914,43,4,,0,30,,13915,43,4,,0,70,,13916,43,4,,0,30,,13917,43,4,,0,70,,13918,43,4,,0,30,,13919,43,4,,0,70,,13920,43,4,,0,30,,13921,43,4,,0,70,,13922,43,4,,0,30,,13923,43,4,,0,70,,13924,43,4,,0,30,,13925,43,4,,0,70,,13926,43,4,,0,30,,13927,43,4,,0,100,,13928,43,4,,0,100,,13929,43,4,,0,100,,13930,43,4,,0
1469700,'2',643,,13932,43,4,,0,100,,13933,43,4,,0,100,,13934,43,4,,0,100,,13935,43,4,,0,100,,13936,43,4,,0,100,,13937,43,4,,0,70,,13938,43,4,,0,30,,13939,43,4,,0,70,,13940,43,4,,0,30,,13941,43,4,,0,70,,13942,43,4,,0,30,,13943,43,4,,0,70,,13944,43,4,,0,30,,13945,43,4,,0,70,,13946,43,4,,0,30,,13947,43,4,,0,70,,13948,43,4,,0,30,,13949,43,4,,0,70,,13950,43,4,,0,30,,13951,43,4,,0,100,,13952,43,4,,0,100,,13953,43,4,,0,100,,13954,43,4,,0,100,,13955,43,4,,0
1469700,'3',943,,13957,43,4,,0,100,,13958,43,4,,0,100,,13959,43,4,,0,100,,13960,43,4,,0,100,,13961,43,4,,0,100,,13962,43,4,,0,100,,13963,43,4,,0,100,,13964,43,4,,0,100,,13965,43,4,,0,100,,13966,43,4,,0,100,,13967,43,4,,0,100,,13968,43,4,,0,96,,13969,43,4,,0
1469701,'1',547,,13999,1,,,0,70,,14000,1,,,0,100,,13971,1,,,0,30,,13972,1,,,0,70,,13973,1,,,0,30,,13974,1,,,0,70,,13975,1,,,0,30,,13976,1,,,0,70,,13977,1,,,0,30,,13978,1,,,0,70,,13979,1,,,0,30,,13980,1,,,0,70,,13981,1,,,0,30,,13982,1,,,0,70,,13983,1,,,0,30,,13984,1,,,0,70,,13985,1,,,0,30,,13986,1,,,0,70,,13987,1,,,0,30,,13988,1,,,0,70,,13989,1,,,0,30,,13990,1,,,0,70,,13991,1,,,0,30,,13992,1,,,0,70,,13993,1,,,0,32,,13994,1,,,0,100,,13995,1,,,0,100,,13996,1,,,0,100,,13997,1,,,0,100,,13998,1,,,0
1469701,'2',749,,14002,1,,,0,100,,14003,1,,,0,100,,14004,1,,,0,100,,14005,1,,,0,68,,14006,1,,,0,30,,14007,1,,,0,70,,14008,1,,,0,30,,14009,1,,,0,70,,14010,1,,,0,30,,14011,1,,,0,70,,14012,1,,,0,30,,14013,1,,,0,70,,14014,1,,,0,30,,14015,1,,,0,70,,14016,1,,,0,30,,14017,1,,,0,70,,14018,1,,,0,30,,14019,1,,,0,70,,14020,1,,,0,32,,14021,1,,,0,100,,14022,1,,,0,100,,14023,1,,,0,100,,14024,1,,,0,100,,14025,1,,,0,100,,14026,1,,,0
1469701,'3',849,,14027,1,,,0,100,,14028,1,,,0,100,,14029,1,,,0,100,,14030,1,,,0,100,,14031,1,,,0,100,,14032,1,,,0,100,,14033,1,,,0,100,,14034,1,,,0,100,,14035,1,,,0,100,,14036,1,,,0,100,,14037,1,,,0,100,,14038,1,,,0,100,,14039,1,,,0
1470100,'1',726,,14487,1,0,7,0,20,,14488,1,0,7,0,60,,14489,1,0,7,0,20,,14490,1,0,7,0,20,,14491,1,0,7,0,60,,14492,1,0,7,0,20,,14519,1,0,7,0,75,,14520,1,0,7,0,35,,14521,1,0,7,0,70,,14522,1,0,7,0,30,,14523,1,0,7,0,70,,14524,1,0,7,0,30,,14525,1,0,7,0,70,,14526,1,0,7,0,30,,14527,1,0,7,0,75,,14528,1,0,7,0,23,,14529,1,0,7,0,20,,14564,1,0,7,0,57,,14493,1,0,7,0,18,,14494,1,0,7,0,20,,14495,1,0,7,0,60,,14496,1,0,7,0,20,,14497,1,0,7,0,20,,14498,1,0,7,0,60,,14499,1,0,7,0,20,,14500,1,0,7,0,20,,14501,1,0,7,0,60,,14541,1,0,7,0,20,,14542,1,0,7,0,29,,14543,1,0,7,0,85,,14546,1,0,7,0,85,,14547,1,0,7,0,85,,14548,1,0,7,0,45,,14549,1,0,7,0,85,,14550,1,0,7,0,85,,14551,1,0,7,0
1470100,'2',630,,14584,1,0,7,0,85,,14585,1,0,7,0,85,,14586,1,0,7,0,45,,14587,1,0,7,0,85,,14588,1,0,7,0,85,,14589,1,0,7,0,85,,14590,1,0,7,0,30,,14599,1,0,7,0,70,,14600,1,0,7,0,30,,14601,1,0,7,0,70,,14602,1,0,7,0,30,,14603,1,0,7,0,70,,14604,1,0,7,0,30,,14605,1,0,7,0,70,,14606,1,0,7,0,30,,14607,1,0,7,0,70,,14608,1,0,7,0,30,,14609,1,0,7,0,70,,14610,1,0,7,0,30,,14611,1,0,7,0,70,,14612,1,0,7,0,30,,14613,1,0,7,0,85,,14630,1,0,7,0,85,,14629,1,0,7,0,45,,14631,1,0,7,0
1470100,'3',845,,14636,1,0,7,0,85,,14637,1,0,7,0,85,,14638,1,0,7,0,85,,14639,1,0,7,0,45,,14640,1,0,7,0,85,,14641,1,0,7,0,85,,14669,1,0,7,0,85,,14642,1,0,7,0,45,,14643,1,0,7,0,85,,14644,1,0,7,0,85,,14645,1,0,7,0,85,,14646,1,0,7,0,45,,14647,1,0,7,0,85,,14648,1,0,7,0,85,,14649,1,0,7,0,85,,14650,1,0,7,0,45,,14651,1,0,7,0
1470101,'1',643,,14681,11,4,,0,60,,14682,11,4,,0,20,,14683,11,4,,0,20,,14684,11,4,,0,60,,14685,11,4,,0,20,,14686,11,4,,0,20,,14687,11,4,,0,60,,14688,11,4,,0,20,,14689,11,4,,0,20,,14690,11,4,,0,16,,14723,11,4,,0,75,,14724,11,4,,0,25,,14725,11,4,,0,70,,14726,11,4,,0,75,,14727,11,4,,0,30,,14728,11,4,,0,70,,14729,11,4,,0,30,,14730,11,4,,0,70,,14731,11,4,,0,30,,14732,11,4,,0,70,,14733,11,4,,0,20,,14734,11,4,,0,22,,14701,11,4,,0,60,,14702,11,4,,0,20,,14703,11,4,,0,20,,14704,11,4,,0,60,,14705,11,4,,0,20,,14706,11,4,,0,20,,14707,11,4,,0,60,,14708,11,4,,0,20,,14709,11,4,,0,20,,14710,11,4,,0
1470101,'2',713,,14785,11,4,,0,45,,14786,11,4,,0,85,,14787,11,4,,0,85,,14788,11,4,,0,85,,14789,11,4,,0,45,,14790,11,4,,0,85,,14791,11,4,,0,85,,14792,11,4,,0,30,,14793,11,4,,0,70,,14794,11,4,,0,30,,14795,11,4,,0,70,,14796,11,4,,0,30,,14797,11,4,,0,70,,14798,11,4,,0,30,,14799,11,4,,0,70,,14800,11,4,,0,30,,14801,11,4,,0,70,,14802,11,4,,0,30,,14803,11,4,,0,70,,14804,11,4,,0,30,,14805,11,4,,0,70,,14807,11,4,,0,30,,14806,11,4,,0,170,,14808,11,4,,0,215,,14810,11,4,,0
1470101,'3',928,,14845,11,4,,0,85,,14828,11,4,,0,45,,14829,11,4,,0,85,,14830,11,4,,0,85,,14831,11,4,,0,85,,14832,11,4,,0,45,,14833,11,4,,0,85,,14834,11,4,,0,85,,14835,11,4,,0,85,,14836,11,4,,0,45,,14837,11,4,,0,85,,14838,11,4,,0,85,,14839,11,4,,0,85,,14840,11,4,,0,45,,14841,11,4,,0,85,,14842,11,4,,0,85,,14843,11,4,,0
1470900,'1',606,,15494,27,4,,0,37,,15496,27,4,,0,78,,15498,27,4,,0,82,,15514,27,4,,0,40,,15515,27,4,,0,80,,15516,27,4,,0,81,,15517,27,4,,0,40,,15518,27,4,,0,80,,15519,27,4,,0,80,,15520,27,4,,0,40,,15521,27,4,,0,80,,15522,27,4,,0,80,,15523,27,4,,0,40,,15524,27,4,,0,82,,15525,27,4,,0,82,,15526,27,4,,0,40,,15527,27,4,,0,80,,15528,27,4,,0,80,,15529,27,4,,0,40,,15530,27,4,,0,78,,15484,27,4,,0,93,,15485,27,4,,0,100,,15486,27,4,,0,100,,15487,27,4,,0
1470900,'2',727,,15536,27,4,,0,100,,15551,27,4,,0,100,,15552,27,4,,0,100,,15553,27,4,,0,103,,15554,27,4,,0,80,,15555,27,4,,0,40,,15556,27,4,,0,80,,15557,27,4,,0,80,,15558,27,4,,0,40,,15559,27,4,,0,80,,15560,27,4,,0,80,,15561,27,4,,0,40,,15562,27,4,,0,80,,15563,27,4,,0,80,,15564,27,4,,0,40,,15565,27,4,,0,78,,15531,27,4,,0,100,,15532,27,4,,0,100,,15533,27,4,,0
1470900,'3',825,,15566,27,4,,0,100,,15567,27,4,,0,100,,15568,27,4,,0,100,,15569,27,4,,0,100,,15570,27,4,,0,100,,15571,27,4,,0,100,,15572,27,4,,0,100,,15573,27,4,,0,100,,15574,27,4,,0,100,,15575,27,4,,0,100,,15576,27,4,,0,100,,15577,27,4,,0,100,,15578,27,4,,0,100,,15592,27,4,,0
1470901,'1',606,,15597,1,,,0,37,,15598,1,,,0,200,,15600,1,,,0,83,,15601,1,,,0,78,,15602,1,,,0,40,,15603,1,,,0,80,,15604,1,,,0,80,,15605,1,,,0,40,,15606,1,,,0,80,,15607,1,,,0,80,,15608,1,,,0,40,,15609,1,,,0,82,,15610,1,,,0,82,,15611,1,,,0,40,,15612,1,,,0,80,,15613,1,,,0,80,,15614,1,,,0,40,,15615,1,,,0,78,,15593,1,,,0,95,,15594,1,,,0,100,,15595,1,,,0,100,,15596,1,,,0
1470901,'2',632,,15619,1,,,0,96,,15621,1,,,0,100,,15622,1,,,0,100,,15623,1,,,0,100,,15620,1,,,0,82,,15624,1,,,0,40,,15625,1,,,0,80,,15626,1,,,0,80,,15627,1,,,0,40,,15628,1,,,0,80,,15629,1,,,0,80,,15630,1,,,0,40,,15631,1,,,0,80,,15632,1,,,0,80,,15633,1,,,0,40,,15634,1,,,0,80,,15635,1,,,0,98,,15616,1,,,0,100,,15617,1,,,0
1470901,'3',827,,15636,1,,,0,100,,15637,1,,,0,100,,15638,1,,,0,100,,15639,1,,,0,100,,15640,1,,,0,100,,15641,1,,,0,100,,15642,1,,,0,100,,15643,1,,,0,100,,15644,1,,,0,100,,15645,1,,,0,100,,15646,1,,,0,100,,15647,1,,,0,100,,15648,1,,,0,100,,15649,1,,,0
1471900,'1',547,,15709,27,4,,0,80,,15710,27,4,,0,73,,15711,27,4,,0,43,,15712,27,4,,0,80,,15713,27,4,,0,80,,15714,27,4,,0,40,,15715,27,4,,0,83,,15716,27,4,,0,80,,15717,27,4,,0,40,,15718,27,4,,0,80,,15719,27,4,,0,80,,15720,27,4,,0,40,,15721,27,4,,0,80,,15722,27,4,,0,80,,15723,27,4,,0,43,,15724,27,4,,0,80,,15725,27,4,,0,80,,15726,27,4,,0,40,,15727,27,4,,0,80,,15728,27,4,,0,77,,15748,27,4,,0,43,,15699,27,4,,0,100,,15700,27,4,,0,100,,15701,27,4,,0,100,,15702,27,4,,0,100,,15703,27,4,,0
1471900,'2',655,,15758,27,4,,0,100,,15759,27,4,,0,100,,15760,27,4,,0,100,,15761,27,4,,0,100,,15762,27,4,,0,95,,15763,27,4,,0,80,,15764,27,4,,0,80,,15765,27,4,,0,40,,15766,27,4,,0,80,,15767,27,4,,0,80,,15768,27,4,,0,40,,15769,27,4,,0,80,,15770,27,4,,0,80,,15771,27,4,,0,40,,15772,27,4,,0,80,,15773,27,4,,0,125,,15749,27,4,,0,100,,15750,27,4,,0,100,,15751,27,4,,0,100,,15752,27,4,,0,100,,15753,27,4,,0
1471900,'3',855,,15789,27,4,,0,100,,15790,27,4,,0,100,,15791,27,4,,0,100,,15792,27,4,,0,100,,15793,27,4,,0,100,,15794,27,4,,0,100,,15795,27,4,,0,100,,15796,27,4,,0,100,,15797,27,4,,0,100,,15798,27,4,,0,100,,15799,27,4,,0,100,,15810,27,4,,0,100,,15811,27,4,,0,93,,15815,27,4,,0
1471901,'1',547,,15820,1,,,0,80,,15821,1,,,0,73,,15822,1,,,0,43,,15823,1,,,0,80,,15824,1,,,0,80,,15825,1,,,0,40,,15826,1,,,0,83,,15827,1,,,0,80,,15828,1,,,0,40,,15829,1,,,0,80,,15830,1,,,0,80,,15831,1,,,0,40,,15832,1,,,0,80,,15833,1,,,0,123,,15834,1,,,0,80,,15835,1,,,0,80,,15836,1,,,0,40,,15837,1,,,0,80,,15816,1,,,0,77,,15838,1,,,0,45,,15817,1,,,0,100,,15818,1,,,0,100,,15819,1,,,0
1471901,'2',658,,15853,1,,,0,100,,15854,1,,,0,100,,15855,1,,,0,100,,15856,1,,,0,97,,15857,1,,,0,76,,15842,1,,,0,80,,15843,1,,,0,40,,15844,1,,,0,80,,15845,1,,,0,80,,15846,1,,,0,40,,15847,1,,,0,160,,15849,1,,,0,40,,15850,1,,,0,80,,15851,1,,,0,80,,15852,1,,,0,45,,15839,1,,,0,102,,15840,1,,,0,100,,15841,1,,,0
1471901,'3',858,,15858,1,,,0,100,,15859,1,,,0,100,,15860,1,,,0,100,,15861,1,,,0,100,,15862,1,,,0,100,,15863,1,,,0,100,,15864,1,,,0,100,,15865,1,,,0,100,,15866,1,,,0,100,,15867,1,,,0,100,,15868,1,,,0,100,,15869,1,,,0,100,,15870,1,,,0
