1701,'1',635,,2835,8,,,0,20,,2836,8,,,0,60,,2837,8,,,0,20,,2838,8,,,0,20,,2839,8,,,0,60,,2840,8,,,0,20,,2841,8,,,0,20,,2842,8,,,0,60,,2843,8,,,0,20,,2844,8,,,0,17,,2877,8,,,0,75,,2878,8,,,0,25,,2879,8,,,0,70,,2880,8,,,0,35,,2881,8,,,0,70,,2882,8,,,0,30,,2883,8,,,0,70,,2884,8,,,0,30,,2885,8,,,0,70,,2886,8,,,0,30,,2887,8,,,0,60,,2888,8,,,0,21,,2855,8,,,0,20,,2856,8,,,0,60,,2857,8,,,0,20,,2858,8,,,0,20,,2859,8,,,0,60,,2860,8,,,0,20,,2861,8,,,0,20,,2862,8,,,0,60,,2863,8,,,0,20,,2864,8,,,0,20,,2901,8,,,0,75,,2896,8,,,0,85,,2897,8,,,0,85,,2898,8,,,0,45,,2899,8,,,0
1701,'2',706,,2942,8,,,0,45,,2943,8,,,0,85,,2944,8,,,0,85,,2945,8,,,0,85,,2946,8,,,0,45,,2947,8,,,0,84,,2948,8,,,0,85,,2949,8,,,0,30,,2950,8,,,0,70,,2951,8,,,0,30,,2952,8,,,0,70,,2953,8,,,0,30,,2954,8,,,0,70,,2955,8,,,0,30,,2956,8,,,0,70,,2957,8,,,0,30,,2958,8,,,0,70,,2959,8,,,0,30,,2960,8,,,0,70,,2961,8,,,0,31,,2962,8,,,0,70,,2964,8,,,0,30,,2963,8,,,0,385,,2966,8,,,0
1701,'3',921,,3001,8,,,0,85,,2984,8,,,0,45,,2985,8,,,0,85,,2986,8,,,0,85,,2987,8,,,0,85,,2988,8,,,0,45,,2989,8,,,0,85,,2990,8,,,0,85,,2991,8,,,0,85,,2992,8,,,0,45,,2993,8,,,0,85,,2994,8,,,0,85,,2995,8,,,0,85,,2996,8,,,0,45,,2997,8,,,0,85,,2998,8,,,0,85,,2999,8,,,0
4300,'1',628,,4021,14,,,0,30,,4022,14,,,0,69,,4023,14,,,0,30,,4024,14,,,0,70,,4025,14,,,0,30,,4026,14,,,0,69,,4027,14,,,0,28,,4028,14,,,0,70,,4029,14,,,0,30,,4030,14,,,0,70,,4031,14,,,0,30,,4032,14,,,0,70,,4033,14,,,0,30,,4034,14,,,0,70,,4035,14,,,0,30,,4036,14,,,0,70,,4037,14,,,0,30,,4038,14,,,0,68,,4039,14,,,0,30,,4040,14,,,0,70,,4041,14,,,0,30,,4042,14,,,0,70,,4043,14,,,0,30,,4044,14,,,0,70,,4045,14,,,0,25,,4046,14,,,0,70,,4047,14,,,0,100,,4048,14,,,0,100,,4049,14,,,0,100,,4050,14,,,0
4300,'2',647,,4052,14,,,0,100,,4053,14,,,0,100,,4054,14,,,0,100,,4055,14,,,0,100,,4056,14,,,0,70,,4070,14,,,0,30,,4057,14,,,0,70,,4071,14,,,0,30,,4058,14,,,0,100,,4059,14,,,0,70,,4073,14,,,0,30,,4060,14,,,0,70,,4074,14,,,0,30,,4061,14,,,0,70,,4075,14,,,0,30,,4062,14,,,0,70,,4076,14,,,0,30,,4063,14,,,0,70,,4077,14,,,0,30,,4064,14,,,0,100,,4065,14,,,0,100,,4066,14,,,0,100,,4067,14,,,0,100,,4068,14,,,0
4300,'3',847,,4078,14,,,0,100,,4079,14,,,0,100,,4080,14,,,0,100,,4081,14,,,0,100,,4082,14,,,0,100,,4083,14,,,0,100,,4084,14,,,0,100,,4085,14,,,0,100,,4086,14,,,0,100,,4087,14,,,0,100,,4088,14,,,0,100,,4089,14,,,0,100,,4090,14,,,0,100,,4091,14,,,0
4400,'1',635,,4161,14,,,0,70,,4162,14,,,0,29,,4163,14,,,0,70,,4164,14,,,0,30,,4165,14,,,0,70,,4166,14,,,0,29,,4167,14,,,0,69,,4168,14,,,0,30,,4169,14,,,0,70,,4170,14,,,0,30,,4171,14,,,0,70,,4172,14,,,0,30,,4173,14,,,0,70,,4174,14,,,0,30,,4175,14,,,0,70,,4176,14,,,0,30,,4177,14,,,0,70,,4178,14,,,0,28,,4179,14,,,0,70,,4180,14,,,0,30,,4181,14,,,0,70,,4182,14,,,0,30,,4183,14,,,0,70,,4184,14,,,0,57,,4185,14,,,0,100,,4186,14,,,0,100,,4187,14,,,0,100,,4188,14,,,0,100,,4189,14,,,0
4400,'2',727,,4200,14,,,0,100,,4199,14,,,0,100,,4198,14,,,0,100,,4197,14,,,0,100,,4202,14,,,0,30,,4203,14,,,0,70,,4204,14,,,0,30,,4205,14,,,0,70,,4206,14,,,0,30,,4207,14,,,0,70,,4208,14,,,0,30,,4209,14,,,0,70,,4210,14,,,0,30,,4211,14,,,0,100,,4212,14,,,0,70,,4213,14,,,0,30,,4214,14,,,0,70,,4215,14,,,0,30,,4216,14,,,0,70,,4196,14,,,0,100,,4195,14,,,0,100,,4194,14,,,0,100,,4193,14,,,0,100,,4192,14,,,0
4400,'3',927,,4229,14,,,0,100,,4228,14,,,0,100,,4224,14,,,0,100,,4223,14,,,0,100,,4222,14,,,0,100,,4221,14,,,0,100,,4220,14,,,0,100,,4219,14,,,0,100,,4218,14,,,0,100,,4217,14,,,0,100,,4227,14,,,0,100,,4226,14,,,0,100,,4225,14,,,0
4500,'1',642,,4291,14,,,0,69,,4292,14,,,0,30,,4293,14,,,0,70,,4294,14,,,0,30,,4295,14,,,0,70,,4296,14,,,0,30,,4297,14,,,0,70,,4298,14,,,0,30,,4299,14,,,0,70,,4300,14,,,0,30,,4301,14,,,0,70,,4302,14,,,0,30,,4303,14,,,0,70,,4304,14,,,0,30,,4305,14,,,0,70,,4306,14,,,0,30,,4307,14,,,0,70,,4308,14,,,0,27,,4309,14,,,0,70,,4310,14,,,0,30,,4311,14,,,0,70,,4312,14,,,0,30,,4313,14,,,0,93,,4314,14,,,0,106,,4315,14,,,0,100,,4316,14,,,0,100,,4317,14,,,0,100,,4318,14,,,0,100,,4319,14,,,0
4500,'2',707,,4328,14,,,0,100,,4327,14,,,0,100,,4326,14,,,0,100,,4325,14,,,0,100,,4320,14,,,0,30,,4330,14,,,0,70,,4331,14,,,0,30,,4332,14,,,0,70,,4333,14,,,0,30,,4334,14,,,0,70,,4335,14,,,0,30,,4336,14,,,0,70,,4337,14,,,0,30,,4338,14,,,0,70,,4339,14,,,0,30,,4340,14,,,0,70,,4341,14,,,0,30,,4342,14,,,0,70,,4343,14,,,0,30,,4344,14,,,0,70,,4345,14,,,0,100,,4324,14,,,0,100,,4323,14,,,0,100,,4322,14,,,0
4500,'3',907,,4358,14,,,0,100,,4357,14,,,0,100,,4346,14,,,0,100,,4356,14,,,0,100,,4355,14,,,0,100,,4354,14,,,0,100,,4353,14,,,0,100,,4352,14,,,0,100,,4351,14,,,0,100,,4350,14,,,0,100,,4349,14,,,0,101,,4348,14,,,0,99,,4347,14,,,0
4600,'1',620,,4424,14,,,0,29,,4425,14,,,0,69,,4426,14,,,0,30,,4427,14,,,0,70,,4428,14,,,0,30,,4429,14,,,0,71,,4430,14,,,0,30,,4431,14,,,0,70,,4432,14,,,0,30,,4433,14,,,0,70,,4434,14,,,0,30,,4435,14,,,0,70,,4436,14,,,0,30,,4437,14,,,0,70,,4438,14,,,0,30,,4439,14,,,0,70,,4440,14,,,0,29,,4441,14,,,0,66,,4442,14,,,0,30,,4443,14,,,0,70,,4444,14,,,0,30,,4445,14,,,0,70,,4446,14,,,0,30,,4447,14,,,0,70,,4448,14,,,0
