1441001,'1',1157,,2239,,,0,470,,2238,,,0,100,,2237,,,0,30,,2236,,,0,70,,2235,,,0,30,,2234,,,0,100,,2233,,,0,100,,2232,,,0,100,,2231,,,0,100,,2230,,,0,100,,2229,,,0
1441001,'10801',657,,2240,,,0,70,,2253,,,0,30,,2241,,,0,70,,2254,,,0,30,,2242,,,0,70,,2255,,,0,30,,2243,,,0,100,,2244,,,0,200,,2245,,,0,100,,2246,,,0,100,,2247,,,0,100,,2248,,,0,100,,2251,,,0
1441001,'1201',657,,2268,,,0,70,,2267,,,0,30,,2266,,,0,70,,2265,,,0,30,,2264,,,0,70,,2263,,,0,30,,2262,,,0,100,,2261,,,0,200,,2260,,,0,100,,2259,,,0,100,,2258,,,0,100,,2257,,,0,100,,2256,,,0
1441001,'2',657,,2289,,,0,100,,2288,,,0,100,,2287,,,0,100,,2286,,,0,100,,2285,,,0,100,,2284,,,0,100,,2283,,,0,100,,2282,,,0,100,,2281,,,0,100,,2280,,,0,100,,2279,,,0,100,,2278,,,0,100,,2277,,,0,100,,2276,,,0,100,,2275,,,0,100,,2274,,,0,100,,2273,,,0,100,,2272,,,0
1441001,'3',857,,2290,,,0,100,,2293,,,0,100,,2292,,,0,100,,2291,,,0,100,,2302,,,0,100,,2301,,,0,100,,2300,,,0,100,,2299,,,0,100,,2298,,,0,100,,2297,,,0,100,,2296,,,0,100,,2295,,,0,100,,2294,,,0
1442101,'1',608,,3790,,,0,40,,3791,,,0,80,,3792,,,0,80,,3793,,,0,40,,3794,,,0,80,,3795,,,0,80,,3796,,,0,40,,3797,,,0,80,,3798,,,0,80,,3799,,,0,40,,3800,,,0,80,,3801,,,0,80,,3802,,,0,40,,3803,,,0,80,,3804,,,0,80,,3805,,,0,40,,3806,,,0,80,,3807,,,0,80,,3808,,,0,35,,3809,,,0,99,,3784,,,0,100,,3785,,,0,100,,3786,,,0,100,,3787,,,0,100,,3788,,,0,90,,3789,,,0
1442101,'2',643,,3816,,,0,99,,3818,,,0,100,,3819,,,0,100,,3820,,,0,101,,3817,,,0,85,,3821,,,0,80,,3822,,,0,40,,3823,,,0,80,,3824,,,0,80,,3825,,,0,40,,3826,,,0,80,,3827,,,0,80,,3828,,,0,40,,3829,,,0,80,,3830,,,0,80,,3831,,,0,35,,3832,,,0,99,,3810,,,0,100,,3811,,,0,100,,3812,,,0,100,,3813,,,0,100,,3814,,,0,90,,3815,,,0
1442101,'3',842,,3833,,,0,100,,3834,,,0,100,,3835,,,0,100,,3836,,,0,100,,3837,,,0,100,,3838,,,0,100,,3839,,,0,100,,3840,,,0,100,,3841,,,0,100,,3842,,,0,100,,3843,,,0,100,,3844,,,0,100,,3845,,,0,100,,3846,,,0
1443101,'1',628,,3977,,,0,80,,3978,,,0,40,,3979,,,0,80,,3980,,,0,80,,3981,,,0,40,,3982,,,0,80,,3983,,,0,80,,3984,,,0,120,,3985,,,0,80,,3986,,,0,40,,3987,,,0,80,,3988,,,0,80,,3989,,,0,40,,3990,,,0,80,,3991,,,0,80,,3992,,,0,40,,3993,,,0,80,,3994,,,0,85,,3971,,,0,100,,3972,,,0,100,,3973,,,0,100,,3974,,,0,100,,3975,,,0,100,,3976,,,0
1443101,'10801',1148,,3995,,,0
1443101,'1201',1148,,3996,,,0
1443101,'2',713,,4014,,,0,100,,4015,,,0,100,,4016,,,0,100,,4017,,,0,95,,4018,,,0,40,,4003,,,0,80,,4004,,,0,80,,4005,,,0,40,,4006,,,0,80,,4007,,,0,80,,4008,,,0,40,,4009,,,0,80,,4010,,,0,80,,4011,,,0,40,,4012,,,0,80,,4013,,,0,85,,3997,,,0,100,,3998,,,0,100,,3999,,,0,100,,4000,,,0,100,,4001,,,0,100,,4002,,,0
1443101,'3',913,,4019,,,0,100,,4020,,,0,100,,4021,,,0,100,,4022,,,0,100,,4023,,,0,100,,4024,,,0,100,,4025,,,0,100,,4026,,,0,100,,4027,,,0,100,,4028,,,0,100,,4029,,,0,100,,4030,,,0,100,,4031,,,0
