301,'1',658,,466,17,,,0,70,,465,17,,,0,30,,464,17,,,0,70,,463,17,,,0,30,,462,17,,,0,70,,461,17,,,0,30,,460,17,,,0,70,,459,17,,,0,30,,458,17,,,0,70,,457,17,,,0,30,,456,17,,,0,70,,455,17,,,0,30,,454,17,,,0,70,,453,17,,,0,30,,452,17,,,0,70,,451,17,,,0,30,,450,17,,,0,70,,449,17,,,0,30,,448,17,,,0,70,,447,17,,,0,30,,446,17,,,0,70,,445,17,,,0,30,,444,17,,,0,70,,443,17,,,0,26,,442,17,,,0,74,,441,17,,,0,100,,440,17,,,0,100,,439,17,,,0,100,,438,17,,,0
301,'2',928,,490,17,,,0,100,,489,17,,,0,100,,488,17,,,0,30,,487,17,,,0,70,,486,17,,,0,30,,485,17,,,0,70,,484,17,,,0,30,,483,17,,,0,70,,482,17,,,0,30,,481,17,,,0,70,,480,17,,,0,30,,479,17,,,0,70,,478,17,,,0,30,,477,17,,,0,70,,476,17,,,0,30,,475,17,,,0,70,,474,17,,,0,26,,473,17,,,0,74,,472,17,,,0,100,,471,17,,,0,100,,470,17,,,0,100,,469,17,,,0,100,,468,17,,,0
301,'3',928,,504,17,,,0,100,,503,17,,,0,100,,502,17,,,0,100,,501,17,,,0,100,,500,17,,,0,100,,499,17,,,0,100,,498,17,,,0,100,,497,17,,,0,100,,496,17,,,0,100,,495,17,,,0,100,,494,17,,,0,100,,493,17,,,0,100,,492,17,,,0
501,'1',627,,886,23,,,0,30,,861,23,,,0,70,,862,23,,,0,30,,863,23,,,0,70,,864,23,,,0,30,,865,23,,,0,70,,866,23,,,0,30,,867,23,,,0,70,,868,23,,,0,30,,869,23,,,0,70,,870,23,,,0,30,,871,23,,,0,70,,872,23,,,0,30,,873,23,,,0,70,,874,23,,,0,30,,875,23,,,0,70,,876,23,,,0,30,,877,23,,,0,70,,878,23,,,0,30,,879,23,,,0,70,,880,23,,,0,30,,881,23,,,0,70,,882,23,,,0,30,,883,23,,,0,70,,884,23,,,0,30,,885,23,,,0,154,,891,23,,,0,100,,892,23,,,0,100,,893,23,,,0,100,,894,23,,,0
501,'12901',1542,,896,15,,,0
501,'13001',1542,,897,15,,,0
501,'2',811,,925,23,,,0,100,,923,23,,,0,100,,921,23,,,0,116,,919,23,,,0,30,,918,23,,,0,70,,917,23,,,0,30,,916,23,,,0,70,,915,23,,,0,30,,914,23,,,0,70,,913,23,,,0,30,,912,23,,,0,70,,911,23,,,0,30,,910,23,,,0,70,,909,23,,,0,30,,908,23,,,0,70,,907,23,,,0,30,,906,23,,,0,70,,905,23,,,0,30,,904,23,,,0,154,,903,23,,,0,100,,902,23,,,0,100,,901,23,,,0
501,'3',911,,951,23,,,0,100,,949,23,,,0,100,,947,23,,,0,100,,945,23,,,0,100,,943,23,,,0,100,,941,23,,,0,100,,939,23,,,0,100,,937,23,,,0,100,,935,23,,,0,100,,933,23,,,0,100,,932,23,,,0,100,,931,23,,,0,100,,930,23,,,0
601,'1',612,,1049,38,0,18 19,0,30,,1050,38,0,18 19,0,70,,1019,38,0,18 19,0,30,,1020,38,0,18 19,0,70,,1021,38,0,18 19,0,30,,1022,38,0,18 19,0,70,,1023,38,0,18 19,0,30,,1024,38,0,18 19,0,70,,1025,38,0,18 19,0,30,,1026,38,0,18 19,0,70,,1027,38,0,18 19,0,30,,1028,38,0,18 19,0,70,,1029,38,0,18 19,0,30,,1030,38,0,18 19,0,70,,1031,38,0,18 19,0,30,,1032,38,0,18 19,0,70,,1033,38,0,18 19,0,30,,1034,38,0,18 19,0,70,,1035,38,0,18 19,0,30,,1036,38,0,18 19,0,70,,1037,38,0,18 19,0,30,,1038,38,0,18 19,0,70,,1039,38,0,18 19,0,30,,1040,38,0,18 19,0,70,,1041,38,0,18 19,0,30,,1042,38,0,18 19,0,71,,1043,38,0,18 19,0,29,,1044,38,0,18 19,0,100,,1045,38,0,18 19,0,100,,1046,38,0,18 19,0,100,,1047,38,0,18 19,0
601,'2',742,,1051,38,0,18 19,0,100,,1052,38,0,18 19,0,100,,1053,38,0,18 19,0,100,,1054,38,0,18 19,0,100,,1055,38,0,18 19,0,70,,1056,38,0,18 19,0,30,,1057,38,0,18 19,0,70,,1058,38,0,18 19,0,30,,1059,38,0,18 19,0,70,,1060,38,0,18 19,0,30,,1061,38,0,18 19,0,70,,1062,38,0,18 19,0,30,,1063,38,0,18 19,0,70,,1064,38,0,18 19,0,30,,1065,38,0,18 19,0,70,,1066,38,0,18 19,0,30,,1067,38,0,18 19,0,70,,1068,38,0,18 19,0,30,,1069,38,0,18 19,0,70,,1070,38,0,18 19,0,30,,1071,38,0,18 19,0,100,,1072,38,0,18 19,0,100,,1073,38,0,18 19,0,100,,1074,38,0,18 19,0
601,'3',842,,1077,38,0,18 19,0,100,,1078,38,0,18 19,0,100,,1079,38,0,18 19,0,100,,1080,38,0,18 19,0,100,,1081,38,0,18 19,0,100,,1082,38,0,18 19,0,100,,1083,38,0,18 19,0,100,,1084,38,0,18 19,0,100,,1085,38,0,18 19,0,100,,1086,38,0,18 19,0,100,,1087,38,0,18 19,0,100,,1088,38,0,18 19,0,100,,1089,38,0,18 19,0,95,,1090,38,0,18 19,0
701,'1',653,,1187,41,,,0,70,,1186,41,,,0,33,,1185,41,,,0,70,,1184,41,,,0,30,,1183,41,,,0,70,,1182,41,,,0,30,,1181,41,,,0,70,,1180,41,,,0,30,,1179,41,,,0,70,,1178,41,,,0,30,,1177,41,,,0,70,,1176,41,,,0,30,,1175,41,,,0,70,,1174,41,,,0,30,,1173,41,,,0,70,,1172,41,,,0,30,,1171,41,,,0,70,,1170,41,,,0,30,,1169,41,,,0,70,,1168,41,,,0,30,,1167,41,,,0,70,,1166,41,,,0,30,,1165,41,,,0,70,,1164,41,,,0,30,,1163,41,,,0,67,,1162,41,,,0,100,,1161,41,,,0,100,,1160,41,,,0,100,,1159,41,,,0
701,'2',725,,1214,41,,,0,100,,1213,41,,,0,100,,1212,41,,,0,100,,1211,41,,,0,100,,1210,41,,,0,30,,1209,41,,,0,70,,1208,41,,,0,30,,1207,41,,,0,70,,1206,41,,,0,30,,1205,41,,,0,70,,1204,41,,,0,30,,1203,41,,,0,70,,1202,41,,,0,30,,1201,41,,,0,70,,1200,41,,,0,30,,1199,41,,,0,70,,1198,41,,,0,30,,1197,41,,,0,70,,1196,41,,,0,30,,1195,41,,,0,70,,1194,41,,,0,100,,1193,41,,,0,100,,1192,41,,,0,100,,1191,41,,,0,100,,1190,41,,,0
701,'3',925,,1227,41,,,0,100,,1226,41,,,0,100,,1225,41,,,0,100,,1224,41,,,0,100,,1223,41,,,0,100,,1222,41,,,0,100,,1221,41,,,0,100,,1220,41,,,0,100,,1219,41,,,0,100,,1218,41,,,0,100,,1217,41,,,0,100,,1216,41,,,0,91,,1215,41,,,0
1900,'1',613,,3146,36,,,0,30,,3147,36,,,0,70,,3148,36,,,0,30,,3149,36,,,0,70,,3150,36,,,0,30,,3176,36,,,0,70,,3151,36,,,0,30,,3152,36,,,0,70,,3153,36,,,0,30,,3154,36,,,0,70,,3155,36,,,0,30,,3156,36,,,0,70,,3157,36,,,0,30,,3158,36,,,0,70,,3159,36,,,0,30,,3160,36,,,0,70,,3161,36,,,0,30,,3162,36,,,0,70,,3163,36,,,0,30,,3164,36,,,0,70,,3165,36,,,0,30,,3166,36,,,0,70,,3167,36,,,0,30,,3168,36,,,0,70,,3169,36,,,0,30,,3170,36,,,0,70,,3171,36,,,0,100,,3172,36,,,0,100,,3173,36,,,0,100,,3174,36,,,0
1900,'2',713,,3202,36,,,0,100,,3201,36,,,0,100,,3200,36,,,0,100,,3199,36,,,0,100,,3198,36,,,0,30,,3197,36,,,0,70,,3196,36,,,0,30,,3195,36,,,0,70,,3194,36,,,0,30,,3193,36,,,0,70,,3192,36,,,0,30,,3191,36,,,0,70,,3190,36,,,0,30,,3189,36,,,0,70,,3188,36,,,0,30,,3187,36,,,0,70,,3186,36,,,0,30,,3185,36,,,0,70,,3184,36,,,0,30,,3183,36,,,0,70,,3182,36,,,0,100,,3181,36,,,0,100,,3180,36,,,0,100,,3179,36,,,0,100,,3178,36,,,0
1900,'3',913,,3216,36,,,0,100,,3215,36,,,0,100,,3214,36,,,0,100,,3213,36,,,0,100,,3212,36,,,0,100,,3211,36,,,0,100,,3210,36,,,0,100,,3209,36,,,0,100,,3208,36,,,0,100,,3207,36,,,0,100,,3206,36,,,0,100,,3205,36,,,0,100,,3204,36,,,0,43,,3203,25,,,0
2201,'1',706,,3295,42,,,0,30,,3294,42,,,0,70,,3296,42,,,0,30,,3293,42,,,0,70,,3292,42,,,0
6000,'1',642,,4748,19,,,0,70,,4747,19,,,0,30,,4746,19,,,0,70,,4745,19,,,0,30,,4744,19,,,0,70,,4743,19,,,0,30,,4742,19,,,0,70,,4741,19,,,0,30,,4740,19,,,0,70,,4739,19,,,0,30,,4738,19,,,0,70,,4737,19,,,0,30,,4736,19,,,0,70,,4735,19,,,0,30,,4734,19,,,0,70,,4733,19,,,0,30,,4732,19,,,0,70,,4731,19,,,0,30,,4730,19,,,0,70,,4729,19,,,0,30,,4728,19,,,0,70,,4727,19,,,0,30,,4726,19,,,0,70,,4725,19,,,0,30,,4724,19,,,0,70,,4749,19,,,0,100,,4723,19,,,0,100,,4722,19,,,0,100,,4721,19,,,0
6000,'2',712,,4773,19,,,0,100,,4772,19,,,0,100,,4771,19,,,0,100,,4770,19,,,0,100,,4769,19,,,0,30,,4768,19,,,0,70,,4767,19,,,0,30,,4766,19,,,0,70,,4765,19,,,0,30,,4764,19,,,0,70,,4763,19,,,0,30,,4762,19,,,0,70,,4761,19,,,0,30,,4760,19,,,0,70,,4759,19,,,0,30,,4758,19,,,0,70,,4757,19,,,0,30,,4756,19,,,0,70,,4755,19,,,0,30,,4754,19,,,0,70,,4774,19,,,0,100,,4753,19,,,0,100,,4752,19,,,0,100,,4751,19,,,0
6000,'3',912,,4787,19,,,0,100,,4786,19,,,0,100,,4785,19,,,0,100,,4784,19,,,0,100,,4783,19,,,0,100,,4782,19,,,0,100,,4781,19,,,0,100,,4780,19,,,0,100,,4779,19,,,0,100,,4778,19,,,0,100,,4788,19,,,0,100,,4777,19,,,0,100,,4776,19,,,0
6500,'1',627,,5317,19,,,0,30,,5318,19,,,0,70,,5316,19,,,0,30,,5315,19,,,0,70,,5314,19,,,0,30,,5313,19,,,0,70,,5312,19,,,0,30,,5311,19,,,0,70,,5310,19,,,0,30,,5309,19,,,0,70,,5308,19,,,0,30,,5307,19,,,0,70,,5306,19,,,0,30,,5305,19,,,0,70,,5304,19,,,0,30,,5303,19,,,0,70,,5302,19,,,0,30,,5301,19,,,0,70,,5300,19,,,0,30,,5299,19,,,0,70,,5298,19,,,0,30,,5297,19,,,0,70,,5296,19,,,0,30,,5295,19,,,0,70,,5294,19,,,0,30,,5293,19,,,0,85,,5292,19,,,0,200,,5289,19,,,0,200,,5290,19,,,0
6500,'12901',853,,5320,11,,,0,70,,5321,11,,,0
6500,'2',642,,5347,19,,,0,100,,5346,19,,,0,100,,5345,19,,,0,100,,5344,19,,,0,100,,5343,19,,,0,85,,5342,19,,,0,30,,5341,19,,,0,70,,5340,19,,,0,30,,5339,19,,,0,70,,5338,19,,,0,30,,5337,19,,,0,70,,5336,19,,,0,30,,5335,19,,,0,70,,5334,19,,,0,30,,5333,19,,,0,70,,5332,19,,,0,30,,5331,19,,,0,70,,5330,19,,,0,30,,5329,19,,,0,70,,5328,19,,,0,30,,5327,19,,,0,85,,5326,19,,,0,100,,5325,19,,,0,100,,5322,19,,,0,200,,5323,19,,,0
6500,'3',842,,5354,12,,,0,100,,5353,19,,,0,100,,5352,19,,,0,100,,5355,19,,,0,100,,5356,19,,,0,100,,5357,19,,,0,100,,5358,19,,,0,100,,5359,19,,,0,100,,5360,19,,,0,100,,5361,19,,,0,100,,5362,19,,,0,100,,5351,19,,,0,100,,5350,19,,,0,94,,5349,19,,,0
30501,'1',1634,,5879,7,,,0
