1440000,'1',608,,489,4,,0,30,,488,4,,0,68,,473,4,,0,30,,474,4,,0,100,,475,4,,0,100,,476,4,,0,70,,477,4,,0,30,,478,4,,0,70,,479,4,,0,30,,480,4,,0,70,,481,4,,0,30,,482,4,,0,70,,483,4,,0,30,,484,4,,0,170,,485,4,,0,30,,486,4,,0,70,,487,4,,0,30,,472,4,,0,170,,465,4,,0,100,,466,4,,0,100,,467,4,,0,100,,468,4,,0,100,,469,4,,0,100,,470,4,,0,100,,471,4,,0
1440000,'10801',806,,496,4,,0,100,,492,4,,0,500,,494,4,,0,30,,490,4,,0,270,,493,4,,0,30,,495,4,,0,100,,491,4,,0
1440000,'1201',806,,500,4,,0,100,,501,4,,0,500,,502,4,,0,30,,503,4,,0,270,,499,4,,0,30,,498,4,,0,100,,497,4,,0
1440000,'2',706,,529,4,,0,100,,528,4,,0,100,,527,4,,0,100,,526,4,,0,100,,525,4,,0,30,,524,4,,0,70,,523,4,,0,30,,522,4,,0,70,,521,4,,0,30,,520,4,,0,70,,519,4,,0,30,,518,4,,0,70,,517,4,,0,30,,516,4,,0,70,,515,4,,0,30,,514,4,,0,70,,513,4,,0,30,,512,4,,0,70,,511,4,,0,30,,510,4,,0,70,,509,4,,0,100,,508,4,,0,100,,507,4,,0,100,,506,4,,0,100,,505,4,,0,100,,504,4,,0
1440000,'3',906,,542,4,,0,100,,541,4,,0,100,,540,4,,0,100,,539,4,,0,100,,538,4,,0,100,,537,4,,0,100,,536,4,,0,100,,535,4,,0,100,,534,4,,0,100,,533,4,,0,100,,532,4,,0,100,,531,4,,0,100,,530,4,,0
1440001,'1',608,,566,,,0,30,,565,,,0,70,,564,,,0,30,,563,,,0,100,,562,,,0,100,,561,,,0,70,,560,,,0,30,,559,,,0,70,,558,,,0,30,,557,,,0,70,,556,,,0,30,,555,,,0,100,,554,,,0,170,,553,,,0,30,,552,,,0,70,,551,,,0,30,,550,,,0,170,,549,,,0,102,,548,,,0,100,,547,,,0,100,,546,,,0,100,,545,,,0,100,,544,,,0,100,,543,,,0
1440001,'10801',808,,574,,,0,100,,569,,,0,400,,570,,,0,100,,572,,,0,30,,567,,,0,270,,571,,,0,30,,573,,,0,98,,568,,,0
1440001,'1201',808,,582,,,0,100,,581,,,0,400,,580,,,0,100,,579,,,0,30,,578,,,0,270,,577,,,0,30,,576,,,0,98,,575,,,0
1440001,'2',710,,608,,,0,100,,607,,,0,100,,606,,,0,100,,605,,,0,98,,604,,,0,30,,603,,,0,70,,602,,,0,30,,601,,,0,70,,600,,,0,30,,599,,,0,70,,598,,,0,30,,597,,,0,70,,596,,,0,30,,595,,,0,70,,594,,,0,30,,593,,,0,70,,592,,,0,30,,591,,,0,70,,590,,,0,28,,589,,,0,74,,588,,,0,100,,587,,,0,100,,586,,,0,100,,585,,,0,100,,584,,,0,100,,583,,,0
1440001,'3',910,,621,,,0,100,,620,,,0,100,,619,,,0,100,,618,,,0,100,,617,,,0,100,,616,,,0,100,,615,,,0,100,,614,,,0,100,,613,,,0,100,,612,,,0,100,,611,,,0,100,,610,,,0,100,,609,,,0
