'10801',1400100,70000,0,'University',0,3000,0,'University',0,2800,0,'University',0,4200,0,'University',0,2800,0,'University',0,200,0,'University',0,2800,0,'University',0,4200,0,'University',0,2800,0,'University',0,200,0,'University',0,7000,0,'University',0,3000,0,'University',0,7000,0,'University',0,3000,0,'University',0,7000,0,'University',0,3000,0,'University',0,7000,0,'University',0,3000,0,'University',0,8000,0,'University',0,3000,0,'University',0,7000,0,'University',0,3000,0,'University',0,7000,0,'University',0,3000,0,'University',0,7000,0,'University',0,3000,0,'University',0,7000,0,'University',0,2840,0,'University',0
'2201',1400100,92800,0,'University',0
'2901',1400100,70000,0,'University',0,3000,0,'University',0,7000,0,'University',0,3000,0,'University',0,78000,0,'University',0,3000,0,'University',0,7000,0,'University',0
'3001',1400100,70000,0,'University',0,3000,0,'University',0,2800,0,'University',0,4200,0,'University',0,2800,0,'University',0,200,0,'University',0,2800,0,'University',0,4200,0,'University',0,3000,0,'University',0,7000,0,'University',0,3000,0,'University',0,7000,0,'University',0,3000,0,'University',0,7000,0,'University',0,3000,0,'University',0,7000,0,'University',0,3000,0,'University',0,8000,0,'University',0,3000,0,'University',0,7000,0,'University',0,3000,0,'University',0,7000,0,'University',0,3000,0,'University',0,7000,0,'University',0,3000,0,'University',0,7000,0,'University',0,2840,0,'University',0
'10801',1400501,74400,,'',0,7000,,'',0,3000,,'',0,7000,,'',0,3000,,'',0
'1',1400501,61640,,'',0,3000,,'',0,7000,,'',0,3000,,'',0,7000,,'',0,3000,,'',0,7000,,'',0,3000,,'',0,7000,,'',0,3000,,'',0,7000,,'',0,3000,,'',0,7000,,'',0,3000,,'',0,7000,,'',0,3000,,'',0,7000,,'',0,3000,,'',0,7000,,'',0,3000,,'',0,7000,,'',0,3000,,'',0,7000,,'',0,3000,,'',0,7000,,'',0,10000,,'',0,10000,,'',0,10000,,'',0,10000,,'',0,10000,,'',0,9980,,'',0
'2201',1400501,91400,,'',0,3000,,'',0
'2',1400501,61630,,'',0,10000,,'',0,10000,,'',0,10000,,'',0,10000,,'',0,10000,,'',0,3000,,'',0,7000,,'',0,3000,,'',0,7000,,'',0,3000,,'',0,7000,,'',0,3000,,'',0,7000,,'',0,3000,,'',0,7000,,'',0,3000,,'',0,7010,,'',0,2990,,'',0,7000,,'',0,10000,,'',0,10000,,'',0,10000,,'',0,10000,,'',0,10000,,'',0,9990,,'',0
'3001',1400501,74400,,'',0,7000,,'',0,3000,,'',0
'3',1400501,91640,,'',0,10000,,'',0,10000,,'',0,10000,,'',0,10000,,'',0,10000,,'',0,10000,,'',0,10000,,'',0,10000,,'',0,10000,,'',0,10000,,'',0,10000,,'',0,9980,,'',0
