1100,'1',637,,1947,13,,,0,70,,1946,13,,,0,30,,1945,13,,,0,70,,1944,13,,,0,30,,1943,13,,,0,70,,1942,13,,,0,30,,1941,13,,,0,70,,1940,13,,,0,30,,1939,13,,,0,70,,1938,13,,,0,30,,1937,13,,,0,70,,1936,13,,,0,30,,1935,13,,,0,70,,1934,13,,,0,30,,1933,13,,,0,100,,1932,13,,,0,70,,1931,13,,,0,30,,1930,13,,,0,70,,1929,13,,,0,30,,1928,13,,,0,70,,1927,13,,,0,30,,1926,13,,,0,70,,1925,13,,,0,45,,1924,13,,,0,100,,1923,13,,,0,100,,1922,13,,,0,100,,1921,13,,,0,100,,1920,13,,,0
1100,'2',652,,1969,13,,,0,100,,1970,13,,,0,355,,1949,13,,,0,30,,1953,13,,,0,70,,1954,13,,,0,30,,1955,13,,,0,70,,1956,13,,,0,30,,1957,13,,,0,70,,1958,13,,,0,30,,1959,13,,,0,70,,1960,13,,,0,30,,1961,13,,,0,70,,1962,13,,,0,30,,1963,13,,,0,70,,1964,13,,,0,30,,1965,13,,,0,70,,1966,13,,,0,45,,1950,13,,,0,100,,1951,13,,,0,100,,1952,13,,,0,100,,1967,13,,,0,100,,1968,13,,,0
1100,'3',852,,1981,13,,,0,100,,1982,13,,,0,100,,1983,13,,,0,100,,1972,13,,,0,100,,1973,13,,,0,100,,1974,13,,,0,100,,1975,13,,,0,100,,1976,13,,,0,100,,1977,13,,,0,100,,1978,13,,,0,100,,1979,13,,,0,100,,1971,13,,,0,100,,1980,13,,,0
1400,'1',607,,2199,6,,,0,130,,2209,6,,,0,70,,2208,6,,,0,30,,2207,6,,,0,70,,2206,6,,,0,100,,2205,6,,,0,100,,2204,6,,,0,100,,2203,6,,,0,100,,2202,6,,,0,100,,2201,6,,,0,100,,2200,6,,,0,100,,2198,6,,,0,30,,2197,6,,,0,70,,2196,6,,,0,30,,2195,6,,,0,70,,2194,6,,,0,100,,2193,6,,,0,100,,2192,6,,,0,100,,2191,6,,,0
1400,'1201',1537,,2214,6,,,0
1400,'12801',1537,,2215,6,,,0
1400,'2',607,,2225,6,,,0,100,,2234,6,,,0,100,,2233,6,,,0,100,,2232,6,,,0,100,,2231,6,,,0,100,,2230,6,,,0,100,,2229,6,,,0,100,,2228,6,,,0,100,,2227,6,,,0,100,,2226,6,,,0,100,,2224,6,,,0,100,,2223,6,,,0,100,,2222,6,,,0,100,,2221,6,,,0,100,,2220,6,,,0,100,,2219,6,,,0,100,,2218,6,,,0,100,,2217,6,,,0
1400,'3',907,,2247,6,,,0,100,,2246,6,,,0,100,,2245,6,,,0,100,,2244,6,,,0,100,,2243,6,,,0,100,,2242,6,,,0,100,,2241,6,,,0,100,,2240,6,,,0,100,,2239,6,,,0,100,,2238,6,,,0,100,,2237,6,,,0,100,,2236,6,,,0,99,,2235,6,,,0
3001,'1',615,,3798,4,,,0,37,,3799,4,,,0,161,,3801,4,,,0,40,,3802,4,,,0,83,,3803,4,,,0,77,,3804,4,,,0,40,,3805,4,,,0,80,,3806,4,,,0,80,,3807,4,,,0,40,,3808,4,,,0,80,,3809,4,,,0,80,,3810,4,,,0,40,,3811,4,,,0,83,,3812,4,,,0,82,,3813,4,,,0,40,,3814,4,,,0,80,,3815,4,,,0,80,,3816,4,,,0,39,,3817,4,,,0,78,,3795,4,,,0,95,,3796,4,,,0
3001,'2',637,,3822,4,,,0,98,,3824,4,,,0,100,,3825,4,,,0,100,,3826,4,,,0,100,,3823,4,,,0,82,,3827,4,,,0,40,,3828,4,,,0,80,,3829,4,,,0,80,,3830,4,,,0,40,,3831,4,,,0,80,,3832,4,,,0,80,,3833,4,,,0,40,,3834,4,,,0,80,,3835,4,,,0,80,,3836,4,,,0,318,,3819,4,,,0,100,,3820,4,,,0,100,,3821,4,,,0
3001,'3',834,,3838,4,,,0,100,,3839,4,,,0,100,,3840,4,,,0,100,,3841,4,,,0,100,,3842,4,,,0,100,,3843,4,,,0,100,,3844,4,,,0,100,,3845,4,,,0,100,,3846,4,,,0,100,,3847,4,,,0,100,,3848,4,,,0,100,,3849,4,,,0,100,,3850,4,,,0,100,,3851,4,,,0
3501,'1',556,,3970,6,,,0,80,,3971,6,,,0,74,,3972,6,,,0,43,,3973,6,,,0,80,,3974,6,,,0,80,,3975,6,,,0,39,,3976,6,,,0,83,,3977,6,,,0,80,,3978,6,,,0,40,,3979,6,,,0,80,,3980,6,,,0,80,,3981,6,,,0,40,,3982,6,,,0,80,,3983,6,,,0,284,,3984,6,,,0,40,,3985,6,,,0,80,,3968,6,,,0,76,,3986,6,,,0,85,,3969,6,,,0
3501,'2',705,,4001,6,,,0,100,,4002,6,,,0,100,,4003,6,,,0,100,,4004,6,,,0,96,,4005,6,,,0,39,,3990,6,,,0,80,,3991,6,,,0,80,,3992,6,,,0,40,,3993,6,,,0,80,,3994,6,,,0,80,,3995,6,,,0,40,,3996,6,,,0,80,,3997,6,,,0,80,,3998,6,,,0,40,,3999,6,,,0,80,,4000,6,,,0,85,,3987,6,,,0,100,,3988,6,,,0
3501,'3',905,,4006,6,,,0,100,,4007,6,,,0,100,,4008,6,,,0,100,,4009,6,,,0,100,,4010,6,,,0,100,,4011,6,,,0,100,,4012,6,,,0,100,,4013,6,,,0,100,,4014,6,,,0,100,,4015,6,,,0,100,,4016,6,,,0,100,,4017,6,,,0,100,,4018,6,,,0
