1600,'1',627,,2504,6,,,0,32,,2505,6,,,0,72,,2506,6,,,0,72,,2507,6,,,0,32,,2508,6,,,0,72,,2509,6,,,0,32,,2510,6,,,0,72,,2511,6,,,0,32,,2512,6,,,0,72,,2513,6,,,0,32,,2514,6,,,0,72,,2524,6,,,0,32,,2525,6,,,0,72,,2515,6,,,0,32,,2516,6,,,0,72,,2517,6,,,0,32,,2518,6,,,0,72,,2519,6,,,0,72,,2520,6,,,0,32,,2521,6,,,0,72,,2522,6,,,0,32,,2526,6,,,0,72,,2523,6,,,0,32,,2527,6,,,0,75,,2528,6,,,0,100,,2529,6,,,0,100,,2530,6,,,0,100,,2531,6,,,0,100,,2532,6,,,0
1600,'2',622,,2533,6,,,0,100,,2534,6,,,0,100,,2535,6,,,0,100,,2536,6,,,0,100,,2537,6,,,0,102,,2538,6,,,0,34,,2539,6,,,0,72,,2540,6,,,0,72,,2541,6,,,0,32,,2542,6,,,0,72,,2543,6,,,0,32,,2544,6,,,0,72,,2545,6,,,0,32,,2546,6,,,0,72,,2547,6,,,0,32,,2548,6,,,0,72,,2549,6,,,0,32,,2550,6,,,0,72,,2551,6,,,0,32,,2552,6,,,0,100,,2553,6,,,0,100,,2554,6,,,0,100,,2555,6,,,0
1600,'3',818,,2569,6,,,0,100,,2556,6,,,0,100,,2557,6,,,0,100,,2558,6,,,0,100,,2559,6,,,0,100,,2560,6,,,0,100,,2561,6,,,0,100,,2562,6,,,0,100,,2563,6,,,0,100,,2564,6,,,0,100,,2565,6,,,0,100,,2566,6,,,0,100,,2567,6,,,0,101,,2568,6,,,0
4300,'1',618,,4021,6,,,0,30,,4022,6,,,0,67,,4023,6,,,0,30,,4024,6,,,0,70,,4025,6,,,0,30,,4026,6,,,0,69,,4027,6,,,0,27,,4028,6,,,0,70,,4029,6,,,0,30,,4030,6,,,0,70,,4031,6,,,0,30,,4032,6,,,0,70,,4033,6,,,0,30,,4034,6,,,0,70,,4035,6,,,0,30,,4036,6,,,0,70,,4037,6,,,0,30,,4038,6,,,0,67,,4039,6,,,0,30,,4040,6,,,0,70,,4041,6,,,0,30,,4042,6,,,0,70,,4043,6,,,0,30,,4044,6,,,0,70,,4045,6,,,0,29,,4046,6,,,0,70,,4047,6,,,0,100,,4048,6,,,0,100,,4049,6,,,0,100,,4050,6,,,0
4300,'2',637,,4052,6,,,0,100,,4053,6,,,0,100,,4054,6,,,0,100,,4055,6,,,0,100,,4056,6,,,0,70,,4070,6,,,0,30,,4057,6,,,0,70,,4071,6,,,0,30,,4058,6,,,0,100,,4059,6,,,0,70,,4073,6,,,0,30,,4060,6,,,0,70,,4074,6,,,0,30,,4061,6,,,0,70,,4075,6,,,0,30,,4062,6,,,0,70,,4076,6,,,0,30,,4063,6,,,0,70,,4077,6,,,0,30,,4064,6,,,0,100,,4065,6,,,0,100,,4066,6,,,0,100,,4067,6,,,0,100,,4068,6,,,0
4300,'3',837,,4078,6,,,0,100,,4079,6,,,0,100,,4080,6,,,0,100,,4081,6,,,0,100,,4082,6,,,0,100,,4083,6,,,0,100,,4084,6,,,0,100,,4085,6,,,0,100,,4086,6,,,0,100,,4087,6,,,0,100,,4088,6,,,0,100,,4089,6,,,0,100,,4090,6,,,0,100,,4091,6,,,0
4400,'1',625,,4161,6,,,0,30,,4162,6,,,0,67,,4163,6,,,0,30,,4164,6,,,0,70,,4165,6,,,0,30,,4166,6,,,0,69,,4167,6,,,0,28,,4168,6,,,0,70,,4169,6,,,0,30,,4170,6,,,0,70,,4171,6,,,0,30,,4172,6,,,0,70,,4173,6,,,0,30,,4174,6,,,0,70,,4175,6,,,0,30,,4176,6,,,0,70,,4177,6,,,0,30,,4178,6,,,0,67,,4179,6,,,0,30,,4180,6,,,0,70,,4181,6,,,0,30,,4182,6,,,0,70,,4183,6,,,0,30,,4184,6,,,0,101,,4185,6,,,0,100,,4186,6,,,0,100,,4187,6,,,0,100,,4188,6,,,0,100,,4189,6,,,0,101,,4190,6,,,0
4400,'2',717,,4200,6,,,0,100,,4199,6,,,0,100,,4198,6,,,0,100,,4197,6,,,0,100,,4202,6,,,0,30,,4203,6,,,0,70,,4204,6,,,0,30,,4205,6,,,0,70,,4206,6,,,0,30,,4207,6,,,0,70,,4208,6,,,0,30,,4209,6,,,0,70,,4210,6,,,0,30,,4211,6,,,0,100,,4212,6,,,0,70,,4213,6,,,0,30,,4214,6,,,0,70,,4215,6,,,0,30,,4216,6,,,0,70,,4196,6,,,0,100,,4195,6,,,0,100,,4194,6,,,0,100,,4193,6,,,0,100,,4192,6,,,0
4400,'3',917,,4229,6,,,0,100,,4228,6,,,0,100,,4224,6,,,0,100,,4223,6,,,0,100,,4222,6,,,0,100,,4221,6,,,0,100,,4220,6,,,0,100,,4219,6,,,0,100,,4218,6,,,0,100,,4217,6,,,0,100,,4227,6,,,0,100,,4226,6,,,0,100,,4225,6,,,0
4500,'1',632,,4291,6,,,0,27,,4292,6,,,0,70,,4293,6,,,0,30,,4294,6,,,0,70,,4295,6,,,0,30,,4296,6,,,0,69,,4297,6,,,0,30,,4298,6,,,0,70,,4299,6,,,0,30,,4300,6,,,0,70,,4301,6,,,0,30,,4302,6,,,0,70,,4303,6,,,0,30,,4304,6,,,0,70,,4305,6,,,0,30,,4306,6,,,0,70,,4307,6,,,0,30,,4308,6,,,0,66,,4309,6,,,0,30,,4310,6,,,0,70,,4311,6,,,0,30,,4312,6,,,0,70,,4313,6,,,0,93,,4314,6,,,0,110,,4315,6,,,0,100,,4316,6,,,0,100,,4317,6,,,0,100,,4318,6,,,0,100,,4319,6,,,0
4500,'2',657,,4328,6,,,0,100,,4327,6,,,0,100,,4326,6,,,0,100,,4325,6,,,0,100,,4320,6,,,0,70,,4330,6,,,0,30,,4331,6,,,0,70,,4332,6,,,0,30,,4333,6,,,0,70,,4334,6,,,0,30,,4335,6,,,0,70,,4336,6,,,0,30,,4337,6,,,0,70,,4338,6,,,0,30,,4339,6,,,0,70,,4340,6,,,0,30,,4341,6,,,0,70,,4342,6,,,0,30,,4343,6,,,0,70,,4344,6,,,0,30,,4345,6,,,0,100,,4324,6,,,0,100,,4323,6,,,0,100,,4322,6,,,0
4500,'3',857,,4358,6,,,0,100,,4357,6,,,0,100,,4346,6,,,0,100,,4356,6,,,0,100,,4355,6,,,0,100,,4354,6,,,0,100,,4353,6,,,0,100,,4352,6,,,0,100,,4351,6,,,0,100,,4350,6,,,0,100,,4349,6,,,0,101,,4348,6,,,0,99,,4347,6,,,0
4600,'1',610,,4424,6,,,0,29,,4425,6,,,0,67,,4426,6,,,0,30,,4427,6,,,0,70,,4428,6,,,0,30,,4429,6,,,0,71,,4430,6,,,0,29,,4431,6,,,0,70,,4432,6,,,0,30,,4433,6,,,0,70,,4434,6,,,0,30,,4435,6,,,0,70,,4436,6,,,0,30,,4437,6,,,0,70,,4438,6,,,0,30,,4439,6,,,0,70,,4440,6,,,0,29,,4441,6,,,0,65,,4442,6,,,0,30,,4443,6,,,0,70,,4444,6,,,0,30,,4445,6,,,0,70,,4446,6,,,0,30,,4447,6,,,0,70,,4448,6,,,0
