2900,'1',726,,3647,15,,,0,80,,3649,15,,,0,40,,3650,15,,,0,80,,3651,15,,,0,80,,3652,15,,,0,40,,3653,15,,,0,80,,3654,15,,,0,80,,3655,15,,,0,40,,3656,15,,,0,80,,3657,15,,,0,80,,3658,15,,,0,40,,3659,15,,,0,80,,3660,15,,,0,80,,3661,15,,,0,40,,3662,15,,,0,80,,3663,15,,,0,80,,3664,15,,,0
4300,'1',635,,4021,17,,,0,70,,4022,17,,,0,29,,4023,17,,,0,70,,4024,17,,,0,30,,4025,17,,,0,70,,4026,17,,,0,29,,4027,17,,,0,69,,4028,17,,,0,30,,4029,17,,,0,70,,4030,17,,,0,30,,4031,17,,,0,70,,4032,17,,,0,30,,4033,17,,,0,70,,4034,17,,,0,30,,4035,17,,,0,70,,4036,17,,,0,30,,4037,17,,,0,70,,4038,17,,,0,30,,4039,17,,,0,70,,4040,17,,,0,30,,4041,17,,,0,70,,4042,17,,,0,30,,4043,17,,,0,70,,4044,17,,,0,30,,4045,17,,,0,22,,4046,17,,,0,70,,4047,17,,,0,100,,4048,17,,,0,100,,4049,17,,,0,100,,4050,17,,,0
4300,'2',654,,4052,17,,,0,100,,4053,17,,,0,100,,4054,17,,,0,100,,4055,17,,,0,100,,4056,17,,,0,70,,4070,17,,,0,30,,4057,17,,,0,70,,4071,17,,,0,30,,4058,17,,,0,100,,4059,17,,,0,70,,4073,17,,,0,30,,4060,17,,,0,70,,4074,17,,,0,30,,4061,17,,,0,70,,4075,17,,,0,30,,4062,17,,,0,70,,4076,17,,,0,30,,4063,17,,,0,70,,4077,17,,,0,30,,4064,17,,,0,100,,4065,17,,,0,100,,4066,17,,,0,100,,4067,17,,,0,100,,4068,17,,,0
4300,'3',854,,4078,17,,,0,100,,4079,17,,,0,100,,4080,17,,,0,100,,4081,17,,,0,100,,4082,17,,,0,100,,4083,17,,,0,100,,4084,17,,,0,100,,4085,17,,,0,100,,4086,17,,,0,100,,4087,17,,,0,100,,4088,17,,,0,100,,4089,17,,,0,100,,4090,17,,,0,100,,4091,17,,,0
4400,'1',642,,4161,17,,,0,70,,4162,17,,,0,29,,4163,17,,,0,70,,4164,17,,,0,30,,4165,17,,,0,70,,4166,17,,,0,29,,4167,17,,,0,70,,4168,17,,,0,30,,4169,17,,,0,70,,4170,17,,,0,30,,4171,17,,,0,70,,4172,17,,,0,30,,4173,17,,,0,70,,4174,17,,,0,30,,4175,17,,,0,70,,4176,17,,,0,30,,4177,17,,,0,70,,4178,17,,,0,30,,4179,17,,,0,70,,4180,17,,,0,30,,4181,17,,,0,70,,4182,17,,,0,30,,4183,17,,,0,70,,4184,17,,,0,94,,4185,17,,,0,100,,4186,17,,,0,100,,4187,17,,,0,100,,4188,17,,,0,100,,4189,17,,,0
4400,'2',734,,4200,17,,,0,100,,4199,17,,,0,100,,4198,17,,,0,100,,4197,17,,,0,100,,4202,17,,,0,70,,4203,17,,,0,30,,4204,17,,,0,70,,4205,17,,,0,30,,4206,17,,,0,70,,4207,17,,,0,30,,4208,17,,,0,70,,4209,17,,,0,30,,4210,17,,,0,70,,4211,17,,,0,100,,4212,17,,,0,30,,4213,17,,,0,70,,4214,17,,,0,30,,4215,17,,,0,70,,4216,17,,,0,30,,4196,17,,,0,100,,4195,17,,,0,100,,4194,17,,,0,100,,4193,17,,,0,100,,4192,17,,,0
4400,'3',934,,4229,17,,,0,100,,4228,17,,,0,100,,4224,17,,,0,100,,4223,17,,,0,100,,4222,17,,,0,100,,4221,17,,,0,100,,4220,17,,,0,100,,4219,17,,,0,100,,4218,17,,,0,100,,4217,17,,,0,100,,4227,17,,,0,100,,4226,17,,,0,99,,4225,17,,,0
4500,'1',649,,4291,17,,,0,69,,4292,17,,,0,30,,4293,17,,,0,70,,4294,17,,,0,30,,4295,17,,,0,70,,4296,17,,,0,31,,4297,17,,,0,70,,4298,17,,,0,30,,4299,17,,,0,70,,4300,17,,,0,30,,4301,17,,,0,70,,4302,17,,,0,30,,4303,17,,,0,70,,4304,17,,,0,30,,4305,17,,,0,70,,4306,17,,,0,30,,4307,17,,,0,70,,4308,17,,,0,29,,4309,17,,,0,70,,4310,17,,,0,30,,4311,17,,,0,70,,4312,17,,,0,30,,4313,17,,,0,93,,4314,17,,,0,103,,4315,17,,,0,100,,4316,17,,,0,100,,4317,17,,,0,100,,4318,17,,,0,100,,4319,17,,,0
4500,'2',714,,4328,17,,,0,100,,4327,17,,,0,100,,4326,17,,,0,100,,4325,17,,,0,100,,4320,17,,,0,30,,4330,17,,,0,70,,4331,17,,,0,30,,4332,17,,,0,70,,4333,17,,,0,30,,4334,17,,,0,70,,4335,17,,,0,30,,4336,17,,,0,70,,4337,17,,,0,30,,4338,17,,,0,70,,4339,17,,,0,30,,4340,17,,,0,70,,4341,17,,,0,30,,4342,17,,,0,70,,4343,17,,,0,30,,4344,17,,,0,70,,4345,17,,,0,100,,4324,17,,,0,100,,4323,17,,,0,100,,4322,17,,,0
4500,'3',914,,4358,17,,,0,100,,4357,17,,,0,100,,4346,17,,,0,100,,4356,17,,,0,100,,4355,17,,,0,100,,4354,17,,,0,100,,4353,17,,,0,100,,4352,17,,,0,100,,4351,17,,,0,100,,4350,17,,,0,100,,4349,17,,,0,100,,4348,17,,,0,99,,4347,17,,,0
4600,'1',627,,4424,17,,,0,29,,4425,17,,,0,69,,4426,17,,,0,30,,4427,17,,,0,70,,4428,17,,,0,30,,4429,17,,,0,71,,4430,17,,,0,31,,4431,17,,,0,70,,4432,17,,,0,30,,4433,17,,,0,70,,4434,17,,,0,30,,4435,17,,,0,70,,4436,17,,,0,30,,4437,17,,,0,70,,4438,17,,,0,30,,4439,17,,,0,70,,4440,17,,,0,29,,4441,17,,,0,68,,4442,17,,,0,30,,4443,17,,,0,70,,4444,17,,,0,30,,4445,17,,,0,70,,4446,17,,,0,30,,4447,17,,,0,70,,4448,17,,,0
