1439800,'1',611,,64,,,0,30,,63,,,0,70,,33,,,0,30,,34,,,0,70,,35,,,0,30,,36,,,0,70,,37,,,0,30,,38,,,0,70,,39,,,0,30,,40,,,0,70,,41,,,0,30,,42,,,0,70,,43,,,0,30,,44,,,0,70,,45,,,0,30,,46,,,0,70,,47,,,0,30,,48,,,0,70,,49,,,0,30,,50,,,0,70,,51,,,0,30,,52,,,0,70,,53,,,0,30,,54,,,0,70,,55,,,0,30,,56,,,0,70,,57,,,0,100,,58,,,0,100,,59,,,0,100,,60,,,0,100,,61,,,0,100,,62,,,0
1439800,'2',713,,91,,,0,98,,92,,,0,100,,93,,,0,100,,94,,,0,100,,95,,,0,30,,96,,,0,70,,97,,,0,30,,98,,,0,70,,99,,,0,30,,100,,,0,70,,101,,,0,30,,102,,,0,70,,103,,,0,30,,104,,,0,70,,105,,,0,30,,106,,,0,70,,107,,,0,30,,108,,,0,70,,109,,,0,30,,110,,,0,70,,111,,,0,100,,112,,,0,100,,113,,,0,100,,114,,,0,100,,115,,,0,100,,116,,,0
1439800,'3',911,,130,,,0,100,,131,,,0,100,,132,,,0,100,,133,,,0,100,,134,,,0,100,,135,,,0,100,,136,,,0,100,,137,,,0,100,,138,,,0,100,,139,,,0,100,,140,,,0,100,,141,,,0,100,,142,,,0
1439901,'1',645,,353,,,0,60,,354,,,0,40,,355,,,0,60,,356,,,0,40,,357,,,0,60,,358,,,0,40,,359,,,0,60,,360,,,0,20,,361,,,0,20,,362,,,0,60,,363,,,0,20,,364,,,0,20,,365,,,0,60,,366,,,0,20,,367,,,0,20,,368,,,0,60,,369,,,0,20,,370,,,0,20,,371,,,0,60,,372,,,0,20,,373,,,0,20,,374,,,0,60,,375,,,0,20,,376,,,0,20,,377,,,0,60,,378,,,0,20,,379,,,0,20,,380,,,0,60,,381,,,0,20,,382,,,0,20,,383,,,0,60,,384,,,0,20,,385,,,0,16,,386,,,0,70,,352,,,0,30,,343,,,0,70,,348,,,0,30,,342,,,0,70,,347,,,0,30,,341,,,0,70,,346,,,0,30,,349,,,0,70,,345,,,0,30,,350,,,0,70,,344,,,0,25,,351,,,0
1439901,'10801',625,,387,,,0,100,,388,,,0,100,,389,,,0,100,,390,,,0
1439901,'1201',625,,391,,,0,100,,392,,,0,100,,393,,,0,100,,394,,,0
1439901,'2',641,,395,,,0,70,,408,,,0,30,,409,,,0,70,,410,,,0,30,,411,,,0,70,,412,,,0,30,,413,,,0,70,,414,,,0,30,,415,,,0,64,,416,,,0,40,,417,,,0,60,,418,,,0,20,,419,,,0,20,,420,,,0,60,,421,,,0,20,,422,,,0,20,,423,,,0,60,,424,,,0,20,,425,,,0,20,,426,,,0,60,,427,,,0,20,,428,,,0,20,,429,,,0,60,,430,,,0,20,,431,,,0,20,,432,,,0,60,,433,,,0,20,,434,,,0,20,,435,,,0,60,,436,,,0,20,,437,,,0,16,,438,,,0,70,,407,,,0,30,,401,,,0,70,,406,,,0,30,,400,,,0,70,,405,,,0,30,,399,,,0,70,,404,,,0,30,,398,,,0,70,,403,,,0,30,,397,,,0,70,,402,,,0,25,,396,,,0
1439901,'3',911,,464,,,0,30,,440,,,0,70,,463,,,0,30,,439,,,0,70,,462,,,0,30,,461,,,0,70,,460,,,0,30,,459,,,0,70,,458,,,0,30,,457,,,0,70,,456,,,0,30,,455,,,0,70,,454,,,0,30,,453,,,0,70,,452,,,0,30,,451,,,0,70,,450,,,0,30,,449,,,0,70,,448,,,0,30,,447,,,0,70,,446,,,0,30,,443,,,0,70,,445,,,0,30,,442,,,0,70,,444,,,0,25,,441,,,0
1440501,'1',620,,1606,,,0,10,,1607,,,0,10,,1608,,,0,10,,1609,,,0,50,,1518,,,0,10,,1521,,,0,10,,1524,,,0,10,,1527,,,0,10,,1529,,,0,10,,1519,,,0,50,,1522,,,0,10,,1525,,,0,10,,1528,,,0,10,,1530,,,0,10,,1520,,,0,10,,1523,,,0,50,,1526,,,0,10,,1582,,,0,9,,1583,,,0,10,,1584,,,0,10,,1585,,,0,10,,1531,,,0,10,,1538,,,0,50,,1545,,,0,10,,1552,,,0,10,,1558,,,0,10,,1532,,,0,10,,1539,,,0,10,,1546,,,0,50,,1553,,,0,10,,1559,,,0,10,,1533,,,0,10,,1540,,,0,10,,1547,,,0,10,,1554,,,0,50,,1560,,,0,10,,1534,,,0,10,,1541,,,0,10,,1548,,,0,10,,1555,,,0,10,,1561,,,0,50,,1535,,,0,10,,1542,,,0,10,,1549,,,0,10,,1556,,,0,10,,1562,,,0,10,,1536,,,0,50,,1543,,,0,10,,1550,,,0,10,,1557,,,0,10,,1563,,,0,10,,1537,,,0,10,,1544,,,0,50,,1551,,,0,11,,1586,,,0,10,,1587,,,0,10,,1588,,,0,10,,1564,,,0,50,,1568,,,0,10,,1572,,,0,10,,1576,,,0,10,,1579,,,0,10,,1565,,,0,10,,1569,,,0,50,,1573,,,0,10,,1577,,,0,10,,1580,,,0,10,,1566,,,0,10,,1570,,,0,10,,1574,,,0,50,,1578,,,0,10,,1581,,,0,10,,1567,,,0,10,,1571,,,0,10,,1575,,,0,9,,1589,,,0,59,,1591,,,0,20,,1590,,,0,22,,1592,,,0,62,,1593,,,0,22,,1594,,,0,22,,1595,,,0,62,,1596,,,0,22,,1597,,,0,62,,1598,,,0,22,,1599,,,0,22,,1600,,,0,62,,1601,,,0,22,,1602,,,0,22,,1603,,,0,62,,1604,,,0,22,,1605,,,0
1440501,'2',618,,1610,,,0,22,,1669,,,0,62,,1611,,,0,22,,1612,,,0,22,,1613,,,0,62,,1614,,,0,22,,1615,,,0,22,,1616,,,0,62,,1617,,,0,22,,1618,,,0,22,,1619,,,0,62,,1620,,,0,22,,1621,,,0,62,,1622,,,0,23,,1623,,,0,15,,1624,,,0,15,,1625,,,0,55,,1626,,,0,15,,1627,,,0,15,,1628,,,0,15,,1629,,,0,55,,1630,,,0,15,,1631,,,0,15,,1632,,,0,15,,1633,,,0,55,,1634,,,0,15,,1635,,,0,15,,1636,,,0,15,,1637,,,0,55,,1638,,,0,15,,1639,,,0,15,,1640,,,0,15,,1641,,,0,55,,1642,,,0,15,,1643,,,0,15,,1644,,,0,15,,1645,,,0,55,,1646,,,0,15,,1647,,,0,15,,1648,,,0,15,,1649,,,0,55,,1650,,,0,15,,1651,,,0,15,,1652,,,0,61,,1653,,,0,22,,1654,,,0,22,,1655,,,0,62,,1656,,,0,22,,1657,,,0,22,,1658,,,0,62,,1659,,,0,22,,1660,,,0,22,,1661,,,0,62,,1662,,,0,22,,1663,,,0,62,,1664,,,0,22,,1665,,,0,22,,1666,,,0,62,,1667,,,0,22,,1668,,,0
1440501,'3',842,,1670,,,0,62,,1671,,,0,22,,1672,,,0,22,,1673,,,0,62,,1674,,,0,22,,1675,,,0,22,,1676,,,0,62,,1677,,,0,22,,1678,,,0,62,,1679,,,0,22,,1680,,,0,22,,1681,,,0,62,,1682,,,0,22,,1683,,,0,22,,1684,,,0,62,,1685,,,0,22,,1686,,,0,22,,1687,,,0,62,,1688,,,0,22,,1689,,,0,62,,1690,,,0,22,,1691,,,0,22,,1692,,,0,62,,1693,,,0,22,,1694,,,0,22,,1695,,,0,62,,1696,,,0,22,,1697,,,0,22,,1698,,,0,62,,1699,,,0,22,,1700,,,0,62,,1701,,,0,22,,1702,,,0,22,,1703,,,0,62,,1704,,,0,22,,1705,,,0
1440601,'1',626,,1789,,,0,15,,1790,,,0,70,,1791,,,0,100,,1792,,,0,100,,1793,,,0,30,,1794,,,0,70,,1800,,,0,30,,1795,,,0,70,,1801,,,0,100,,1802,,,0,30,,1796,,,0,70,,1803,,,0,30,,1797,,,0,70,,1804,,,0,30,,1798,,,0,70,,1805,,,0,30,,1799,,,0,70,,1806,,,0,130,,1807,,,0,100,,1808,,,0,70,,1809,,,0,30,,1783,,,0,100,,1784,,,0,100,,1785,,,0,100,,1786,,,0,100,,1787,,,0
1440601,'10801',741,,1814,,,0,100,,1811,,,0,300,,1815,,,0,500,,1812,,,0,70,,1813,,,0,100,,1810,,,0
1440601,'1201',741,,1816,,,0,100,,1817,,,0,300,,1818,,,0,500,,1821,,,0,70,,1819,,,0,100,,1820,,,0
1440601,'2',640,,1822,,,0,101,,1847,,,0,100,,1846,,,0,100,,1835,,,0,100,,1834,,,0,100,,1833,,,0,70,,1845,,,0,30,,1832,,,0,70,,1844,,,0,30,,1831,,,0,70,,1843,,,0,30,,1830,,,0,70,,1842,,,0,30,,1829,,,0,70,,1841,,,0,30,,1840,,,0,70,,1839,,,0,30,,1838,,,0,70,,1837,,,0,30,,1836,,,0,70,,1848,,,0,30,,1828,,,0,100,,1827,,,0,100,,1826,,,0,100,,1825,,,0,100,,1824,,,0
1440601,'3',841,,1849,,,0,100,,1859,,,0,100,,1858,,,0,100,,1857,,,0,100,,1856,,,0,100,,1855,,,0,100,,1854,,,0,100,,1853,,,0,100,,1862,,,0,100,,1861,,,0,100,,1860,,,0,100,,1852,,,0,100,,1851,,,0
1442201,'1201',1636,,3850,,,0
