401,'1',606,,505,9,,,0,7,,506,9,,,0,8,,507,9,,,0,7,,508,9,,,0,8,,509,9,,,0,7,,510,9,,,0,8,,511,9,,,0,7,,512,9,,,0,48,,513,9,,,0,11,,514,9,,,0,8,,545,9,,,0,7,,515,9,,,0,8,,516,9,,,0,7,,542,9,,,0,8,,517,9,,,0,47,,518,9,,,0,8,,519,9,,,0,7,,520,9,,,0,8,,546,9,,,0,7,,521,9,,,0,8,,522,9,,,0,7,,523,9,,,0,8,,524,9,,,0,47,,525,9,,,0,8,,544,9,,,0,7,,543,9,,,0,8,,526,9,,,0,7,,527,9,,,0,8,,529,9,,,0,5,,530,9,,,0,8,,531,9,,,0,47,,528,9,,,0,8,,532,9,,,0,7,,533,9,,,0,8,,536,9,,,0,7,,535,9,,,0,8,,534,9,,,0,7,,547,9,,,0,8,,537,9,,,0,47,,538,9,,,0,8,,539,9,,,0,7,,540,9,,,0,8,,541,9,,,0,7,,548,9,,,0,8,,549,9,,,0,7,,550,9,,,0,8,,551,9,,,0,47,,552,9,,,0,8,,553,9,,,0,7,,554,9,,,0,8,,560,9,,,0,7,,555,9,,,0,8,,556,9,,,0,7,,557,9,,,0,8,,558,9,,,0,47,,559,9,,,0,8,,561,9,,,0,7,,562,9,,,0,8,,563,9,,,0,7,,564,9,,,0,8,,565,9,,,0,7,,566,9,,,0,8,,567,9,,,0,47,,568,9,,,0,8,,569,9,,,0,7,,570,9,,,0,8,,571,9,,,0,7,,572,9,,,0,8,,573,9,,,0,7,,574,9,,,0,8,,575,9,,,0,47,,576,9,,,0,8,,577,9,,,0,6,,578,9,,,0,8,,579,9,,,0,7,,580,9,,,0,8,,581,9,,,0,7,,582,9,,,0,8,,583,9,,,0,7,,584,9,,,0,48,,585,9,,,0,7,,586,9,,,0,8,,587,9,,,0,7,,588,9,,,0,8,,589,9,,,0,7,,590,9,,,0,8,,591,9,,,0,7,,592,9,,,0,48,,593,9,,,0,7,,594,9,,,0,8,,595,9,,,0,7,,596,9,,,0,8,,597,9,,,0,7,,598,9,,,0,8,,599,9,,,0,7,,600,9,,,0,48,,601,9,,,0,7,,602,9,,,0,8,,603,9,,,0,7,,604,9,,,0,8,,605,9,,,0,6,,606,9,,,0,92,,607,9,,,0,23,,616,9,,,0,57,,619,9,,,0,20,,608,9,,,0,23,,617,9,,,0,57,,609,9,,,0,20,,610,9,,,0,23,,618,9,,,0,57,,611,9,,,0,20,,612,9,,,0,80,,613,9,,,0
401,'2',645,,620,9,,,0,60,,621,9,,,0,20,,669,9,,,0,20,,622,9,,,0,60,,623,9,,,0,20,,670,9,,,0,20,,624,9,,,0,60,,625,9,,,0,20,,671,9,,,0,20,,626,9,,,0,60,,627,9,,,0,20,,672,9,,,0,20,,628,9,,,0,60,,629,9,,,0,20,,673,9,,,0,20,,636,9,,,0,10,,684,9,,,0,50,,637,9,,,0,10,,638,9,,,0,10,,674,9,,,0,10,,639,9,,,0,10,,640,9,,,0,10,,685,9,,,0,50,,641,9,,,0,10,,642,9,,,0,10,,675,9,,,0,10,,643,9,,,0,10,,644,9,,,0,10,,686,9,,,0,50,,645,9,,,0,10,,646,9,,,0,10,,676,9,,,0,10,,647,9,,,0,10,,648,9,,,0,10,,687,9,,,0,50,,649,9,,,0,10,,650,9,,,0,10,,677,9,,,0,10,,651,9,,,0,10,,652,9,,,0,10,,688,9,,,0,50,,653,9,,,0,10,,654,9,,,0,10,,678,9,,,0,10,,655,9,,,0,10,,656,9,,,0,10,,689,9,,,0,50,,657,9,,,0,10,,658,9,,,0,10,,679,9,,,0,10,,659,9,,,0,10,,660,9,,,0,10,,690,9,,,0,50,,661,9,,,0,10,,662,9,,,0,10,,680,9,,,0,10,,663,9,,,0,10,,664,9,,,0,10,,691,9,,,0,50,,665,9,,,0,10,,666,9,,,0,10,,681,9,,,0,10,,667,9,,,0,10,,668,9,,,0,60,,630,9,,,0,20,,682,9,,,0,20,,631,9,,,0,60,,632,9,,,0,20,,683,9,,,0,20,,633,9,,,0,60,,634,9,,,0
401,'3',905,,692,9,,,0,20,,719,9,,,0,20,,693,9,,,0,60,,694,9,,,0,20,,720,9,,,0,20,,695,9,,,0,60,,696,9,,,0,20,,721,9,,,0,20,,702,9,,,0,60,,703,9,,,0,20,,722,9,,,0,20,,704,9,,,0,60,,705,9,,,0,20,,723,9,,,0,20,,706,9,,,0,60,,707,9,,,0,20,,724,9,,,0,20,,708,9,,,0,60,,709,9,,,0,20,,725,9,,,0,20,,710,9,,,0,60,,711,9,,,0,20,,726,9,,,0,20,,712,9,,,0,60,,713,9,,,0,20,,727,9,,,0,20,,714,9,,,0,60,,715,9,,,0,20,,728,9,,,0,20,,716,9,,,0,60,,717,9,,,0,20,,729,9,,,0,20,,697,9,,,0,60,,698,9,,,0,20,,730,9,,,0,20,,699,9,,,0,60,,700,9,,,0,20,,731,9,,,0,20,,701,9,,,0,55,,718,9,4,,0
1601,'1',615,,2595,18,,,0,32,,2590,18,,,0,72,,2570,18,,,0,32,,2571,18,,,0,72,,2572,18,,,0,32,,2573,18,,,0,72,,2574,18,,,0,32,,2575,18,,,0,72,,2576,18,,,0,72,,2577,18,,,0,32,,2596,18,,,0,72,,2578,18,,,0,32,,2579,18,,,0,72,,2580,18,,,0,32,,2581,18,,,0,72,,2582,18,,,0,32,,2583,18,,,0,72,,2584,18,,,0,32,,2585,18,,,0,72,,2586,18,,,0,32,,2587,18,,,0,72,,2597,18,,,0,32,,2588,18,,,0,143,,2589,18,,,0,103,,2591,18,,,0,100,,2592,18,,,0,100,,2593,18,,,0,100,,2594,18,,,0
1601,'2',711,,2599,18,,,0,100,,2600,18,,,0,100,,2601,18,,,0,100,,2602,18,,,0,100,,2603,18,,,0,35,,2604,18,,,0,72,,2605,18,,,0,32,,2606,18,,,0,72,,2607,18,,,0,32,,2608,18,,,0,72,,2609,18,,,0,32,,2610,18,,,0,72,,2611,18,,,0,72,,2612,18,,,0,32,,2613,18,,,0,72,,2614,18,,,0,32,,2615,18,,,0,72,,2616,18,,,0,32,,2617,18,,,0,101,,2618,18,,,0,100,,2619,18,,,0,100,,2620,18,,,0,100,,2621,18,,,0,100,,2622,18,,,0
1601,'3',907,,2623,18,,,0,100,,2624,18,,,0,100,,2625,18,,,0,100,,2626,18,,,0,100,,2627,18,,,0,100,,2628,18,,,0,100,,2629,18,,,0,100,,2630,18,,,0,100,,2631,18,,,0,100,,2632,18,,,0,100,,2633,18,,,0,100,,2634,18,,,0,100,,2635,18,,,0
1700,'1',608,,2708,2,,,0,40,,2709,2,,,0,60,,2653,2,,,0,20,,2654,2,,,0,20,,2655,2,,,0,60,,2656,2,,,0,20,,2657,2,,,0,20,,2658,2,,,0,60,,2659,2,,,0,18,,2660,2,,,0,22,,2681,2,,,0,71,,2682,2,,,0,35,,2683,2,,,0,70,,2684,2,,,0,30,,2685,2,,,0,70,,2686,2,,,0,30,,2687,2,,,0,70,,2688,2,,,0,30,,2689,2,,,0,77,,2690,2,,,0,23,,2691,2,,,0,59,,2717,2,,,0,19,,2661,2,,,0,19,,2662,2,,,0,60,,2663,2,,,0,20,,2664,2,,,0,20,,2665,2,,,0,60,,2666,2,,,0,20,,2667,2,,,0,20,,2668,2,,,0,60,,2669,2,,,0,20,,2695,2,,,0,85,,2696,2,,,0,85,,2703,2,,,0,45,,2704,2,,,0,85,,2705,2,,,0,85,,2706,2,,,0,85,,2707,2,,,0
1700,'12901',738,,2720,2,,,0,20,,2721,2,,,0,60,,2722,2,,,0,20,,2723,2,,,0,20,,2724,2,,,0,643,,2735,2,,,0,20,,2725,2,,,0,20,,2726,2,,,0,60,,2727,2,,,0,20,,2728,2,,,0,20,,2729,2,,,0,60,,2730,2,,,0,20,,2731,2,,,0
1700,'2',607,,2743,2,,,0,44,,2744,2,,,0,85,,2745,2,,,0,85,,2746,2,,,0,85,,2747,2,,,0,45,,2748,2,,,0,85,,2749,2,,,0,85,,2750,2,,,0,30,,2766,2,,,0,70,,2767,2,,,0,30,,2768,2,,,0,70,,2769,2,,,0,30,,2770,2,,,0,70,,2771,2,,,0,30,,2772,2,,,0,70,,2773,2,,,0,30,,2774,2,,,0,70,,2775,2,,,0,30,,2776,2,,,0,70,,2777,2,,,0,30,,2778,2,,,0,70,,2779,2,,,0,30,,2780,2,,,0,85,,2787,2,,,0,215,,2786,2,,,0,170,,2788,2,,,0
1700,'3',908,,2806,2,,,0,45,,2807,2,,,0,85,,2808,2,,,0,85,,2809,2,,,0,85,,2810,2,,,0,45,,2811,2,,,0,85,,2812,2,,,0,85,,2813,2,,,0,85,,2814,2,,,0,45,,2815,2,,,0,85,,2816,2,,,0,85,,2817,2,,,0,85,,2818,2,,,0,45,,2819,2,,,0,85,,2820,2,,,0,85,,2821,2,,,0,85,,2822,2,,,0
