1440000,'1',651,,473,,,0,70,,474,,,0,100,,475,,,0,100,,476,,,0,30,,477,,,0,70,,478,,,0,30,,479,,,0,70,,480,,,0,30,,481,,,0,70,,482,,,0,30,,483,,,0,70,,484,,,0,130,,485,,,0,70,,486,,,0,30,,487,,,0,70,,472,,,0,130,,465,,,0,100,,466,,,0,100,,467,,,0,100,,468,,,0,100,,469,,,0,100,,470,,,0,101,,471,,,0
1440000,'10801',751,,496,,,0,100,,492,,,0,500,,494,,,0,70,,490,,,0,230,,493,,,0,70,,495,,,0,100,,491,,,0
1440000,'1201',751,,500,,,0,100,,501,,,0,500,,502,,,0,70,,503,,,0,230,,499,,,0,70,,498,,,0,100,,497,,,0
1440000,'2',651,,529,,,0,100,,528,,,0,100,,527,,,0,100,,526,,,0,100,,525,,,0,70,,524,,,0,30,,523,,,0,70,,522,,,0,30,,521,,,0,70,,520,,,0,30,,519,,,0,70,,518,,,0,30,,517,,,0,70,,516,,,0,30,,515,,,0,70,,514,,,0,30,,513,,,0,70,,512,,,0,30,,511,,,0,70,,510,,,0,30,,509,,,0,100,,508,,,0,100,,507,,,0,100,,506,,,0,100,,505,,,0,101,,504,,,0
1440000,'3',851,,542,,,0,100,,541,,,0,100,,540,,,0,100,,539,,,0,100,,538,,,0,100,,537,,,0,100,,536,,,0,100,,535,,,0,100,,534,,,0,100,,533,,,0,100,,532,,,0,100,,531,,,0,100,,530,,,0
1440200,'1',721,,798,,,0,100,,799,,,0,30,,800,,,0,70,,801,,,0,30,,802,,,0,70,,803,,,0,100,,804,,,0,30,,805,,,0,70,,806,,,0,30,,807,,,0,70,,808,,,0,30,,809,,,0,70,,810,,,0,30,,811,,,0,70,,812,,,0,130,,813,,,0,100,,814,,,0,70,,815,,,0,100,,840,,,0,100,,841,,,0,100,,842,,,0,100,,843,,,0,100,,844,,,0,100,,845,,,0
1440200,'10801',651,,856,,,0,100,,850,,,0,300,,858,,,0,500,,853,,,0,70,,855,,,0,100,,848,,,0
1440200,'1201',651,,859,,,0,100,,860,,,0,300,,861,,,0,500,,862,,,0,70,,863,,,0,100,,864,,,0
1440200,'2',721,,904,,,0,100,,902,,,0,100,,900,,,0,100,,898,,,0,100,,896,,,0,30,,895,,,0,70,,894,,,0,30,,893,,,0,70,,892,,,0,30,,891,,,0,70,,890,,,0,30,,889,,,0,70,,888,,,0,30,,887,,,0,70,,886,,,0,30,,885,,,0,70,,884,,,0,30,,883,,,0,70,,905,,,0,100,,920,,,0,100,,876,,,0,100,,875,,,0,100,,874,,,0,100,,873,,,0,100,,872,,,0
1440200,'3',921,,937,,,0,100,,936,,,0,100,,934,,,0,100,,933,,,0,100,,932,,,0,100,,931,,,0,100,,930,,,0,100,,929,,,0,100,,928,,,0,100,,938,,,0,100,,946,,,0,100,,924,,,0,100,,923,,,0
