1440700,'1',638,,1892,,,0,70,,1891,,,0,30,,1890,,,0,70,,1889,,,0,30,,1888,,,0,70,,1887,,,0,30,,1886,,,0,70,,1885,,,0,30,,1884,,,0,70,,1883,,,0,30,,1882,,,0,70,,1881,,,0,30,,1880,,,0,70,,1879,,,0,30,,1878,,,0,70,,1877,,,0,30,,1876,,,0,70,,1875,,,0,30,,1874,,,0,70,,1873,,,0,30,,1872,,,0,70,,1871,,,0,30,,1870,,,0,70,,1869,,,0,45,,1868,,,0,100,,1867,,,0,100,,1866,,,0,100,,1865,,,0,100,,1864,,,0,100,,1863,,,0
1440700,'2',653,,1916,,,0,100,,1917,,,0,100,,1893,,,0,100,,1894,,,0,155,,1895,,,0,30,,1899,,,0,70,,1900,,,0,30,,1901,,,0,70,,1902,,,0,30,,1903,,,0,70,,1904,,,0,30,,1905,,,0,70,,1906,,,0,30,,1907,,,0,70,,1908,,,0,30,,1909,,,0,70,,1910,,,0,30,,1911,,,0,70,,1912,,,0,45,,1896,,,0,100,,1897,,,0,100,,1898,,,0,100,,1913,,,0,100,,1914,,,0,100,,1915,,,0
1440700,'3',853,,1928,,,0,100,,1929,,,0,100,,1930,,,0,100,,1919,,,0,100,,1920,,,0,100,,1921,,,0,100,,1922,,,0,100,,1923,,,0,100,,1924,,,0,100,,1925,,,0,100,,1926,,,0,100,,1918,,,0,100,,1927,,,0
1442101,'1',557,,3790,,,0,80,,3791,,,0,80,,3792,,,0,40,,3793,,,0,80,,3794,,,0,80,,3795,,,0,40,,3796,,,0,80,,3797,,,0,80,,3798,,,0,40,,3799,,,0,80,,3800,,,0,80,,3801,,,0,40,,3802,,,0,80,,3803,,,0,80,,3804,,,0,40,,3805,,,0,80,,3806,,,0,80,,3807,,,0,40,,3808,,,0,79,,3809,,,0,99,,3784,,,0,100,,3785,,,0,100,,3786,,,0,100,,3787,,,0,100,,3788,,,0,92,,3789,,,0
1442101,'2',637,,3816,,,0,98,,3818,,,0,100,,3819,,,0,100,,3820,,,0,100,,3817,,,0,82,,3821,,,0,40,,3822,,,0,80,,3823,,,0,80,,3824,,,0,40,,3825,,,0,80,,3826,,,0,80,,3827,,,0,40,,3828,,,0,80,,3829,,,0,80,,3830,,,0,40,,3831,,,0,79,,3832,,,0,99,,3810,,,0,100,,3811,,,0,100,,3812,,,0,100,,3813,,,0,100,,3814,,,0,92,,3815,,,0
1442101,'3',834,,3833,,,0,100,,3834,,,0,100,,3835,,,0,100,,3836,,,0,100,,3837,,,0,100,,3838,,,0,100,,3839,,,0,100,,3840,,,0,100,,3841,,,0,100,,3842,,,0,100,,3843,,,0,100,,3844,,,0,100,,3845,,,0,100,,3846,,,0
1443101,'1',620,,3977,,,0,80,,3978,,,0,40,,3979,,,0,80,,3980,,,0,80,,3981,,,0,40,,3982,,,0,80,,3983,,,0,80,,3984,,,0,120,,3985,,,0,80,,3986,,,0,40,,3987,,,0,80,,3988,,,0,80,,3989,,,0,40,,3990,,,0,80,,3991,,,0,80,,3992,,,0,40,,3993,,,0,80,,3994,,,0,85,,3971,,,0,100,,3972,,,0,100,,3973,,,0,100,,3974,,,0,100,,3975,,,0,100,,3976,,,0
1443101,'10801',1140,,3995,,,0
1443101,'1201',1140,,3996,,,0
1443101,'2',705,,4014,,,0,100,,4015,,,0,100,,4016,,,0,100,,4017,,,0,96,,4018,,,0,39,,4003,,,0,80,,4004,,,0,80,,4005,,,0,40,,4006,,,0,80,,4007,,,0,80,,4008,,,0,40,,4009,,,0,80,,4010,,,0,80,,4011,,,0,40,,4012,,,0,80,,4013,,,0,85,,3997,,,0,100,,3998,,,0,100,,3999,,,0,100,,4000,,,0,100,,4001,,,0,100,,4002,,,0
1443101,'3',905,,4019,,,0,100,,4020,,,0,100,,4021,,,0,100,,4022,,,0,100,,4023,,,0,100,,4024,,,0,100,,4025,,,0,100,,4026,,,0,100,,4027,,,0,100,,4028,,,0,100,,4029,,,0,100,,4030,,,0,100,,4031,,,0
