1469201,'1',552,,13032,2,,,0,70,,13031,2,,,0,30,,13030,2,,,0,70,,13029,2,,,0,30,,13028,2,,,0,70,,13027,2,,,0,30,,13026,2,,,0,70,,13025,2,,,0,30,,13024,2,,,0,70,,13023,2,,,0,30,,13022,2,,,0,70,,13021,2,,,0,30,,13020,2,,,0,70,,13019,2,,,0,30,,13018,2,,,0,70,,13017,2,,,0,30,,13016,2,,,0,70,,13015,2,,,0,30,,13014,2,,,0,100,,13012,2,,,0,70,,13011,2,,,0,30,,13010,2,,,0,70,,13009,2,,,0,30,,13008,2,,,0,70,,13007,2,,,0,30,,13006,2,,,0,100,,13005,2,,,0,100,,13004,2,,,0,100,,13003,2,,,0,193,,13001,2,,,0
1469201,'2',652,,13057,2,,,0,100,,13056,2,,,0,100,,13055,2,,,0,100,,13054,2,,,0,100,,13053,2,,,0,70,,13052,2,,,0,30,,13051,2,,,0,70,,13050,2,,,0,30,,13049,2,,,0,70,,13048,2,,,0,30,,13047,2,,,0,70,,13046,2,,,0,30,,13045,2,,,0,70,,13044,2,,,0,30,,13043,2,,,0,70,,13042,2,,,0,30,,13041,2,,,0,70,,13040,2,,,0,30,,13039,2,,,0,70,,13038,2,,,0,30,,13037,2,,,0,100,,13036,2,,,0,100,,13035,2,,,0,100,,13034,2,,,0
1469201,'3',852,,13070,2,,,0,100,,13069,2,,,0,100,,13068,2,,,0,100,,13067,2,,,0,100,,13066,2,,,0,100,,13065,2,,,0,100,,13064,2,,,0,100,,13063,2,,,0,100,,13062,2,,,0,100,,13061,2,,,0,100,,13060,2,,,0,100,,13059,2,,,0,93,,13058,2,,,0
1470401,'1',638,,15138,2,,,0,70,,15137,2,,,0,30,,15139,2,,,0,70,,15136,2,,,0,30,,15135,2,,,0
1473201,'1',611,,16673,2,,,0,24,,16672,15,,,0,70,,16696,15,,,0,30,,16695,15,,,0,70,,16694,15,,,0,30,,16693,15,,,0,70,,16692,15,,,0,30,,16691,15,,,0,70,,16690,15,,,0,30,,16689,15,,,0,70,,16688,15,,,0,30,,16687,15,,,0,70,,16686,15,,,0,30,,16685,15,,,0,70,,16684,15,,,0,30,,16683,15,,,0,70,,16682,15,,,0,30,,16681,15,,,0,70,,16680,15,,,0,30,,16679,15,,,0,70,,16678,15,,,0,30,,16677,15,,,0,70,,16676,15,,,0,100,,16702,15,,,0,30,,16675,15,,,0,100,,16674,15,,,0,100,,16697,15,,,0,100,,16698,15,,,0,100,,16699,15,,,0,100,,16700,15,,,0
1473201,'2',636,,16705,2,,,0,99,,16729,15,,,0,100,,16722,15,,,0,100,,16721,15,,,0,100,,16720,15,,,0,100,,16719,15,,,0,70,,16718,15,,,0,30,,16717,15,,,0,70,,16716,15,,,0,30,,16715,15,,,0,70,,16714,15,,,0,30,,16713,15,,,0,70,,16712,15,,,0,30,,16711,15,,,0,70,,16710,15,,,0,30,,16709,15,,,0,70,,16708,15,,,0,100,,16728,15,,,0,30,,16707,15,,,0,100,,16706,15,,,0,100,,16723,15,,,0,100,,16724,15,,,0,100,,16725,15,,,0,100,,16726,15,,,0
1473201,'3',836,,16730,2,,,0,99,,16740,15,,,0,100,,16739,15,,,0,100,,16738,15,,,0,100,,16737,15,,,0,100,,16736,15,,,0,100,,16735,15,,,0,100,,16734,15,,,0,100,,16733,15,,,0,100,,16743,15,,,0,100,,16732,15,,,0,100,,16731,15,,,0,100,,16741,15,,,0,100,,16742,15,,,0
1473401,'1',638,,16978,2,,,0,70,,16977,2,,,0,35,,16975,2,,,0,65,,16976,2,,,0,30,,16974,2,,,0,70,,16952,2,,,0,30,,16973,2,,,0,70,,16972,2,,,0,30,,16971,2,,,0,70,,16970,2,,,0,30,,16969,2,,,0,70,,16968,2,,,0,30,,16967,2,,,0,70,,16966,2,,,0,30,,16965,2,,,0,70,,16964,2,,,0,30,,16963,2,,,0,70,,16962,2,,,0,26,,16980,2,,,0,4,,16953,2,,,0,70,,16961,2,,,0,30,,16960,2,,,0,70,,16959,2,,,0,30,,16958,2,,,0,70,,16957,2,,,0,30,,16956,2,,,0,100,,16951,2,,,0,100,,16950,2,,,0,100,,16949,2,,,0,100,,16948,2,,,0,100,,16947,2,,,0
1473401,'2',638,,17008,2,,,0,100,,17007,2,,,0,100,,17006,2,,,0,100,,17005,2,,,0,100,,17004,2,,,0,70,,17003,2,,,0,30,,17002,2,,,0,70,,17001,2,,,0,30,,17000,2,,,0,70,,16999,2,,,0,30,,16998,2,,,0,70,,16997,2,,,0,30,,16996,2,,,0,70,,16995,2,,,0,30,,16987,2,,,0,70,,16994,2,,,0,30,,16993,2,,,0,70,,16992,2,,,0,30,,16991,2,,,0,70,,16990,2,,,0,30,,16989,2,,,0,100,,16986,2,,,0,100,,16985,2,,,0,100,,16984,2,,,0,100,,16983,2,,,0,100,,16982,2,,,0
1473401,'3',838,,17022,2,,,0,100,,17021,2,,,0,100,,17020,2,,,0,100,,17019,2,,,0,100,,17018,2,,,0,100,,17017,2,,,0,100,,17016,2,,,0,100,,17012,2,,,0,100,,17015,2,,,0,100,,17014,2,,,0,100,,17013,2,,,0,100,,17011,2,,,0,100,,17010,2,,,0,96,,17023,2,,,0
