201,'1',601,,267,2,,,0,20,,268,2,,,0,20,,269,2,,,0,60,,270,2,,,0,20,,271,2,,,0,20,,272,2,,,0,60,,273,2,,,0,20,,274,2,,,0,20,,275,2,,,0,60,,276,2,,,0,20,,277,2,,,0,20,,278,2,,,0,60,,279,2,,,0,20,,280,2,,,0,20,,281,2,,,0,60,,282,2,,,0,20,,283,2,,,0,20,,284,2,,,0,60,,285,2,,,0,20,,286,2,,,0,20,,287,2,,,0,60,,288,2,,,0,20,,289,2,,,0,20,,290,2,,,0,60,,291,2,,,0,20,,292,2,,,0,20,,293,2,,,0,60,,294,2,,,0,20,,295,2,,,0,20,,296,2,,,0,60,,297,2,,,0,20,,298,2,,,0,20,,299,2,,,0,60,,300,2,,,0,20,,301,2,,,0,20,,302,2,,,0,60,,303,2,,,0,17,,304,2,,,0,100,,259,2,,,0,30,,263,2,,,0,70,,258,2,,,0,30,,262,2,,,0,70,,257,2,,,0,30,,261,2,,,0,70,,264,2,,,0,100,,265,2,,,0
201,'2',618,,305,2,,,0,30,,314,2,,,0,70,,315,2,,,0,30,,316,2,,,0,70,,317,2,,,0,30,,318,2,,,0,70,,319,2,,,0,30,,320,2,,,0,70,,321,2,,,0,23,,322,2,,,0,80,,323,2,,,0,20,,324,2,,,0,60,,325,2,,,0,20,,326,2,,,0,20,,327,2,,,0,60,,328,2,,,0,20,,329,2,,,0,20,,330,2,,,0,60,,331,2,,,0,20,,332,2,,,0,20,,333,2,,,0,60,,334,2,,,0,20,,335,2,,,0,20,,336,2,,,0,60,,337,2,,,0,20,,338,2,,,0,20,,339,2,,,0,60,,340,2,,,0,20,,341,2,,,0,20,,342,2,,,0,60,,343,2,,,0,17,,344,2,,,0,30,,313,2,,,0,100,,312,2,,,0,70,,309,2,,,0,30,,311,2,,,0,70,,308,2,,,0,100,,307,2,,,0
201,'3',848,,370,2,,,0,70,,346,2,,,0,30,,369,2,,,0,70,,345,2,,,0,30,,368,2,,,0,70,,367,2,,,0,30,,366,2,,,0,70,,365,2,,,0,30,,364,2,,,0,70,,363,2,,,0,30,,362,2,,,0,70,,361,2,,,0,30,,360,2,,,0,70,,359,2,,,0,30,,358,2,,,0,70,,357,2,,,0,30,,356,2,,,0,70,,355,2,,,0,30,,354,2,,,0,70,,353,2,,,0,30,,352,2,,,0,70,,349,2,,,0,30,,351,2,,,0,70,,348,2,,,0,30,,350,2,,,0,66,,347,2,,,0
501,'1',605,,886,2,,,0,100,,862,2,,,0,30,,863,2,,,0,70,,864,2,,,0,30,,865,2,,,0,70,,866,2,,,0,30,,867,2,,,0,70,,868,2,,,0,30,,869,2,,,0,70,,870,2,,,0,30,,871,2,,,0,70,,872,2,,,0,30,,873,2,,,0,70,,874,2,,,0,30,,875,2,,,0,70,,876,2,,,0,30,,877,2,,,0,70,,878,2,,,0,30,,879,2,,,0,70,,880,2,,,0,30,,881,2,,,0,70,,882,2,,,0,30,,883,2,,,0,70,,884,2,,,0,30,,885,2,,,0,119,,891,2,,,0,100,,892,2,,,0,100,,893,2,,,0,100,,894,2,,,0
501,'2',754,,925,2,,,0,100,,923,2,,,0,100,,921,2,,,0,150,,919,2,,,0,30,,918,2,,,0,70,,917,2,,,0,30,,916,2,,,0,70,,915,2,,,0,30,,914,2,,,0,70,,913,2,,,0,30,,912,2,,,0,70,,911,2,,,0,30,,910,2,,,0,70,,909,2,,,0,30,,908,2,,,0,70,,907,2,,,0,30,,906,2,,,0,70,,905,2,,,0,30,,904,2,,,0,120,,903,2,,,0,100,,902,2,,,0
501,'3',854,,951,2,,,0,100,,949,2,,,0,100,,947,2,,,0,100,,945,2,,,0,100,,943,2,,,0,100,,941,2,,,0,100,,939,2,,,0,100,,937,2,,,0,100,,935,2,,,0,100,,933,2,,,0,100,,932,2,,,0,100,,931,2,,,0,100,,930,2,,,0
901,'1',609,,1661,2,,,0,30,,1662,2,,,0,70,,1663,2,,,0,30,,1664,2,,,0,70,,1665,2,,,0,30,,1666,2,,,0,70,,1667,2,,,0,30,,1674,2,,,0,70,,1668,2,,,0,30,,1675,2,,,0,70,,1669,2,,,0,30,,1676,2,,,0,70,,1670,2,,,0,30,,1677,2,,,0,70,,1671,2,,,0,30,,1678,2,,,0,100,,1679,2,,,0,70,,1673,2,,,0,30,,1680,2,,,0,70,,1683,2,,,0,30,,1681,2,,,0,70,,1684,2,,,0,30,,1682,2,,,0,70,,1685,2,,,0,30,,1686,2,,,0,70,,1655,2,,,0,100,,1656,2,,,0,100,,1657,2,,,0,100,,1658,2,,,0,100,,1659,2,,,0
901,'2',706,,1712,2,,,0,100,,1711,2,,,0,100,,1700,2,,,0,100,,1699,2,,,0,100,,1698,2,,,0,30,,1710,2,,,0,70,,1697,2,,,0,30,,1709,2,,,0,70,,1696,2,,,0,30,,1708,2,,,0,70,,1695,2,,,0,30,,1707,2,,,0,70,,1694,2,,,0,32,,1706,2,,,0,70,,1705,2,,,0,30,,1704,2,,,0,70,,1703,2,,,0,30,,1702,2,,,0,70,,1701,2,,,0,30,,1713,2,,,0,70,,1693,2,,,0,100,,1692,2,,,0,100,,1691,2,,,0,100,,1690,2,,,0,100,,1689,2,,,0
901,'3',908,,1724,2,,,0,100,,1723,2,,,0,100,,1722,2,,,0,100,,1721,2,,,0,100,,1720,2,,,0,100,,1719,2,,,0,100,,1718,2,,,0,100,,1727,2,,,0,100,,1726,2,,,0,100,,1725,2,,,0,100,,1717,2,,,0,100,,1716,2,,,0,100,,1715,2,0,16,0
6000,'1',625,,4748,9,,,0,30,,4747,9,,,0,70,,4746,9,,,0,30,,4745,9,,,0,70,,4744,9,,,0,30,,4743,9,,,0,70,,4742,9,,,0,30,,4741,9,,,0,70,,4740,9,,,0,100,,4738,9,,,0,30,,4737,9,,,0,70,,4736,9,,,0,30,,4735,9,,,0,70,,4734,9,,,0,30,,4733,9,,,0,70,,4732,9,,,0,30,,4731,9,,,0,70,,4730,9,,,0,30,,4729,9,,,0,70,,4728,9,,,0,30,,4727,9,,,0,70,,4726,9,,,0,30,,4725,9,,,0,70,,4724,9,,,0,30,,4749,9,,,0,98,,4723,9,,,0,100,,4722,9,,,0
6000,'2',653,,4773,9,,,0,100,,4772,9,,,0,100,,4771,9,,,0,100,,4770,9,,,0,100,,4769,9,,,0,70,,4768,9,,,0,30,,4767,9,,,0,70,,4766,9,,,0,30,,4765,9,,,0,70,,4764,9,,,0,30,,4763,9,,,0,70,,4762,9,,,0,30,,4761,9,,,0,70,,4760,9,,,0,30,,4759,9,,,0,70,,4758,9,,,0,30,,4757,9,,,0,70,,4756,9,,,0,30,,4755,9,,,0,70,,4754,9,,,0,30,,4774,9,,,0,100,,4753,9,,,0,100,,4752,9,,,0,100,,4751,9,,,0
6000,'3',853,,4787,9,,,0,100,,4786,9,,,0,100,,4785,9,,,0,100,,4784,9,,,0,100,,4783,9,,,0,100,,4782,9,,,0,100,,4781,9,,,0,100,,4780,9,,,0,100,,4779,9,,,0,100,,4778,9,,,0,100,,4788,9,,,0,100,,4777,9,,,0,100,,4776,9,,,0
6100,'12901',840,,4900,6,4,,0
6101,'1',610,,4961,2,,,0,30,,4960,2,,,0,70,,4959,2,,,0,30,,4958,2,,,0,73,,4957,2,,,0,27,,4956,2,,,0,70,,4955,2,,,0,30,,4954,2,,,0,70,,4953,2,,,0,230,,4952,2,,,0,70,,4951,2,,,0,30,,4950,2,,,0,70,,4949,2,,,0,30,,4948,2,,,0,70,,4947,2,,,0,100,,4946,2,,,0,30,,4945,2,,,0,70,,4944,2,,,0,30,,4943,2,,,0,70,,4942,2,,,0,27,,4941,2,,,0,173,,4940,2,,,0,100,,4939,2,,,0
6101,'1201',1540,,4962,2,,,0
6101,'12801',1540,,4963,2,,,0
6101,'12901',750,,4966,2,,,0,805,,4965,2,,,0,70,,4964,2,,,0
6101,'2',1140,,4981,2,,,0,70,,4980,2,,,0,30,,4979,2,,,0,70,,4978,2,,,0,30,,4977,2,,,0,70,,4976,2,,,0,30,,4975,2,,,0,70,,4974,2,,,0,30,,4973,2,,,0,70,,4972,2,,,0,30,,4971,2,,,0,70,,4970,2,,,0,30,,4969,2,,,0,70,,4968,2,,,0
6101,'3',814,,4995,2,,,0,96,,4994,2,,,0,100,,4993,2,,,0,100,,4992,2,,,0,100,,4991,2,,,0,100,,4990,2,,,0,100,,4989,2,,,0,100,,4988,2,,,0,100,,4987,2,,,0,100,,4986,2,,,0,100,,4985,2,,,0,100,,4982,2,,,0,100,,4984,2,,,0,100,,4983,2,,,0
6401,'1',712,,5217,2,,,0,30,,5218,2,,,0,70,,5219,2,,,0,30,,5220,2,,,0,70,,5221,2,,,0,30,,5222,2,,,0,70,,5223,2,,,0,30,,5224,2,,,0,70,,5225,2,,,0,30,,5226,2,,,0,70,,5227,2,,,0,30,,5228,2,,,0,70,,5229,2,,,0,30,,5230,2,,,0,70,,5231,2,,,0,30,,5232,2,,,0,70,,5233,2,,,0,30,,5234,2,,,0,70,,5235,2,,,0,30,,5236,2,,,0,70,,5237,2,,,0,30,,5238,2,,,0,70,,5239,2,,,0,29,,5240,2,,,0,93,,5241,2,,,0,100,,5242,2,,,0,100,,5243,2,,,0,100,,5244,2,,,0,100,,5245,2,,,0
6401,'2',734,,5255,2,,,0,100,,5256,2,,,0,100,,5257,2,,,0,107,,5258,2,,,0,100,,5260,2,,,0,70,,5261,2,,,0,30,,5262,2,,,0,70,,5263,2,,,0,30,,5264,2,,,0,70,,5265,2,,,0,30,,5266,2,,,0,70,,5267,2,,,0,30,,5268,2,,,0,70,,5269,2,,,0,30,,5270,2,,,0,70,,5271,2,,,0,30,,5272,2,,,0,70,,5273,2,,,0,23,,5274,2,,,0,100,,5249,2,,,0,100,,5250,2,,,0,100,,5251,2,,,0,100,,5252,2,,,0,100,,5253,2,,,0
6401,'3',934,,5279,2,,,0,100,,5280,2,,,0,100,,5281,2,,,0,100,,5282,2,,,0,100,,5283,2,,,0,100,,5284,2,,,0,100,,5285,2,,,0,100,,5286,2,,,0,100,,5287,2,,,0,100,,5288,2,,,0,100,,5276,2,,,0,100,,5277,2,,,0,100,,5278,2,,,0
6500,'1',610,,5317,9,,,0,30,,5318,9,,,0,70,,5316,9,,,0,30,,5315,9,,,0,70,,5314,9,,,0,30,,5313,9,,,0,70,,5312,9,,,0,30,,5311,9,,,0,70,,5310,9,,,0,30,,5309,9,,,0,70,,5308,9,,,0,30,,5307,9,,,0,70,,5306,9,,,0,30,,5305,9,,,0,70,,5304,9,,,0,30,,5303,9,,,0,70,,5302,9,,,0,30,,5301,9,,,0,70,,5300,9,,,0,30,,5299,9,,,0,70,,5298,9,,,0,30,,5297,9,,,0,70,,5296,9,,,0,30,,5295,9,,,0,70,,5294,9,,,0,30,,5293,9,,,0,85,,5292,9,,,0,200,,5289,9,,,0,100,,5291,9,,,0,100,,5290,9,,,0
6500,'12901',840,,5320,1,,,0,70,,5321,1,,,0
6500,'2',625,,5347,9,,,0,100,,5346,9,,,0,100,,5345,9,,,0,100,,5344,9,,,0,100,,5343,9,,,0,85,,5342,9,,,0,30,,5341,9,,,0,70,,5340,9,,,0,30,,5339,9,,,0,70,,5338,9,,,0,30,,5337,9,,,0,70,,5336,9,,,0,30,,5335,9,,,0,70,,5334,9,,,0,30,,5333,9,,,0,70,,5332,9,,,0,30,,5331,9,,,0,70,,5330,9,,,0,30,,5329,9,,,0,70,,5328,9,,,0,30,,5327,9,,,0,85,,5326,9,,,0,200,,5322,9,,,0,200,,5323,9,,,0
6500,'3',825,,5354,2,,,0,100,,5353,9,,,0,100,,5352,9,,,0,100,,5355,9,,,0,100,,5356,9,,,0,100,,5357,9,,,0,100,,5358,9,,,0,100,,5359,9,,,0,100,,5360,9,,,0,100,,5361,9,,,0,100,,5362,9,,,0,100,,5351,9,,,0,100,,5350,9,,,0,95,,5349,9,,,0
