1400,'1',627,,2199,28,4,,0,130,,2209,28,4,,0,70,,2208,28,4,,0,30,,2207,28,4,,0,70,,2206,28,4,,0,100,,2205,28,4,,0,100,,2204,28,4,,0,100,,2203,28,4,,0,100,,2202,28,4,,0,100,,2201,28,4,,0,100,,2200,28,4,,0,85,,2213,17,4,,0,15,,2198,28,4,,0,15,,2211,17,4,,0,15,,2197,28,4,,0,55,,2212,17,4,,0,15,,2196,28,4,,0,30,,2195,28,4,,0,70,,2194,28,4,,0,100,,2193,28,4,,0,100,,2192,28,4,,0,100,,2191,28,4,,0,100,,2190,28,4,,0
1400,'1201',1557,,2214,28,4,,0
1400,'12801',1557,,2215,28,4,,0
1400,'13001',1612,,2216,17,4,,0
1400,'2',627,,2225,28,4,,0,100,,2234,28,4,,0,100,,2233,28,4,,0,100,,2232,28,4,,0,100,,2231,28,4,,0,100,,2230,28,4,,0,100,,2229,28,4,,0,100,,2228,28,4,,0,100,,2227,28,4,,0,100,,2226,28,4,,0,100,,2224,28,4,,0,100,,2223,28,4,,0,100,,2222,28,4,,0,100,,2221,28,4,,0,100,,2220,28,4,,0,100,,2219,28,4,,0,100,,2218,28,4,,0,100,,2217,28,4,,0
1400,'3',927,,2247,28,4,,0,100,,2246,28,4,,0,100,,2245,28,4,,0,100,,2244,28,4,,0,100,,2243,28,4,,0,100,,2242,28,4,,0,100,,2241,28,4,,0,100,,2240,28,4,,0,100,,2239,28,4,,0,100,,2238,28,4,,0,100,,2237,28,4,,0,100,,2236,28,4,,0,94,,2235,28,4,,0
1401,'1',658,,2270,1,,,0,70,,2269,1,,,0,30,,2268,1,,,0,70,,2267,1,,,0,30,,2266,1,,,0,70,,2265,1,,,0,100,,2264,1,,,0,100,,2263,1,,,0,100,,2262,1,,,0,100,,2261,1,,,0,100,,2260,1,,,0,100,,2259,1,,,0,30,,2258,1,,,0,55,,2271,1,,,0,15,,2257,1,,,0,15,,2272,1,,,0,15,,2256,1,,,0,55,,2273,1,,,0,15,,2255,1,,,0,30,,2254,1,,,0,70,,2253,1,,,0,100,,2252,1,,,0,100,,2251,1,,,0,100,,2250,1,,,0,100,,2249,1,,,0
1401,'2',728,,2290,1,,,0,100,,2289,1,,,0,100,,2288,1,,,0,100,,2287,1,,,0,100,,2286,1,,,0,100,,2285,1,,,0,100,,2284,1,,,0,100,,2283,1,,,0,100,,2282,1,,,0,100,,2281,1,,,0,100,,2280,1,,,0,100,,2279,1,,,0,100,,2278,1,,,0,100,,2277,1,,,0,100,,2276,1,,,0,100,,2275,1,,,0,100,,2274,1,,,0
1401,'3',928,,2294,1,,,0,100,,2293,1,,,0,100,,2292,1,,,0,100,,2303,1,,,0,100,,2302,1,,,0,100,,2301,1,,,0,100,,2300,1,,,0,100,,2299,1,,,0,100,,2298,1,,,0,100,,2297,1,,,0,100,,2296,1,,,0,100,,2295,1,,,0
51400,'1',647,,5925,13,,,0
