'10801',1400100,65610,0,'University',0,7000,0,'University',0,2810,0,'University',0,190,0,'University',0,6810,0,'University',0,190,0,'University',0,2810,0,'University',0,190,0,'University',0,6810,0,'University',0,190,0,'University',0,3000,0,'University',0,7000,0,'University',0,3000,0,'University',0,7000,0,'University',0,3000,0,'University',0,7000,0,'University',0,3000,0,'University',0,7000,0,'University',0,8000,0,'University',0,3000,0,'University',0,7000,0,'University',0,3000,0,'University',0,7000,0,'University',0,3000,0,'University',0,7000,0,'University',0,3000,0,'University',0,7000,0,'University',0,2910,0,'University',0
'2201',1400100,92420,0,'University',0
'2901',1400100,65610,0,'University',0,7000,0,'University',0,3000,0,'University',0,7000,0,'University',0,78000,0,'University',0,3000,0,'University',0,7000,0,'University',0
'3001',1400100,65610,0,'University',0,7000,0,'University',0,2810,0,'University',0,190,0,'University',0,6810,0,'University',0,190,0,'University',0,2810,0,'University',0,190,0,'University',0,7000,0,'University',0,3000,0,'University',0,7000,0,'University',0,3000,0,'University',0,7000,0,'University',0,3000,0,'University',0,7000,0,'University',0,3000,0,'University',0,7000,0,'University',0,8000,0,'University',0,3000,0,'University',0,7000,0,'University',0,3000,0,'University',0,7000,0,'University',0,3000,0,'University',0,7000,0,'University',0,3000,0,'University',0,7000,0,'University',0,2910,0,'University',0
'10801',1400501,74010,,'',0,7000,,'',0,3000,,'',0,7000,,'',0,3000,,'',0
'1',1400501,61200,,'',0,3000,,'',0,7000,,'',0,3000,,'',0,7000,,'',0,3000,,'',0,7000,,'',0,3000,,'',0,7000,,'',0,3000,,'',0,7000,,'',0,3000,,'',0,7000,,'',0,3000,,'',0,7000,,'',0,3000,,'',0,7000,,'',0,3000,,'',0,7000,,'',0,3000,,'',0,7000,,'',0,3000,,'',0,7000,,'',0,3000,,'',0,7000,,'',0,10000,,'',0,10000,,'',0,10000,,'',0,10000,,'',0,10000,,'',0,10000,,'',0
'2201',1400501,91010,,'',0,3000,,'',0
'2',1400501,61150,,'',0,10000,,'',0,10000,,'',0,10000,,'',0,10000,,'',0,10000,,'',0,3000,,'',0,7000,,'',0,3000,,'',0,7000,,'',0,3000,,'',0,7000,,'',0,3000,,'',0,7000,,'',0,3000,,'',0,7000,,'',0,3000,,'',0,7000,,'',0,3000,,'',0,7000,,'',0,10000,,'',0,10000,,'',0,10000,,'',0,10000,,'',0,10000,,'',0,10000,,'',0
'3001',1400501,74010,,'',0,7000,,'',0,3000,,'',0
'3',1400501,91200,,'',0,10000,,'',0,10000,,'',0,10000,,'',0,10000,,'',0,10000,,'',0,10000,,'',0,10000,,'',0,10000,,'',0,10000,,'',0,10000,,'',0,10000,,'',0,10000,,'',0
