1469100,'1',640,,12792,32,4,,0,70,,12793,32,4,,0,30,,12794,32,4,,0,70,,12795,32,4,,0,30,,12796,32,4,,0,70,,12797,32,4,,0,30,,12798,32,4,,0,70,,12799,32,4,,0,30,,12800,32,4,,0,70,,12801,32,4,,0,30,,12802,32,4,,0,70,,12803,32,4,,0,30,,12804,32,4,,0,70,,12805,32,4,,0,30,,12806,32,4,,0,70,,12807,32,4,,0,30,,12808,32,4,,0,70,,12809,32,4,,0,30,,12810,32,4,,0,70,,12811,32,4,,0,30,,12812,32,4,,0,70,,12813,32,4,,0,30,,12814,32,4,,0,70,,12815,32,4,,0,30,,12816,32,4,,0,70,,12817,32,4,,0,100,,12818,32,4,,0,100,,12819,32,4,,0,100,,12820,32,4,,0,100,,12821,32,4,,0
1469100,'2',710,,12823,32,4,,0,100,,12824,32,4,,0,100,,12825,32,4,,0,100,,12826,32,4,,0,100,,12827,32,4,,0,100,,12828,32,4,,0,30,,12829,32,4,,0,70,,12830,32,4,,0,30,,12831,32,4,,0,70,,12832,32,4,,0,30,,12833,32,4,,0,70,,12834,32,4,,0,30,,12835,32,4,,0,70,,12836,32,4,,0,30,,12837,32,4,,0,70,,12838,32,4,,0,30,,12839,32,4,,0,70,,12840,32,4,,0,30,,12841,32,4,,0,70,,12842,32,4,,0,100,,12843,32,4,,0,100,,12844,32,4,,0,100,,12845,32,4,,0
1469100,'3',910,,12847,32,4,,0,100,,12848,32,4,,0,100,,12849,32,4,,0,100,,12850,32,4,,0,100,,12851,32,4,,0,100,,12852,32,4,,0,100,,12853,32,4,,0,100,,12854,32,4,,0,100,,12855,32,4,,0,100,,12856,32,4,,0,100,,12857,32,4,,0,100,,12858,32,4,,0,100,,12859,32,4,,0
1469101,'1',543,,12891,1,0,18 19,0,70,,12892,1,0,18 19,0,100,,12861,1,0,18 19,0,30,,12862,1,0,18 19,0,70,,12863,1,0,18 19,0,30,,12864,1,0,18 19,0,70,,12865,1,0,18 19,0,30,,12866,1,0,18 19,0,70,,12867,1,0,18 19,0,30,,12868,1,0,18 19,0,70,,12869,1,0,18 19,0,30,,12870,1,0,18 19,0,70,,12871,1,0,18 19,0,30,,12872,1,0,18 19,0,70,,12873,1,0,18 19,0,30,,12874,1,0,18 19,0,70,,12875,1,0,18 19,0,30,,12876,1,0,18 19,0,70,,12877,1,0,18 19,0,30,,12878,1,0,18 19,0,70,,12879,1,0,18 19,0,30,,12880,1,0,18 19,0,70,,12881,1,0,18 19,0,30,,12882,1,0,18 19,0,70,,12883,1,0,18 19,0,30,,12884,1,0,18 19,0,72,,12885,1,0,18 19,0,100,,12886,1,0,18 19,0,100,,12887,1,0,18 19,0,100,,12888,1,0,18 19,0,100,,12889,1,0,18 19,0
1469101,'2',815,,12894,1,0,18 19,0,100,,12895,1,0,18 19,0,100,,12896,1,0,18 19,0,100,,12897,1,0,18 19,0,28,,12898,1,0,18 19,0,70,,12899,1,0,18 19,0,30,,12900,1,0,18 19,0,70,,12901,1,0,18 19,0,30,,12902,1,0,18 19,0,70,,12903,1,0,18 19,0,30,,12904,1,0,18 19,0,70,,12905,1,0,18 19,0,30,,12906,1,0,18 19,0,70,,12907,1,0,18 19,0,30,,12908,1,0,18 19,0,70,,12909,1,0,18 19,0,30,,12910,1,0,18 19,0,70,,12911,1,0,18 19,0,30,,12912,1,0,18 19,0,72,,12913,1,0,18 19,0,100,,12914,1,0,18 19,0,100,,12915,1,0,18 19,0,100,,12916,1,0,18 19,0,100,,12917,1,0,18 19,0
1469101,'3',815,,12919,1,0,18 19,0,100,,12920,1,0,18 19,0,100,,12921,1,0,18 19,0,100,,12922,1,0,18 19,0,100,,12923,1,0,18 19,0,100,,12924,1,0,18 19,0,100,,12925,1,0,18 19,0,100,,12926,1,0,18 19,0,100,,12927,1,0,18 19,0,100,,12928,1,0,18 19,0,100,,12929,1,0,18 19,0,100,,12930,1,0,18 19,0,100,,12931,1,0,18 19,0,95,,12932,1,0,18 19,0
1470000,'1',655,,14354,34,4,,0,72,,14355,34,4,,0,32,,14356,34,4,,0,72,,14357,34,4,,0,72,,14358,34,4,,0,32,,14359,34,4,,0,72,,14360,34,4,,0,32,,14361,34,4,,0,72,,14362,34,4,,0,32,,14363,34,4,,0,72,,14364,34,4,,0,32,,14374,34,4,,0,72,,14375,34,4,,0,32,,14365,34,4,,0,72,,14366,34,4,,0,32,,14367,34,4,,0,72,,14368,34,4,,0,32,,14369,34,4,,0,72,,14370,34,4,,0,72,,14371,34,4,,0,32,,14372,34,4,,0,72,,14376,34,4,,0,32,,14373,34,4,,0,70,,14377,34,4,,0,35,,14378,34,4,,0,100,,14379,34,4,,0,100,,14380,34,4,,0,100,,14381,34,4,,0
1470000,'2',648,,14383,34,4,,0,100,,14384,34,4,,0,100,,14385,34,4,,0,100,,14386,34,4,,0,100,,14387,34,4,,0,104,,14388,34,4,,0,74,,14389,34,4,,0,32,,14390,34,4,,0,72,,14391,34,4,,0,72,,14392,34,4,,0,32,,14393,34,4,,0,72,,14394,34,4,,0,32,,14395,34,4,,0,72,,14396,34,4,,0,32,,14397,34,4,,0,72,,14398,34,4,,0,32,,14399,34,4,,0,72,,14400,34,4,,0,32,,14401,34,4,,0,70,,14402,34,4,,0,100,,14403,34,4,,0,100,,14404,34,4,,0
1470000,'3',844,,14419,34,4,,0,100,,14406,34,4,,0,100,,14407,34,4,,0,100,,14408,34,4,,0,100,,14409,34,4,,0,100,,14410,34,4,,0,100,,14411,34,4,,0,100,,14412,34,4,,0,100,,14413,34,4,,0,100,,14414,34,4,,0,100,,14415,34,4,,0,100,,14416,34,4,,0,100,,14417,34,4,,0,101,,14418,34,4,,0
1470001,'1',555,,14445,1,,,0,72,,14440,1,,,0,104,,14421,1,,,0,72,,14422,1,,,0,32,,14423,1,,,0,72,,14424,1,,,0,32,,14425,1,,,0,72,,14426,1,,,0,32,,14427,1,,,0,72,,14446,1,,,0,32,,14428,1,,,0,72,,14429,1,,,0,32,,14430,1,,,0,72,,14431,1,,,0,32,,14432,1,,,0,72,,14433,1,,,0,32,,14434,1,,,0,72,,14435,1,,,0,72,,14436,1,,,0,32,,14437,1,,,0,72,,14447,1,,,0,32,,14438,1,,,0,72,,14448,1,,,0,32,,14439,1,,,0,103,,14441,1,,,0,100,,14442,1,,,0,100,,14443,1,,,0,100,,14444,1,,,0
1470001,'2',752,,14450,1,,,0,100,,14451,1,,,0,100,,14452,1,,,0,100,,14453,1,,,0,74,,14454,1,,,0,32,,14455,1,,,0,72,,14456,1,,,0,72,,14457,1,,,0,32,,14458,1,,,0,72,,14459,1,,,0,32,,14460,1,,,0,72,,14461,1,,,0,32,,14462,1,,,0,72,,14463,1,,,0,32,,14464,1,,,0,72,,14465,1,,,0,32,,14466,1,,,0,72,,14467,1,,,0,102,,14468,1,,,0,100,,14469,1,,,0,100,,14470,1,,,0,100,,14471,1,,,0,100,,14472,1,,,0
1470001,'3',848,,14473,1,,,0,100,,14474,1,,,0,100,,14475,1,,,0,100,,14476,1,,,0,100,,14477,1,,,0,100,,14478,1,,,0,100,,14479,1,,,0,100,,14480,1,,,0,100,,14481,1,,,0,100,,14482,1,,,0,100,,14483,1,,,0,100,,14484,1,,,0,100,,14485,1,,,0
1470300,'1',553,,14989,12,,,0,70,,14990,12,,,0,30,,14991,12,,,0,70,,14992,12,,,0,30,,14993,12,,,0,100,,14994,12,,,0,70,,14995,12,,,0,30,,14996,12,,,0,70,,14997,12,,,0,30,,14998,12,,,0,70,,14999,12,,,0,30,,15000,12,,,0,70,,15001,12,,,0,30,,15002,12,,,0,70,,15003,12,,,0,30,,15004,12,,,0,70,,15005,12,,,0,30,,15006,12,,,0,70,,15007,12,,,0,30,,15008,12,,,0,70,,15009,12,,,0,30,,15010,12,,,0,70,,15011,12,,,0,30,,15012,12,,,0,70,,15013,12,,,0,30,,15014,12,,,0,101,,15015,12,,,0,100,,15016,12,,,0,100,,15017,12,,,0,100,,15018,12,,,0,100,,15019,12,,,0
1470300,'2',653,,15044,12,,,0,100,,15043,12,,,0,100,,15042,12,,,0,100,,15041,12,,,0,100,,15040,12,,,0,70,,15039,12,,,0,30,,15038,12,,,0,70,,15037,12,,,0,30,,15036,12,,,0,70,,15035,12,,,0,30,,15034,12,,,0,70,,15033,12,,,0,30,,15032,12,,,0,70,,15031,12,,,0,30,,15030,12,,,0,70,,15029,12,,,0,30,,15028,12,,,0,70,,15027,12,,,0,30,,15026,12,,,0,70,,15025,12,,,0,30,,15024,12,,,0,100,,15023,12,,,0,100,,15022,12,,,0,100,,15021,12,,,0
1470300,'3',853,,15058,12,,,0,100,,15057,12,,,0,100,,15056,12,,,0,100,,15055,12,,,0,100,,15054,12,,,0,100,,15053,12,,,0,100,,15052,12,,,0,100,,15051,12,,,0,100,,15050,12,,,0,100,,15049,12,,,0,100,,15048,12,,,0,100,,15047,12,,,0,100,,15046,12,,,0,82,,15045,1,,,0
1470301,'3',2135,,15116,28,4,,0
