1470100,'1',721,,14486,10,0,7,0,20,,14487,10,0,7,0,60,,14488,10,0,7,0,20,,14489,10,0,7,0,20,,14490,10,0,7,0,60,,14491,10,0,7,0,20,,14492,10,0,7,0,20,,14519,10,0,7,0,73,,14520,10,0,7,0,35,,14521,10,0,7,0,70,,14522,10,0,7,0,30,,14523,10,0,7,0,70,,14524,10,0,7,0,30,,14525,10,0,7,0,70,,14526,10,0,7,0,30,,14527,10,0,7,0,75,,14528,10,0,7,0,23,,14529,10,0,7,0,60,,14564,10,0,7,0,19,,14493,10,0,7,0,18,,14494,10,0,7,0,60,,14495,10,0,7,0,20,,14496,10,0,7,0,20,,14497,10,0,7,0,60,,14498,10,0,7,0,20,,14499,10,0,7,0,20,,14500,10,0,7,0,60,,14501,10,0,7,0,20,,14541,10,0,7,0,20,,14542,10,0,7,0,66,,14543,10,0,7,0,45,,14546,10,0,7,0,85,,14547,10,0,7,0,85,,14548,10,0,7,0,85,,14549,10,0,7,0,45,,14550,10,0,7,0,85,,14551,10,0,7,0
1470100,'2',644,,14584,10,0,7,0,85,,14585,10,0,7,0,85,,14586,10,0,7,0,45,,14587,10,0,7,0,85,,14588,10,0,7,0,85,,14589,10,0,7,0,85,,14590,10,0,7,0,30,,14599,10,0,7,0,70,,14600,10,0,7,0,30,,14601,10,0,7,0,70,,14602,10,0,7,0,30,,14603,10,0,7,0,70,,14604,10,0,7,0,30,,14605,10,0,7,0,70,,14606,10,0,7,0,30,,14607,10,0,7,0,70,,14608,10,0,7,0,30,,14609,10,0,7,0,70,,14610,10,0,7,0,30,,14611,10,0,7,0,70,,14612,10,0,7,0,30,,14613,10,0,7,0,85,,14630,10,0,7,0,85,,14629,10,0,7,0,45,,14631,10,0,7,0
1470100,'3',858,,14636,10,0,7,0,85,,14637,10,0,7,0,85,,14638,10,0,7,0,85,,14639,10,0,7,0,45,,14640,10,0,7,0,85,,14641,10,0,7,0,85,,14669,10,0,7,0,85,,14642,10,0,7,0,45,,14643,10,0,7,0,85,,14644,10,0,7,0,85,,14645,10,0,7,0,85,,14646,10,0,7,0,45,,14647,10,0,7,0,85,,14648,10,0,7,0,85,,14649,10,0,7,0,85,,14650,10,0,7,0,45,,14651,10,0,7,0
1470201,'1',658,,14917,3,,,0,68,,14918,3,,,0,28,,14919,3,,,0,68,,14920,3,,,0,28,,14921,3,,,0,68,,14922,3,,,0,28,,14923,3,,,0,68,,14924,3,,,0,28,,14925,3,,,0,68,,14926,3,,,0,28,,14927,3,,,0,68,,14928,3,,,0,28,,14929,3,,,0,68,,14930,3,,,0,28,,14931,3,,,0,28,,14932,3,,,0,68,,14933,3,,,0,28,,14934,3,,,0,68,,14935,3,,,0,28,,14936,3,,,0,68,,14937,3,,,0,28,,14938,3,,,0,68,,14939,3,,,0,28,,14940,3,,,0,68,,14941,3,,,0,27,,14942,3,,,0,66,,14943,3,,,0,28,,14948,3,,,0,100,,14944,3,,,0,100,,14945,3,,,0,100,,14946,3,,,0,100,,14947,3,,,0
1470201,'2',627,,14950,3,,,0,100,,14951,3,,,0,100,,14952,3,,,0,100,,14953,3,,,0,100,,14954,3,,,0,101,,14955,3,,,0,74,,14956,3,,,0,32,,14957,3,,,0,72,,14958,3,,,0,32,,14959,3,,,0,72,,14960,3,,,0,32,,14961,3,,,0,72,,14962,3,,,0,32,,14963,3,,,0,72,,14964,3,,,0,32,,14965,3,,,0,72,,14966,3,,,0,32,,14967,3,,,0,72,,14968,3,,,0,99,,14969,3,,,0,100,,14970,3,,,0,100,,14971,3,,,0,100,,14972,3,,,0,100,,14973,3,,,0
1470201,'3',827,,14975,3,,,0,100,,14976,3,,,0,100,,14977,3,,,0,100,,14978,3,,,0,100,,14979,3,,,0,100,,14980,3,,,0,100,,14981,3,,,0,100,,14982,3,,,0,100,,14983,3,,,0,100,,14984,3,,,0,100,,14985,3,,,0,100,,14986,3,,,0,100,,14987,3,,,0,100,,14988,3,,,0
1470600,'1',611,,15159,3,,,0,40,,15160,3,,,0,80,,15161,3,,,0,80,,15162,3,,,0,40,,15163,3,,,0,80,,15164,3,,,0,80,,15165,3,,,0,40,,15166,3,,,0,80,,15167,3,,,0,80,,15168,3,,,0,40,,15169,3,,,0,80,,15170,3,,,0,80,,15171,3,,,0,40,,15172,3,,,0,80,,15173,3,,,0,80,,15174,3,,,0,40,,15175,3,,,0,80,,15176,3,,,0,80,,15177,3,,,0,40,,15178,3,,,0,80,,15179,3,,,0,80,,15180,3,,,0,40,,15181,3,,,0,80,,15182,3,,,0,80,,15183,3,,,0,40,,15184,3,,,0,80,,15185,3,,,0
1470600,'2',611,,15186,3,,,0,40,,15187,3,,,0,80,,15188,3,,,0,80,,15189,3,,,0,40,,15190,3,,,0,80,,15191,3,,,0,80,,15192,3,,,0,40,,15193,3,,,0,80,,15194,3,,,0,80,,15195,3,,,0,40,,15196,3,,,0,80,,15197,3,,,0,80,,15198,3,,,0,40,,15199,3,,,0,80,,15200,3,,,0,80,,15201,3,,,0,40,,15202,3,,,0,80,,15203,3,,,0,80,,15204,3,,,0,40,,15205,3,,,0,80,,15206,3,,,0,80,,15207,3,,,0,40,,15208,3,,,0,80,,15209,3,,,0,80,,15210,3,,,0
1470600,'3',931,,15212,3,,,0,80,,15213,3,,,0,40,,15214,3,,,0,80,,15215,3,,,0,80,,15216,3,,,0,40,,15217,3,,,0,80,,15218,3,,,0,80,,15219,3,,,0,40,,15220,3,,,0,80,,15221,3,,,0,80,,15222,3,,,0,40,,15223,3,,,0,80,,15224,3,,,0,80,,15225,3,,,0,40,,15226,3,,,0,80,,15227,3,,,0,80,,15228,3,,,0,40,,15229,3,,,0,79,,15230,3,,,0
1470800,'1',751,,15450,3,,,0,80,,15451,3,,,0,80,,15452,3,,,0,40,,15453,3,,,0,80,,15454,3,,,0,80,,15455,3,,,0,40,,15456,3,,,0,80,,15457,3,,,0,80,,15458,3,,,0,40,,15459,3,,,0,80,,15460,3,,,0,80,,15461,3,,,0,40,,15462,3,,,0,80,,15463,3,,,0,80,,15464,3,,,0,40,,15465,3,,,0
