1600,'1',627,,2504,5,,,0,32,,2505,5,,,0,72,,2506,5,,,0,72,,2507,5,,,0,32,,2508,5,,,0,72,,2509,5,,,0,32,,2510,5,,,0,72,,2511,5,,,0,32,,2512,5,,,0,72,,2513,5,,,0,32,,2514,5,,,0,72,,2524,5,,,0,32,,2525,5,,,0,72,,2515,5,,,0,32,,2516,5,,,0,72,,2517,5,,,0,32,,2518,5,,,0,72,,2519,5,,,0,72,,2520,5,,,0,32,,2521,5,,,0,72,,2522,5,,,0,32,,2526,5,,,0,72,,2523,5,,,0,31,,2527,5,,,0,75,,2528,5,,,0,100,,2529,5,,,0,100,,2530,5,,,0,100,,2531,5,,,0,100,,2532,5,,,0
1600,'2',621,,2533,5,,,0,100,,2534,5,,,0,100,,2535,5,,,0,100,,2536,5,,,0,100,,2537,5,,,0,103,,2538,5,,,0,34,,2539,5,,,0,72,,2540,5,,,0,72,,2541,5,,,0,32,,2542,5,,,0,72,,2543,5,,,0,32,,2544,5,,,0,72,,2545,5,,,0,32,,2546,5,,,0,72,,2547,5,,,0,32,,2548,5,,,0,72,,2549,5,,,0,32,,2550,5,,,0,72,,2551,5,,,0,31,,2552,5,,,0,100,,2553,5,,,0,100,,2554,5,,,0,100,,2555,5,,,0
1600,'3',817,,2569,5,,,0,100,,2556,5,,,0,100,,2557,5,,,0,100,,2558,5,,,0,100,,2559,5,,,0,100,,2560,5,,,0,100,,2561,5,,,0,100,,2562,5,,,0,100,,2563,5,,,0,100,,2564,5,,,0,100,,2565,5,,,0,100,,2566,5,,,0,100,,2567,5,,,0,101,,2568,5,,,0
4300,'1',618,,4021,5,,,0,30,,4022,5,,,0,67,,4023,5,,,0,30,,4024,5,,,0,70,,4025,5,,,0,30,,4026,5,,,0,69,,4027,5,,,0,27,,4028,5,,,0,70,,4029,5,,,0,30,,4030,5,,,0,70,,4031,5,,,0,30,,4032,5,,,0,70,,4033,5,,,0,30,,4034,5,,,0,70,,4035,5,,,0,30,,4036,5,,,0,70,,4037,5,,,0,30,,4038,5,,,0,67,,4039,5,,,0,30,,4040,5,,,0,70,,4041,5,,,0,30,,4042,5,,,0,70,,4043,5,,,0,30,,4044,5,,,0,70,,4045,5,,,0,29,,4046,5,,,0,70,,4047,5,,,0,100,,4048,5,,,0,100,,4049,5,,,0,100,,4050,5,,,0
4300,'2',637,,4052,5,,,0,100,,4053,5,,,0,100,,4054,5,,,0,100,,4055,5,,,0,100,,4056,5,,,0,70,,4070,5,,,0,30,,4057,5,,,0,70,,4071,5,,,0,30,,4058,5,,,0,100,,4059,5,,,0,70,,4073,5,,,0,30,,4060,5,,,0,70,,4074,5,,,0,30,,4061,5,,,0,70,,4075,5,,,0,30,,4062,5,,,0,70,,4076,5,,,0,30,,4063,5,,,0,70,,4077,5,,,0,30,,4064,5,,,0,100,,4065,5,,,0,100,,4066,5,,,0,100,,4067,5,,,0,100,,4068,5,,,0
4300,'3',837,,4078,5,,,0,100,,4079,5,,,0,100,,4080,5,,,0,100,,4081,5,,,0,100,,4082,5,,,0,100,,4083,5,,,0,100,,4084,5,,,0,100,,4085,5,,,0,100,,4086,5,,,0,100,,4087,5,,,0,100,,4088,5,,,0,100,,4089,5,,,0,100,,4090,5,,,0,100,,4091,5,,,0
4400,'1',625,,4161,5,,,0,30,,4162,5,,,0,67,,4163,5,,,0,30,,4164,5,,,0,70,,4165,5,,,0,30,,4166,5,,,0,69,,4167,5,,,0,28,,4168,5,,,0,70,,4169,5,,,0,30,,4170,5,,,0,70,,4171,5,,,0,30,,4172,5,,,0,70,,4173,5,,,0,30,,4174,5,,,0,70,,4175,5,,,0,30,,4176,5,,,0,70,,4177,5,,,0,30,,4178,5,,,0,67,,4179,5,,,0,30,,4180,5,,,0,70,,4181,5,,,0,30,,4182,5,,,0,70,,4183,5,,,0,30,,4184,5,,,0,101,,4185,5,,,0,100,,4186,5,,,0,100,,4187,5,,,0,100,,4188,5,,,0,100,,4189,5,,,0,101,,4190,5,,,0
4400,'2',717,,4200,5,,,0,100,,4199,5,,,0,100,,4198,5,,,0,100,,4197,5,,,0,100,,4202,5,,,0,30,,4203,5,,,0,70,,4204,5,,,0,30,,4205,5,,,0,70,,4206,5,,,0,30,,4207,5,,,0,70,,4208,5,,,0,30,,4209,5,,,0,70,,4210,5,,,0,30,,4211,5,,,0,100,,4212,5,,,0,70,,4213,5,,,0,30,,4214,5,,,0,70,,4215,5,,,0,30,,4216,5,,,0,70,,4196,5,,,0,100,,4195,5,,,0,100,,4194,5,,,0,100,,4193,5,,,0,100,,4192,5,,,0
4400,'3',917,,4229,5,,,0,100,,4228,5,,,0,100,,4224,5,,,0,100,,4223,5,,,0,100,,4222,5,,,0,100,,4221,5,,,0,100,,4220,5,,,0,100,,4219,5,,,0,100,,4218,5,,,0,100,,4217,5,,,0,100,,4227,5,,,0,100,,4226,5,,,0,100,,4225,5,,,0
4500,'1',632,,4291,5,,,0,27,,4292,5,,,0,70,,4293,5,,,0,30,,4294,5,,,0,70,,4295,5,,,0,30,,4296,5,,,0,69,,4297,5,,,0,30,,4298,5,,,0,70,,4299,5,,,0,30,,4300,5,,,0,70,,4301,5,,,0,30,,4302,5,,,0,70,,4303,5,,,0,30,,4304,5,,,0,70,,4305,5,,,0,30,,4306,5,,,0,70,,4307,5,,,0,30,,4308,5,,,0,66,,4309,5,,,0,30,,4310,5,,,0,70,,4311,5,,,0,30,,4312,5,,,0,70,,4313,5,,,0,93,,4314,5,,,0,110,,4315,5,,,0,100,,4316,5,,,0,100,,4317,5,,,0,100,,4318,5,,,0,100,,4319,5,,,0
4500,'2',657,,4328,5,,,0,100,,4327,5,,,0,100,,4326,5,,,0,100,,4325,5,,,0,100,,4320,5,,,0,70,,4330,5,,,0,30,,4331,5,,,0,70,,4332,5,,,0,30,,4333,5,,,0,70,,4334,5,,,0,30,,4335,5,,,0,70,,4336,5,,,0,30,,4337,5,,,0,70,,4338,5,,,0,30,,4339,5,,,0,70,,4340,5,,,0,30,,4341,5,,,0,70,,4342,5,,,0,30,,4343,5,,,0,70,,4344,5,,,0,30,,4345,5,,,0,100,,4324,5,,,0,100,,4323,5,,,0,100,,4322,5,,,0
4500,'3',857,,4358,5,,,0,100,,4357,5,,,0,100,,4346,5,,,0,100,,4356,5,,,0,100,,4355,5,,,0,100,,4354,5,,,0,100,,4353,5,,,0,100,,4352,5,,,0,100,,4351,5,,,0,100,,4350,5,,,0,100,,4349,5,,,0,101,,4348,5,,,0,99,,4347,5,,,0
4600,'1',610,,4424,5,,,0,29,,4425,5,,,0,67,,4426,5,,,0,30,,4427,5,,,0,70,,4428,5,,,0,30,,4429,5,,,0,71,,4430,5,,,0,29,,4431,5,,,0,70,,4432,5,,,0,30,,4433,5,,,0,70,,4434,5,,,0,30,,4435,5,,,0,70,,4436,5,,,0,30,,4437,5,,,0,70,,4438,5,,,0,30,,4439,5,,,0,70,,4440,5,,,0,29,,4441,5,,,0,65,,4442,5,,,0,30,,4443,5,,,0,70,,4444,5,,,0,30,,4445,5,,,0,70,,4446,5,,,0,30,,4447,5,,,0,70,,4448,5,,,0
