1472600,'1',648,,16336,10,,,0,80,,16337,10,,,0,80,,16338,10,,,0,40,,16339,10,,,0,80,,16340,10,,,0,80,,16341,10,,,0,40,,16342,10,,,0,80,,16343,10,,,0,80,,16344,10,,,0,40,,16345,10,,,0,80,,16346,10,,,0,80,,16347,10,,,0,38,,16359,10,,,0,2,,16348,10,,,0,80,,16349,10,,,0,80,,16350,10,,,0,40,,16351,10,,,0,80,,16352,10,,,0,80,,16353,10,,,0,40,,16354,10,,,0,103,,16355,10,,,0,100,,16356,10,,,0,100,,16357,10,,,0
1472600,'2',851,,16361,10,,,0,100,,16362,10,,,0,99,,16363,10,,,0,78,,16364,10,,,0,80,,16365,10,,,0,40,,16366,10,,,0,80,,16367,10,,,0,80,,16368,10,,,0,40,,16369,10,,,0,80,,16370,10,,,0,80,,16371,10,,,0,40,,16372,10,,,0,80,,16373,10,,,0,80,,16374,10,,,0,40,,16375,10,,,0,103,,16376,10,,,0,100,,16377,10,,,0,100,,16378,10,,,0,100,,16379,10,,,0
1472600,'3',951,,16381,10,,,0,100,,16382,10,,,0,100,,16385,10,,,0,100,,16386,10,,,0,100,,16387,10,,,0,100,,16388,10,,,0,100,,16389,10,,,0,100,,16390,10,,,0,100,,16391,10,,,0,100,,16392,10,,,0,100,,16383,10,,,0,100,,16384,10,,,0
1473100,'1',628,,16483,10,,,0,80,,16484,10,,,0,40,,16485,10,,,0,80,,16486,10,,,0,80,,16487,10,,,0,40,,16488,10,,,0,80,,16489,10,,,0,80,,16490,10,,,0,40,,16491,10,,,0,80,,16492,10,,,0,80,,16493,10,,,0,40,,16494,10,,,0,80,,16495,10,,,0,80,,16496,10,,,0,40,,16497,10,,,0,80,,16498,10,,,0,80,,16499,10,,,0,40,,16500,10,,,0,80,,16501,10,,,0,80,,16502,10,,,0,113,,16503,10,,,0,100,,16504,10,,,0,100,,16505,10,,,0,100,,16506,10,,,0
1473100,'12801',1618,,16509,10,,,0
1473100,'2',821,,16511,10,,,0,100,,16512,10,,,0,100,,16513,10,,,0,97,,16514,10,,,0,30,,16515,10,,,0,80,,16516,10,,,0,80,,16517,10,,,0,40,,16518,10,,,0,80,,16519,10,,,0,80,,16520,10,,,0,40,,16521,10,,,0,80,,16522,10,,,0,80,,16523,10,,,0,40,,16524,10,,,0,80,,16525,10,,,0,80,,16526,10,,,0,113,,16527,10,,,0,100,,16528,10,,,0,100,,16529,10,,,0
1473100,'3',921,,16530,10,,,0,100,,16531,10,,,0,100,,16532,10,,,0,100,,16533,10,,,0,100,,16534,10,,,0,100,,16535,10,,,0,100,,16536,10,,,0,100,,16537,10,,,0,100,,16538,10,,,0,100,,16539,10,,,0,100,,16540,10,,,0,100,,16541,10,,,0,98,,16542,10,,,0
1473900,'1',614,,17548,3,,,0,28,,17549,3,,,0,68,,17550,3,,,0,28,,17551,3,,,0,68,,17552,3,,,0,28,,17553,3,,,0,68,,17554,3,,,0,28,,17555,3,,,0,24,,17556,3,,,0,77,,17557,3,,,0,75,,17558,3,,,0,35,,17559,3,,,0,75,,17560,3,,,0,35,,17561,3,,,0,75,,17562,3,,,0,31,,17563,3,,,0,76,,17564,3,,,0,70,,17565,3,,,0,23,,17566,3,,,0,23,,17567,3,,,0,68,,17568,3,,,0,28,,17569,3,,,0,68,,17570,3,,,0,28,,17571,3,,,0,68,,17572,3,,,0,28,,17573,3,,,0,80,,17574,3,,,0,40,,17575,3,,,0,80,,17576,3,,,0,80,,17577,3,,,0,40,,17578,3,,,0,80,,17579,3,,,0,80,,17580,3,,,0,40,,17581,3,,,0
1473900,'2',720,,17583,3,,,0,80,,17584,3,,,0,40,,17585,3,,,0,80,,17586,3,,,0,80,,17587,3,,,0,40,,17588,3,,,0,80,,17589,3,,,0,36,,17590,3,,,0,65,,17591,3,,,0,25,,17592,3,,,0,65,,17593,3,,,0,25,,17594,3,,,0,65,,17595,3,,,0,25,,17596,3,,,0,25,,17597,3,,,0,65,,17598,3,,,0,25,,17599,3,,,0,65,,17600,3,,,0,25,,17601,3,,,0,25,,17602,3,,,0,65,,17603,3,,,0,25,,17604,3,,,0,65,,17605,3,,,0,25,,17606,3,,,0,65,,17607,3,,,0,40,,17608,3,,,0,80,,17609,3,,,0,80,,17610,3,,,0,40,,17611,3,,,0,80,,17612,3,,,0,80,,17613,3,,,0,40,,17614,3,,,0
1473900,'3',856,,17615,3,,,0,80,,17616,3,,,0,80,,17617,3,,,0,40,,17618,3,,,0,80,,17619,3,,,0,80,,17620,3,,,0,40,,17621,3,,,0,80,,17622,3,,,0,80,,17623,3,,,0,40,,17624,3,,,0,80,,17625,3,,,0,80,,17626,3,,,0,40,,17627,3,,,0,80,,17628,3,,,0,80,,17629,3,,,0,40,,17630,3,,,0,80,,17631,3,,,0,80,,17632,3,,,0,40,,17633,3,,,0
