1472600,'1',650,,16336,12,,,0,80,,16337,12,,,0,80,,16338,12,,,0,40,,16339,12,,,0,80,,16340,12,,,0,80,,16341,12,,,0,40,,16342,12,,,0,80,,16343,12,,,0,80,,16344,12,,,0,40,,16345,12,,,0,80,,16346,12,,,0,80,,16347,12,,,0,38,,16359,12,,,0,2,,16348,12,,,0,80,,16349,12,,,0,80,,16350,12,,,0,40,,16351,12,,,0,80,,16352,12,,,0,80,,16353,12,,,0,40,,16354,12,,,0,103,,16355,12,,,0,100,,16356,12,,,0,100,,16357,12,,,0
1472600,'2',853,,16361,12,,,0,100,,16362,12,,,0,99,,16363,12,,,0,78,,16364,12,,,0,80,,16365,12,,,0,40,,16366,12,,,0,80,,16367,12,,,0,80,,16368,12,,,0,40,,16369,12,,,0,80,,16370,12,,,0,80,,16371,12,,,0,40,,16372,12,,,0,80,,16373,12,,,0,80,,16374,12,,,0,40,,16375,12,,,0,103,,16376,12,,,0,100,,16377,12,,,0,100,,16378,12,,,0,100,,16379,12,,,0
1472600,'3',953,,16381,12,,,0,100,,16382,12,,,0,100,,16385,12,,,0,100,,16386,12,,,0,100,,16387,12,,,0,100,,16388,12,,,0,100,,16389,12,,,0,100,,16390,12,,,0,100,,16391,12,,,0,100,,16392,12,,,0,100,,16383,12,,,0,100,,16384,12,,,0
1473100,'1',630,,16483,12,,,0,80,,16484,12,,,0,40,,16485,12,,,0,80,,16486,12,,,0,80,,16487,12,,,0,40,,16488,12,,,0,80,,16489,12,,,0,80,,16490,12,,,0,40,,16491,12,,,0,80,,16492,12,,,0,80,,16493,12,,,0,40,,16494,12,,,0,80,,16495,12,,,0,80,,16496,12,,,0,40,,16497,12,,,0,80,,16498,12,,,0,80,,16499,12,,,0,40,,16500,12,,,0,80,,16501,12,,,0,80,,16502,12,,,0,113,,16503,12,,,0,100,,16504,12,,,0,100,,16505,12,,,0,100,,16506,12,,,0
1473100,'12801',1620,,16509,12,,,0
1473100,'2',823,,16511,12,,,0,100,,16512,12,,,0,100,,16513,12,,,0,97,,16514,12,,,0,30,,16515,12,,,0,80,,16516,12,,,0,80,,16517,12,,,0,40,,16518,12,,,0,80,,16519,12,,,0,80,,16520,12,,,0,40,,16521,12,,,0,80,,16522,12,,,0,80,,16523,12,,,0,40,,16524,12,,,0,80,,16525,12,,,0,80,,16526,12,,,0,113,,16527,12,,,0,100,,16528,12,,,0,100,,16529,12,4,,0
1473100,'3',923,,16530,12,,,0,100,,16531,12,,,0,100,,16532,12,,,0,100,,16533,12,,,0,100,,16534,12,,,0,100,,16535,12,,,0,100,,16536,12,,,0,100,,16537,12,,,0,100,,16538,12,,,0,100,,16539,12,,,0,100,,16540,12,,,0,100,,16541,12,,,0,98,,16542,12,,,0
1473900,'1',615,,17548,5,,,0,28,,17549,5,,,0,68,,17550,5,,,0,28,,17551,5,,,0,68,,17552,5,,,0,28,,17553,5,,,0,68,,17554,5,,,0,28,,17555,5,,,0,24,,17556,5,,,0,77,,17557,5,,,0,75,,17558,5,,,0,35,,17559,5,,,0,75,,17560,5,,,0,35,,17561,5,,,0,75,,17562,5,,,0,31,,17563,5,,,0,76,,17564,5,,,0,70,,17565,5,,,0,23,,17566,5,,,0,23,,17567,5,,,0,68,,17568,5,,,0,28,,17569,5,,,0,68,,17570,5,,,0,28,,17571,5,,,0,68,,17572,5,,,0,28,,17573,5,,,0,80,,17574,5,,,0,40,,17575,5,,,0,80,,17576,5,,,0,80,,17577,5,,,0,40,,17578,5,,,0,80,,17579,5,,,0,80,,17580,5,,,0,40,,17581,5,,,0
1473900,'2',721,,17583,5,,,0,80,,17584,5,,,0,40,,17585,5,,,0,80,,17586,5,,,0,80,,17587,5,,,0,40,,17588,5,,,0,80,,17589,5,,,0,36,,17590,5,,,0,65,,17591,5,,,0,25,,17592,5,,,0,65,,17593,5,,,0,25,,17594,5,,,0,65,,17595,5,,,0,25,,17596,5,,,0,25,,17597,5,,,0,65,,17598,5,,,0,25,,17599,5,,,0,65,,17600,5,,,0,25,,17601,5,,,0,25,,17602,5,,,0,65,,17603,5,,,0,25,,17604,5,,,0,65,,17605,5,,,0,25,,17606,5,,,0,65,,17607,5,,,0,40,,17608,5,,,0,80,,17609,5,,,0,80,,17610,5,,,0,40,,17611,5,,,0,80,,17612,5,,,0,80,,17613,5,,,0,40,,17614,5,,,0
1473900,'3',857,,17615,5,,,0,80,,17616,5,,,0,80,,17617,5,,,0,40,,17618,5,,,0,80,,17619,5,,,0,80,,17620,5,,,0,40,,17621,5,,,0,80,,17622,5,,,0,80,,17623,5,,,0,40,,17624,5,,,0,80,,17625,5,,,0,80,,17626,5,,,0,40,,17627,5,,,0,80,,17628,5,,,0,80,,17629,5,,,0,40,,17630,5,,,0,80,,17631,5,,,0,80,,17632,5,,,0,40,,17633,5,,,0
