1000,'1',630,,1728,1,,,0,22,,1729,1,,,0,62,,1730,1,,,0,22,,1731,1,,,0,22,,1732,1,,,0,62,,1733,1,,,0,22,,1734,1,,,0,62,,1735,1,,,0,22,,1736,1,,,0,22,,1737,1,,,0,62,,1738,1,,,0,22,,1739,1,,,0,22,,1740,1,,,0,62,,1741,1,,,0,22,,1742,1,,,0,62,,1743,1,,,0,106,,1754,1,,,0,22,,1755,1,,,0,22,,1756,1,,,0,62,,1757,1,,,0,22,,1758,1,,,0,22,,1759,1,,,0,62,,1760,1,,,0,22,,1761,1,,,0,62,,1762,1,,,0,22,,1763,1,,,0,22,,1764,1,,,0,62,,1765,1,,,0,22,,1766,1,,,0,22,,1767,1,,,0,62,,1744,1,,,0,22,,1745,1,,,0,80,,1746,1,,,0,40,,1747,1,,,0,80,,1748,1,,,0,80,,1749,1,,,0,40,,1750,1,,,0,80,,1751,1,,,0,80,,1752,1,,,0
1000,'2',630,,1769,1,,,0,80,,1770,1,,,0,40,,1771,1,,,0,80,,1772,1,,,0,80,,1773,1,,,0,40,,1774,1,,,0,80,,1775,1,,,0,80,,1776,1,,,0,25,,1777,1,,,0,20,,1778,1,,,0,62,,1779,1,,,0,22,,1780,1,,,0,62,,1781,1,,,0,22,,1782,1,,,0,22,,1783,1,,,0,62,,1784,1,,,0,22,,1785,1,,,0,22,,1786,1,,,0,62,,1787,1,,,0,22,,1788,1,,,0,22,,1789,1,,,0,62,,1790,1,,,0,22,,1791,1,,,0,62,,1792,1,,,0,22,,1793,1,,,0,22,,1794,1,,,0,60,,1795,1,,,0,22,,1796,1,,,0,78,,1797,1,,,0,40,,1798,1,,,0,80,,1799,1,,,0,80,,1800,1,,,0,40,,1801,1,,,0,80,,1802,1,,,0,80,,1803,1,,,0
1000,'3',823,,1804,1,,,0,80,,1805,1,,,0,40,,1806,1,,,0,80,,1807,1,,,0,80,,1808,1,,,0,40,,1809,1,,,0,80,,1810,1,,,0,80,,1811,1,,,0,40,,1812,1,,,0,80,,1813,1,,,0,80,,1814,1,,,0,40,,1815,1,,,0,80,,1816,1,,,0,80,,1817,1,,,0,40,,1818,1,,,0,80,,1819,1,,,0,80,,1820,1,,,0,40,,1821,1,,,0,80,,1822,1,,,0,80,,1823,1,,,0
1001,'1',624,,1864,19,4,,0,22,,1863,19,4,,0,64,,1824,19,4,,0,22,,1825,19,4,,0,22,,1826,19,4,,0,62,,1827,19,4,,0,22,,1828,19,4,,0,62,,1829,19,4,,0,21,,1830,19,4,,0,22,,1831,19,4,,0,62,,1832,19,4,,0,22,,1833,19,4,,0,22,,1834,19,4,,0,62,,1835,19,4,,0,22,,1836,19,4,,0,22,,1837,19,4,,0,62,,1838,19,4,,0,22,,1839,19,4,,0,62,,1840,19,4,,0,22,,1841,19,4,,0,22,,1842,19,4,,0,62,,1843,19,4,,0,22,,1844,19,4,,0,22,,1845,19,4,,0,62,,1846,19,4,,0,23,,1847,19,4,,0,22,,1848,19,4,,0,62,,1849,19,4,,0,22,,1850,19,4,,0,62,,1851,19,4,,0,22,,1852,19,4,,0,22,,1853,19,4,,0,62,,1854,19,4,,0,22,,1855,19,4,,0,21,,1856,19,4,,0,60,,1857,19,4,,0,40,,1858,19,4,,0,80,,1859,19,4,,0,80,,1860,19,4,,0,40,,1861,19,4,,0
1001,'2',627,,1865,19,4,,0,80,,1866,19,4,,0,40,,1867,19,4,,0,80,,1868,19,4,,0,80,,1869,19,4,,0,40,,1870,19,4,,0,80,,1871,19,4,,0,80,,1872,19,4,,0,24,,1873,19,4,,0,19,,1874,19,4,,0,62,,1875,19,4,,0,22,,1876,19,4,,0,22,,1877,19,4,,0,62,,1878,19,4,,0,22,,1879,19,4,,0,62,,1880,19,4,,0,22,,1881,19,4,,0,22,,1882,19,4,,0,62,,1883,19,4,,0,22,,1884,19,4,,0,22,,1885,19,4,,0,62,,1886,19,4,,0,22,,1887,19,4,,0,22,,1888,19,4,,0,62,,1889,19,4,,0,22,,1890,19,4,,0,62,,1891,19,4,,0,22,,1892,19,4,,0,81,,1893,19,4,,0,37,,1894,19,4,,0,80,,1895,19,4,,0,80,,1896,19,4,,0,40,,1897,19,4,,0,80,,1898,19,4,,0
1001,'3',900,,1900,19,4,,0,40,,1901,19,4,,0,80,,1902,19,4,,0,80,,1903,19,4,,0,40,,1904,19,4,,0,80,,1905,19,4,,0,80,,1906,19,4,,0,40,,1907,19,4,,0,80,,1908,19,4,,0,80,,1909,19,4,,0,40,,1910,19,4,,0,80,,1911,19,4,,0,80,,1912,19,4,,0,40,,1913,19,4,,0,80,,1914,19,4,,0,80,,1915,19,4,,0,40,,1916,19,4,,0,80,,1917,19,4,,0,80,,1918,19,4,,0,40,,1919,19,4,,0
1600,'1',632,,2504,9,,,0,72,,2505,9,,,0,32,,2506,9,,,0,72,,2507,9,,,0,32,,2508,9,,,0,72,,2509,9,,,0,32,,2510,9,,,0,72,,2511,9,,,0,32,,2512,9,,,0,72,,2513,9,,,0,32,,2514,9,,,0,72,,2524,9,,,0,32,,2525,9,,,0,72,,2515,9,,,0,72,,2516,9,,,0,32,,2517,9,,,0,72,,2518,9,,,0,32,,2519,9,,,0,72,,2520,9,,,0,32,,2521,9,,,0,72,,2522,9,,,0,32,,2526,9,,,0,72,,2523,9,,,0,31,,2527,9,,,0,75,,2528,9,,,0,100,,2529,9,,,0,100,,2530,9,,,0,100,,2531,9,,,0,100,,2532,9,,,0
1600,'2',626,,2533,9,,,0,100,,2534,9,,,0,100,,2535,9,,,0,100,,2536,9,,,0,100,,2537,9,,,0,103,,2538,9,,,0,74,,2539,9,,,0,32,,2540,9,,,0,72,,2541,9,,,0,32,,2542,9,,,0,72,,2543,9,,,0,32,,2544,9,,,0,72,,2545,9,,,0,32,,2546,9,,,0,72,,2547,9,,,0,32,,2548,9,,,0,72,,2549,9,,,0,32,,2550,9,,,0,72,,2551,9,,,0,31,,2552,9,,,0,100,,2553,9,,,0,100,,2554,9,,,0,100,,2555,9,,,0
1600,'3',822,,2569,9,,,0,100,,2556,9,,,0,100,,2557,9,,,0,100,,2558,9,,,0,100,,2559,9,,,0,100,,2560,9,,,0,100,,2561,9,,,0,100,,2562,9,,,0,100,,2563,9,,,0,100,,2564,9,,,0,100,,2565,9,,,0,100,,2566,9,,,0,100,,2567,9,,,0,101,,2568,9,,,0
1700,'1',607,,2708,1,,,0,40,,2709,1,,,0,58,,2636,14,4,,0,2,,2653,1,,,0,18,,2637,14,4,,0,2,,2654,1,,,0,18,,2638,14,4,,0,2,,2655,1,,,0,58,,2639,14,4,,0,2,,2656,1,,,0,18,,2640,14,4,,0,2,,2657,1,,,0,18,,2641,14,4,,0,2,,2658,1,,,0,58,,2642,14,4,,0,2,,2659,1,,,0,18,,2643,14,4,,0,20,,2670,14,4,,0,2,,2681,1,,,0,71,,2671,14,4,,0,1,,2682,1,,,0,34,,2672,14,4,,0,1,,2683,1,,,0,69,,2673,14,4,,0,1,,2684,1,,,0,29,,2674,14,4,,0,1,,2685,1,,,0,69,,2675,14,4,,0,1,,2686,1,,,0,29,,2676,14,4,,0,1,,2687,1,,,0,69,,2677,14,4,,0,1,,2688,1,,,0,29,,2678,14,4,,0,1,,2689,1,,,0,74,,2679,14,4,,0,3,,2690,1,,,0,20,,2680,14,4,,0,2,,2691,1,,,0,58,,2716,14,4,,0,1,,2717,1,,,0,18,,2644,14,4,,0,1,,2661,1,,,0,17,,2645,14,4,,0,2,,2662,1,,,0,58,,2646,14,4,,0,2,,2663,1,,,0,18,,2647,14,4,,0,2,,2664,1,,,0,18,,2648,14,4,,0,2,,2665,1,,,0,58,,2649,14,4,,0,2,,2666,1,,,0,18,,2650,14,4,,0,2,,2667,1,,,0,18,,2651,14,4,,0,2,,2668,1,,,0,58,,2652,14,4,,0,2,,2669,1,,,0,18,,2692,14,4,,0,2,,2695,1,,,0,18,,2693,14,4,,0,66,,2694,14,4,,0,2,,2696,1,,,0,43,,2697,14,4,,0,42,,2703,1,,,0,43,,2698,14,4,,0,2,,2704,1,,,0,83,,2699,14,4,,0,2,,2705,1,,,0,83,,2700,14,4,,0,2,,2706,1,,,0,43,,2701,14,4,,0,42,,2707,1,,,0,43,,2702,14,4,,0,2,,2710,1,4,,0
1700,'12901',737,,2720,1,,,0,20,,2721,1,,,0,60,,2722,1,,,0,20,,2723,1,,,0,20,,2724,1,,,0,643,,2735,1,,,0,20,,2725,1,,,0,20,,2726,1,,,0,60,,2727,1,,,0,20,,2728,1,,,0,20,,2729,1,,,0,60,,2730,1,,,0,20,,2731,1,,,0
1700,'2',606,,2743,1,,,0,42,,2736,14,4,,0,2,,2744,1,,,0,83,,2737,14,4,,0,2,,2745,1,,,0,83,,2738,14,4,,0,2,,2746,1,,,0,83,,2739,14,4,,0,2,,2747,1,,,0,43,,2740,14,4,,0,2,,2748,1,,,0,83,,2741,14,4,,0,2,,2749,1,,,0,83,,2742,14,4,,0,2,,2750,1,,,0,28,,2751,14,4,,0,2,,2766,1,,,0,68,,2752,14,4,,0,2,,2767,1,,,0,28,,2753,14,4,,0,2,,2768,1,,,0,68,,2754,14,4,,0,2,,2769,1,,,0,28,,2755,14,4,,0,2,,2770,1,,,0,68,,2756,14,4,,0,2,,2771,1,,,0,28,,2757,14,4,,0,2,,2772,1,,,0,68,,2758,14,4,,0,2,,2773,1,,,0,28,,2759,14,4,,0,2,,2774,1,,,0,68,,2760,14,4,,0,2,,2775,1,,,0,28,,2761,14,4,,0,2,,2776,1,,,0,68,,2762,14,4,,0,2,,2777,1,,,0,28,,2763,14,4,,0,2,,2778,1,,,0,68,,2764,14,4,,0,2,,2779,1,,,0,28,,2765,14,4,,0,2,,2780,1,,,0,83,,2783,14,4,,0,2,,2787,1,,,0,83,,2781,14,4,,0,130,,2782,14,4,,0,2,,2786,1,,,0,170,,2788,1,,,0
1700,'3',900,,2790,14,4,,0,8,,2806,1,,,0,37,,2791,14,4,,0,8,,2807,1,,,0,77,,2792,14,4,,0,8,,2808,1,,,0,77,,2793,14,4,,0,8,,2809,1,,,0,77,,2794,14,4,,0,8,,2810,1,,,0,37,,2795,14,4,,0,8,,2811,1,,,0,77,,2823,14,4,,0,8,,2812,1,,,0,77,,2796,14,4,,0,8,,2813,1,,,0,77,,2797,14,4,,0,8,,2814,1,,,0,37,,2798,14,4,,0,8,,2815,1,,,0,77,,2799,14,4,,0,8,,2816,1,,,0,77,,2800,14,4,,0,8,,2817,1,,,0,77,,2801,14,4,,0,8,,2818,1,,,0,37,,2802,14,4,,0,8,,2819,1,,,0,77,,2803,14,4,,0,8,,2820,1,,,0,77,,2804,14,4,,0,8,,2821,1,,,0,77,,2805,14,4,,0,8,,2822,1,,,0
1800,'1',624,,3002,40,4,,0,28,,3003,40,4,,0,68,,3004,40,4,,0,28,,3005,40,4,,0,68,,3006,40,4,,0,28,,3007,40,4,,0,68,,3008,40,4,,0,28,,3009,40,4,,0,68,,3010,40,4,,0,28,,3011,40,4,,0,68,,3012,40,4,,0,28,,3013,40,4,,0,68,,3014,40,4,,0,28,,3015,40,4,,0,28,,3016,40,4,,0,68,,3017,40,4,,0,28,,3018,40,4,,0,68,,3019,40,4,,0,28,,3020,40,4,,0,68,,3021,40,4,,0,28,,3022,40,4,,0,68,,3023,40,4,,0,28,,3024,40,4,,0,68,,3025,40,4,,0,28,,3026,40,4,,0,68,,3027,40,4,,0,28,,3028,40,4,,0,26,,3029,40,4,,0,68,,3034,40,4,,0,100,,3030,40,4,,0,100,,3031,40,4,,0,100,,3032,40,4,,0
1800,'2',622,,3035,40,4,,0,100,,3036,40,4,,0,100,,3037,40,4,,0,100,,3038,40,4,,0,100,,3039,40,4,,0,100,,3040,40,4,,0,34,,3041,40,4,,0,72,,3042,40,4,,0,72,,3043,40,4,,0,32,,3044,40,4,,0,72,,3045,40,4,,0,32,,3046,40,4,,0,72,,3047,40,4,,0,32,,3048,40,4,,0,72,,3049,40,4,,0,32,,3050,40,4,,0,72,,3051,40,4,,0,32,,3052,40,4,,0,72,,3053,40,4,,0,32,,3054,40,4,,0,68,,3059,40,4,,0,100,,3055,40,4,,0,100,,3056,40,4,,0,100,,3057,40,4,,0
1800,'3',922,,3060,40,4,,0,100,,3061,40,4,,0,100,,3062,40,4,,0,100,,3063,40,4,,0,100,,3064,40,4,,0,100,,3065,40,4,,0,100,,3066,40,4,,0,100,,3067,40,4,,0,100,,3068,40,4,,0,100,,3069,40,4,,0,100,,3070,40,4,,0,100,,3071,40,4,,0,100,,3072,40,4,,0
1801,'1',656,,3074,1,,,0,68,,3075,1,,,0,28,,3076,1,,,0,68,,3077,1,,,0,28,,3078,1,,,0,68,,3079,1,,,0,28,,3080,1,,,0,68,,3081,1,,,0,28,,3082,1,,,0,68,,3083,1,,,0,28,,3084,1,,,0,68,,3085,1,,,0,28,,3086,1,,,0,68,,3087,1,,,0,28,,3088,1,,,0,28,,3089,1,,,0,68,,3090,1,,,0,28,,3091,1,,,0,68,,3092,1,,,0,28,,3093,1,,,0,68,,3094,1,,,0,28,,3095,1,,,0,68,,3096,1,,,0,28,,3097,1,,,0,68,,3098,1,,,0,28,,3099,1,,,0,66,,3100,1,,,0,28,,3105,1,,,0,100,,3101,1,,,0,100,,3102,1,,,0,100,,3103,1,,,0,100,,3104,1,,,0
1801,'2',626,,3107,1,,,0,100,,3108,1,,,0,100,,3109,1,,,0,100,,3110,1,,,0,100,,3111,1,,,0,100,,3112,1,,,0,74,,3113,1,,,0,32,,3114,1,,,0,72,,3115,1,,,0,32,,3116,1,,,0,72,,3117,1,,,0,32,,3118,1,,,0,72,,3119,1,,,0,32,,3120,1,,,0,72,,3121,1,,,0,32,,3122,1,,,0,72,,3123,1,,,0,32,,3124,1,,,0,72,,3125,1,,,0,100,,3126,1,,,0,100,,3127,1,,,0,100,,3128,1,,,0,100,,3129,1,,,0,100,,3130,1,,,0
1801,'3',826,,3132,1,,,0,100,,3133,1,,,0,100,,3134,1,,,0,100,,3135,1,,,0,100,,3136,1,,,0,100,,3137,1,,,0,100,,3138,1,,,0,100,,3139,1,,,0,100,,3140,1,,,0,100,,3141,1,,,0,100,,3142,1,,,0,100,,3143,1,,,0,100,,3144,1,,,0,100,,3145,1,,,0
2600,'1',623,,3324,1,,,0,30,,3325,1,,,0,70,,3326,1,,,0,30,,3327,1,,,0,70,,3328,1,,,0,30,,3329,1,,,0,70,,3330,1,,,0,30,,3331,1,,,0,70,,3332,1,,,0,30,,3333,1,,,0,70,,3334,1,,,0,30,,3335,1,,,0,70,,3336,1,,,0,30,,3337,1,,,0,70,,3338,1,,,0,30,,3339,1,,,0,70,,3340,1,,,0,30,,3341,1,,,0,70,,3342,1,,,0,130,,3344,1,,,0,70,,3345,1,,,0,30,,3346,1,,,0,70,,3347,1,,,0,25,,3316,1,,,0,80,,3317,1,,,0,80,,3318,1,,,0,40,,3319,1,,,0,80,,3320,1,,,0,80,,3321,1,,,0,40,,3322,1,,,0,80,,3323,1,,,0
2600,'2',608,,3348,1,,,0,40,,3349,1,,,0,80,,3350,1,,,0,80,,3351,1,,,0,40,,3352,1,,,0,80,,3353,1,,,0,80,,3354,1,,,0,40,,3355,1,,,0,70,,3363,1,,,0,30,,3364,1,,,0,70,,3365,1,,,0,30,,3366,1,,,0,70,,3367,1,,,0,30,,3368,1,,,0,70,,3369,1,,,0,30,,3370,1,,,0,70,,3371,1,,,0,30,,3372,1,,,0,70,,3373,1,,,0,30,,3374,1,,,0,70,,3375,1,,,0,30,,3376,1,,,0,70,,3377,1,,,0,30,,3378,1,,,0,80,,3356,1,,,0,80,,3357,1,,,0,40,,3358,1,,,0,80,,3359,1,,,0,80,,3360,1,,,0,40,,3361,1,,,0,80,,3362,1,,,0
2600,'3',928,,3380,1,,,0,80,,3381,1,,,0,40,,3382,1,,,0,80,,3383,1,,,0,80,,3384,1,,,0,40,,3385,1,,,0,80,,3386,1,,,0,80,,3387,1,,,0,40,,3388,1,,,0,80,,3389,1,,,0,80,,3390,1,,,0,40,,3391,1,,,0,80,,3392,1,,,0,80,,3393,1,,,0,40,,3394,1,,,0,80,,3395,1,,,0,80,,3396,1,,,0,40,,3397,1,,,0,80,,3398,1,,,0
2601,'1',700,,3406,19,4,,0,31,,3407,19,4,,0,73,,3408,19,4,,0,30,,3409,19,4,,0,70,,3410,19,4,,0,30,,3411,19,4,,0,70,,3412,19,4,,0,27,,3413,19,4,,0,70,,3414,19,4,,0,30,,3415,19,4,,0,70,,3416,19,4,,0,30,,3417,19,4,,0,70,,3418,19,4,,0,30,,3419,19,4,,0,70,,3420,19,4,,0,30,,3421,19,4,,0,70,,3422,19,4,,0,29,,3423,19,4,,0,73,,3424,19,4,,0,30,,3425,19,4,,0,70,,3426,19,4,,0,30,,3427,19,4,,0,70,,3428,19,4,,0,30,,3429,19,4,,0,70,,3430,19,4,,0,20,,3399,19,4,,0,80,,3400,19,4,,0,40,,3401,19,4,,0,80,,3402,19,4,,0,80,,3403,19,4,,0,40,,3404,19,4,,0
2601,'2',723,,3431,19,4,,0,80,,3432,19,4,,0,40,,3433,19,4,,0,80,,3434,19,4,,0,80,,3435,19,4,,0,40,,3436,19,4,,0,80,,3437,19,4,,0,30,,3444,19,4,,0,70,,3445,19,4,,0,30,,3446,19,4,,0,70,,3447,19,4,,0,30,,3448,19,4,,0,70,,3449,19,4,,0,30,,3450,19,4,,0,70,,3451,19,4,,0,31,,3452,19,4,,0,70,,3453,19,4,,0,30,,3454,19,4,,0,70,,3455,19,4,,0,30,,3456,19,4,,0,70,,3457,19,4,,0,30,,3458,19,4,,0,73,,3459,19,4,,0,76,,3438,19,4,,0,40,,3439,19,4,,0,80,,3440,19,4,,0,80,,3441,19,4,,0,40,,3442,19,4,,0
2601,'3',923,,3460,19,4,,0,80,,3461,19,4,,0,40,,3462,19,4,,0,80,,3463,19,4,,0,80,,3464,19,4,,0,40,,3465,19,4,,0,80,,3466,19,4,,0,80,,3467,19,4,,0,40,,3468,19,4,,0,80,,3469,19,4,,0,80,,3470,19,4,,0,40,,3471,19,4,,0,80,,3472,19,4,,0,80,,3473,19,4,,0,40,,3474,19,4,,0,80,,3475,19,4,,0,80,,3476,19,4,,0,40,,3477,19,4,,0,80,,3478,19,4,,0,34,,3479,19,4,,0
2700,'1',638,,3490,1,,,0,70,,3491,1,,,0,30,,3492,1,,,0,70,,3493,1,,,0,30,,3494,1,,,0,70,,3495,1,,,0,30,,3496,1,,,0,70,,3497,1,,,0,30,,3498,1,,,0,170,,3500,1,,,0,30,,3501,1,,,0,70,,3502,1,,,0,30,,3503,1,,,0,70,,3504,1,,,0,30,,3505,1,,,0,70,,3506,1,,,0,30,,3507,1,,,0,70,,3508,1,,,0,30,,3509,1,,,0,70,,3510,1,,,0,30,,3511,1,,,0,70,,3512,1,,,0,40,,3482,1,,,0,80,,3483,1,,,0,80,,3484,1,,,0,40,,3485,1,,,0,80,,3486,1,,,0,80,,3487,1,,,0,40,,3488,1,,,0,80,,3489,1,,,0
2700,'2',648,,3514,1,,,0,80,,3515,1,,,0,80,,3516,1,,,0,40,,3517,1,,,0,80,,3518,1,,,0,80,,3519,1,,,0,40,,3520,1,,,0,80,,3521,1,,,0,30,,3528,1,,,0,70,,3529,1,,,0,30,,3530,1,,,0,70,,3531,1,,,0,30,,3532,1,,,0,70,,3533,1,,,0,30,,3534,1,,,0,70,,3535,1,,,0,30,,3536,1,,,0,70,,3537,1,,,0,30,,3538,1,,,0,70,,3539,1,,,0,30,,3540,1,,,0,70,,3541,1,,,0,30,,3542,1,,,0,70,,3543,1,,,0,80,,3522,1,,,0,40,,3523,1,,,0,80,,3524,1,,,0,80,,3525,1,,,0,40,,3526,1,,,0,80,,3527,1,,,0
2700,'3',828,,3544,1,,,0,80,,3545,1,,,0,40,,3546,1,,,0,80,,3547,1,,,0,80,,3548,1,,,0,40,,3549,1,,,0,80,,3550,1,,,0,80,,3551,1,,,0,40,,3552,1,,,0,80,,3553,1,,,0,80,,3554,1,,,0,40,,3555,1,,,0,80,,3556,1,,,0,80,,3557,1,,,0,40,,3558,1,,,0,80,,3559,1,,,0,80,,3560,1,,,0,40,,3561,1,,,0,80,,3562,1,,,0,80,,3563,1,,,0
2701,'1',605,,3596,19,4,,0,40,,3572,19,4,,0,70,,3573,19,4,,0,32,,3574,19,4,,0,70,,3575,19,4,,0,30,,3576,19,4,,0,100,,3577,19,4,,0,70,,3578,19,4,,0,30,,3579,19,4,,0,70,,3580,19,4,,0,30,,3581,19,4,,0,70,,3582,19,4,,0,30,,3583,19,4,,0,70,,3584,19,4,,0,30,,3585,19,4,,0,70,,3586,19,4,,0,30,,3587,19,4,,0,70,,3588,19,4,,0,31,,3589,19,4,,0,70,,3590,19,4,,0,30,,3591,19,4,,0,70,,3592,19,4,,0,30,,3593,19,4,,0,70,,3594,19,4,,0,30,,3595,19,4,,0,77,,3564,19,4,,0,80,,3565,19,4,,0,40,,3566,19,4,,0,80,,3567,19,4,,0,80,,3568,19,4,,0,40,,3569,19,4,,0,80,,3570,19,4,,0
2701,'2',644,,3597,19,4,,0,80,,3598,19,4,,0,80,,3599,19,4,,0,40,,3600,19,4,,0,80,,3601,19,4,,0,80,,3602,19,4,,0,40,,3603,19,4,,0,80,,3604,19,4,,0,80,,3605,19,4,,0,32,,3606,19,4,,0,70,,3613,19,4,,0,30,,3614,19,4,,0,70,,3615,19,4,,0,30,,3616,19,4,,0,70,,3617,19,4,,0,31,,3618,19,4,,0,70,,3619,19,4,,0,30,,3620,19,4,,0,70,,3621,19,4,,0,30,,3622,19,4,,0,70,,3623,19,4,,0,30,,3624,19,4,,0,70,,3625,19,4,,0,30,,3626,19,4,,0,68,,3627,19,4,,0,40,,3607,19,4,,0,80,,3608,19,4,,0,80,,3609,19,4,,0,40,,3610,19,4,,0,80,,3611,19,4,,0
2701,'3',907,,3628,19,4,,0,40,,3629,19,4,,0,80,,3630,19,4,,0,80,,3631,19,4,,0,40,,3632,19,4,,0,80,,3633,19,4,,0,80,,3634,19,4,,0,40,,3635,19,4,,0,80,,3636,19,4,,0,80,,3637,19,4,,0,40,,3638,19,4,,0,80,,3639,19,4,,0,80,,3640,19,4,,0,40,,3641,19,4,,0,80,,3642,19,4,,0,80,,3643,19,4,,0,40,,3644,19,4,,0,80,,3645,19,4,,0,80,,3646,19,4,,0
2900,'1',708,,3647,1,,,0,40,,3649,1,,,0,80,,3650,1,,,0,80,,3651,1,,,0,40,,3652,1,,,0,80,,3653,1,,,0,80,,3654,1,,,0,40,,3655,1,,,0,80,,3656,1,,,0,80,,3657,1,,,0,40,,3658,1,,,0,80,,3659,1,,,0,80,,3660,1,,,0,40,,3661,1,,,0,80,,3662,1,,,0,80,,3663,1,,,0,40,,3664,1,,,0
2901,'1',705,,3665,27,4,,0,40,,3666,27,4,,0,80,,3667,27,4,,0,80,,3668,27,4,,0,40,,3669,27,4,,0,80,,3670,27,4,,0,80,,3671,27,4,,0,40,,3672,27,4,,0,80,,3673,27,4,,0,80,,3674,27,4,,0,40,,3675,27,4,,0,80,,3682,27,4,,0,80,,3676,27,4,,0,40,,3677,27,4,,0,80,,3678,27,4,,0,80,,3679,27,4,,0,40,,3680,27,4,,0,80,,3681,27,4,,0
5000,'1',635,,4477,1,,,0,80,,4478,1,,,0,40,,4479,1,,,0,80,,4480,1,,,0,80,,4481,1,,,0,40,,4482,1,,,0,80,,4483,1,,,0,80,,4484,1,,,0,40,,4485,1,,,0,80,,4486,1,,,0,80,,4487,1,,,0,40,,4488,1,,,0,80,,4489,1,,,0,80,,4490,1,,,0,40,,4491,1,,,0,80,,4492,1,,,0,80,,4493,1,,,0,40,,4494,1,,,0,80,,4495,1,,,0,103,,4496,1,,,0,100,,4497,1,,,0,100,,4498,1,,,0,100,,4499,1,,,0,100,,4500,1,,,0
5000,'2',638,,4502,1,,,0,100,,4503,1,,,0,100,,4504,1,,,0,100,,4505,1,,,0,100,,4506,1,,,0,77,,4507,1,,,0,40,,4508,1,,,0,80,,4509,1,,,0,80,,4510,1,,,0,40,,4511,1,,,0,80,,4512,1,,,0,80,,4513,1,,,0,40,,4514,1,,,0,80,,4515,1,,,0,80,,4516,1,,,0,40,,4517,1,,,0,80,,4518,1,,,0,103,,4519,1,,,0,100,,4520,1,,,0,100,,4521,1,,,0,100,,4522,1,,,0
5000,'3',938,,4524,1,,,0,100,,4525,1,,,0,100,,4528,1,,,0,100,,4529,1,,,0,100,,4530,1,,,0,100,,4531,1,,,0,100,,4532,1,,,0,100,,4533,1,,,0,100,,4534,1,,,0,100,,4535,1,,,0,100,,4526,1,,,0,100,,4527,1,,,0
5001,'1',610,,4536,21,4,,0,40,,4537,21,4,,0,80,,4538,21,4,,0,80,,4539,21,4,,0,40,,4540,21,4,,0,80,,4541,21,4,,0,80,,4542,21,4,,0,40,,4543,21,4,,0,80,,4544,21,4,,0,80,,4545,21,4,,0,40,,4546,21,4,,0,80,,4547,21,4,,0,80,,4548,21,4,,0,40,,4549,21,4,,0,80,,4550,21,4,,0,80,,4551,21,4,,0,40,,4552,21,4,,0,80,,4553,21,4,,0,80,,4554,21,4,,0,40,,4555,21,4,,0,84,,4556,21,4,,0,100,,4557,21,4,,0,100,,4558,21,4,,0
5001,'12901',848,,4561,12,4,,0,80,,4562,12,4,,0
5001,'2',734,,4563,21,4,,0,100,,4564,21,4,,0,100,,4565,21,4,,0,100,,4566,21,4,,0,96,,4567,21,4,,0,80,,4568,21,4,,0,40,,4569,21,4,,0,80,,4570,21,4,,0,80,,4571,21,4,,0,40,,4572,21,4,,0,80,,4573,21,4,,0,80,,4574,21,4,,0,40,,4575,21,4,,0,80,,4576,21,4,,0,80,,4577,21,4,,0,40,,4578,21,4,,0,84,,4579,21,4,,0,100,,4580,21,4,,0,100,,4581,21,4,,0
5001,'3',934,,4586,21,4,,0,100,,4587,21,4,,0,100,,4588,21,4,,0,100,,4589,21,4,,0,100,,4590,21,4,,0,100,,4591,21,4,,0,100,,4592,21,4,,0,100,,4593,21,4,,0,100,,4594,21,4,,0,100,,4595,21,4,,0,100,,4583,21,4,,0,100,,4584,21,4,,0,95,,4585,21,4,,0
5500,'1',615,,4596,1,,,0,40,,4597,1,,,0,80,,4598,1,,,0,80,,4599,1,,,0,40,,4600,1,,,0,80,,4601,1,,,0,80,,4602,1,,,0,40,,4603,1,,,0,80,,4604,1,,,0,80,,4605,1,,,0,40,,4606,1,,,0,80,,4607,1,,,0,80,,4608,1,,,0,40,,4609,1,,,0,80,,4610,1,,,0,80,,4611,1,,,0,40,,4612,1,,,0,80,,4613,1,,,0,80,,4614,1,,,0,40,,4615,1,,,0,153,,4616,1,,,0,100,,4617,1,,,0,100,,4618,1,,,0,100,,4619,1,4,,0
5500,'1201',1605,,4622,1,,,0
5500,'12901',1605,,4623,1,,,0
5500,'2',908,,4625,1,,,0,100,,4626,1,,,0,97,,4627,1,,,0,30,,4628,1,,,0,80,,4629,1,,,0,40,,4630,1,,,0,80,,4631,1,,,0,80,,4632,1,,,0,40,,4633,1,,,0,80,,4634,1,,,0,80,,4635,1,,,0,40,,4636,1,,,0,80,,4637,1,,,0,80,,4638,1,,,0,40,,4639,1,,,0,153,,4640,1,,,0,100,,4641,1,,,0,100,,4642,1,,,0
5500,'3',908,,4644,1,,,0,100,,4645,1,,,0,100,,4646,1,,,0,100,,4647,1,,,0,100,,4648,1,,,0,100,,4649,1,,,0,100,,4650,1,,,0,100,,4651,1,,,0,100,,4652,1,,,0,100,,4653,1,,,0,100,,4654,1,,,0,100,,4655,1,,,0,100,,4656,1,,,0
5501,'1',630,,4681,22,4,,0,80,,4657,22,4,,0,40,,4658,22,4,,0,80,,4659,22,4,,0,80,,4660,22,4,,0,40,,4661,22,4,,0,80,,4662,22,4,,0,80,,4663,22,4,,0,40,,4664,22,4,,0,80,,4665,22,4,,0,80,,4666,22,4,,0,40,,4667,22,4,,0,80,,4668,22,4,,0,80,,4669,22,4,,0,40,,4670,22,4,,0,80,,4671,22,4,,0,80,,4672,22,4,,0,40,,4673,22,4,,0,80,,4674,22,4,,0,70,,4675,22,4,,0,104,,4676,22,4,,0,100,,4677,22,4,,0,100,,4678,22,4,,0,100,,4679,22,4,,0
5501,'12901',748,,4684,12,4,,0,160,,4682,12,4,,0,40,,4683,12,4,,0
5501,'13001',908,,4686,12,4,,0,40,,4685,12,4,,0
5501,'2',704,,4706,22,4,,0,100,,4687,22,4,,0,100,,4688,22,4,,0,100,,4689,22,4,,0,100,,4690,22,4,,0,51,,4691,22,4,,0,75,,4692,22,4,,0,80,,4693,22,4,,0,40,,4694,22,4,,0,80,,4695,22,4,,0,80,,4696,22,4,,0,40,,4697,22,4,,0,80,,4698,22,4,,0,80,,4699,22,4,,0,40,,4700,22,4,,0,80,,4701,22,4,,0,70,,4702,22,4,,0,104,,4703,22,4,,0,100,,4704,22,4,,0
5501,'3',1004,,4707,22,4,,0,100,,4708,22,4,,0,100,,4709,22,4,,0,100,,4710,22,4,,0,100,,4711,22,4,,0,100,,4712,22,4,,0,100,,4713,22,4,,0,100,,4714,22,4,,0,100,,4715,22,4,,0,100,,4716,22,4,,0,100,,4717,22,4,,0,100,,4718,22,4,,0
