100,4484,1,0,0
100,4485,2,0,0
100,4486,3,0,0
100,3984,4,0,0
100,5956,5,0,0
100,5524,6,0,0
100,5490,7,0,0
100,3885,8,0,0
100,3889,9,0,0
100,3888,10,0,0
100,3886,11,0,0
100,3983,12,0,0
100,5896,13,0,0
100,4066,14,0,0
100,4047,15,0,0
100,4051,16,0,0
100,3324,17,0,0
100,3332,18,0,0
100,3358,19,0,0
100,3344,20,0,0
100,4287,21,0,0
100,3276,22,0,0
100,3279,23,0,0
100,3281,24,0,0
100,5899,25,1,1
101,5412,1,0,0
101,3280,2,0,0
101,3278,3,0,0
101,3275,4,0,0
101,4000,5,0,0
101,3345,6,0,0
101,3357,7,0,0
101,3333,8,0,0
101,4053,9,0,0
101,4050,10,0,0
101,4046,11,0,0
101,5824,12,0,0
101,5339,13,0,0
101,3179,14,0,0
101,3182,15,0,0
101,4302,16,0,0
101,3356,17,0,0
101,4301,18,0,0
101,6020,19,0,0
101,3621,20,0,0
101,3630,21,0,0
101,3627,22,0,0
101,3029,23,0,0
101,4484,24,1,1
200,5413,1,0,0
200,3078,2,0,0
200,3077,3,0,0
200,3123,4,0,0
200,3083,5,0,0
200,3087,6,0,0
200,3091,7,0,0
200,3096,8,0,0
200,3101,9,0,0
200,3104,10,0,0
200,3106,11,0,0
200,3108,12,0,0
200,3112,13,0,0
200,4014,14,0,0
200,4004,15,0,0
200,4003,16,0,0
200,3413,17,0,0
200,3973,18,0,0
200,3415,19,0,0
200,3533,20,0,0
200,3071,21,0,0
200,3501,22,0,0
200,3118,23,0,0
200,3116,24,0,0
200,4169,25,0,0
200,3907,26,0,0
200,5912,27,1,1
201,5912,1,0,0
201,4174,2,0,0
201,3652,3,0,0
201,5731,4,0,0
201,5732,5,0,0
201,5733,6,0,0
201,5734,7,0,0
201,5730,8,0,0
201,5729,9,0,0
201,5735,10,0,0
201,5368,11,0,0
201,5736,12,0,0
201,3115,13,0,0
201,3113,14,0,0
201,3109,15,0,0
201,3107,16,0,0
201,3105,17,0,0
201,3102,18,0,0
201,3098,19,0,0
201,3095,20,0,0
201,3092,21,0,0
201,3088,22,0,0
201,3084,23,0,0
201,4287,24,0,0
201,3276,25,0,0
201,3279,26,0,0
201,3281,27,0,0
201,5413,28,1,1
300,5415,1,0,0
300,3138,2,0,0
300,3139,3,0,0
300,5830,4,0,0
300,5831,5,0,0
300,5832,6,0,0
300,5833,7,0,0
300,5792,8,0,0
300,3189,9,0,0
300,4431,10,0,0
300,3190,11,0,0
300,4437,12,0,0
300,4438,13,0,0
300,3957,14,0,0
300,3935,15,0,0
300,4436,16,0,0
300,5714,17,0,0
300,5374,18,1,1
301,5374,1,0,0
301,3497,2,0,0
301,3495,3,0,0
301,5364,4,0,0
301,3494,5,0,0
301,5715,6,0,0
301,4116,7,0,0
301,4158,8,0,0
301,5843,9,0,0
301,5800,10,0,0
301,5834,11,0,0
301,5835,12,0,0
301,5836,13,0,0
301,5837,14,0,0
301,3140,15,0,0
301,3076,16,0,0
301,3159,17,0,0
301,5414,18,1,1
401,5868,1,0,0
401,5869,2,0,0
401,5873,3,0,0
401,5599,4,0,0
401,3993,5,0,0
401,5597,6,0,0
401,3739,7,0,0
401,4166,8,0,0
401,5935,9,0,0
401,4163,10,0,0
401,3187,11,0,0
401,3176,12,0,0
401,3294,13,0,0
401,3292,14,0,0
401,5899,15,1,1
401,5415,16,1,1
500,3168,1,0,0
500,3169,2,0,0
500,5897,3,1,1
500,5413,4,0,0
500,3143,5,0,0
500,3160,6,0,0
500,3162,7,0,0
500,4333,8,0,0
500,3158,9,0,0
500,3146,10,0,0
500,3150,11,0,0
500,5833,12,0,0
500,5792,13,0,0
500,5793,14,0,0
500,3133,15,0,0
500,3666,16,0,0
500,3664,17,0,0
500,3661,18,0,0
500,3660,19,0,0
500,3658,20,0,0
500,5551,21,0,0
500,3193,22,0,0
500,3500,23,0,0
500,3620,24,0,0
500,3650,25,0,0
500,3141,26,0,0
500,4169,27,0,0
500,3907,28,0,0
500,5912,29,1,1
500,5911,30,1,1
500,5415,31,1,1
501,5912,1,0,0
501,4174,2,0,0
501,5794,3,0,0
501,5795,4,0,0
501,5788,5,0,0
501,5796,6,0,0
501,5797,7,0,0
501,5799,8,0,0
501,3657,9,0,0
501,3659,10,0,0
501,3662,11,0,0
501,3663,12,0,0
501,3653,13,0,0
501,3665,14,0,0
501,3669,15,0,0
501,5800,16,0,0
501,5804,17,0,0
501,5957,18,0,0
501,3145,19,0,0
501,4332,20,0,0
501,3163,21,0,0
501,3161,22,0,0
501,3159,23,0,0
501,5413,24,1,1
501,5414,25,0,0
501,3293,26,0,0
501,3168,27,1,1
501,5900,28,1,1
600,5900,1,0,0
600,3280,2,0,0
600,3278,3,0,0
600,3275,4,0,0
600,4000,5,0,0
600,3345,6,0,0
600,3357,7,0,0
600,3333,8,0,0
600,4053,9,0,0
600,4050,10,0,0
600,4046,11,0,0
600,5824,12,0,0
600,4065,13,0,0
600,4059,14,0,0
600,4057,15,0,0
600,4055,16,0,0
600,4063,17,0,0
600,3198,18,0,0
600,3513,19,0,0
600,3508,20,0,0
600,3511,21,0,0
600,3514,22,0,0
600,5809,23,0,0
600,5810,24,0,0
600,5811,25,0,0
600,3806,26,0,0
600,5812,27,0,0
600,5606,28,0,0
600,5813,29,0,0
600,5519,30,0,0
600,5473,31,0,0
600,5906,32,1,1
601,5906,1,0,0
601,3873,2,0,0
601,3875,3,0,0
601,3426,4,0,0
601,3419,5,0,0
601,3588,6,0,0
601,3167,7,0,0
601,3165,8,0,0
601,3166,9,0,0
601,3188,10,0,0
601,3420,11,0,0
601,3428,12,0,0
601,5822,13,0,0
601,5607,14,0,0
601,5823,15,0,0
601,3510,16,0,0
601,3506,17,0,0
601,3507,18,0,0
601,3883,19,0,0
601,3416,20,0,0
601,3560,21,0,0
601,4016,22,0,0
601,5453,23,0,0
601,4064,24,0,0
601,4056,25,0,0
601,4058,26,0,0
601,4060,27,0,0
601,4066,28,0,0
601,4047,29,0,0
601,4051,30,0,0
601,3324,31,0,0
601,3332,32,0,0
601,3358,33,0,0
601,3344,34,0,0
601,3074,35,0,0
601,3075,36,0,0
601,3076,37,0,0
601,3159,38,0,0
601,5902,39,1,1
601,5900,40,1,1
700,5899,1,0,0
700,3807,2,0,0
700,4324,3,0,0
700,4325,4,0,0
700,4326,5,0,0
700,3241,6,0,0
700,3222,7,0,0
700,3224,8,0,0
700,3225,9,0,0
700,3229,10,0,0
700,3232,11,0,0
700,3622,12,0,0
700,3233,13,0,0
700,3237,14,0,0
700,5764,15,0,0
700,5765,16,0,0
700,5766,17,0,0
700,5767,18,0,0
700,5710,19,0,0
700,3447,20,0,0
700,4383,21,0,0
700,4384,22,0,0
700,4385,23,0,0
700,4354,24,0,0
700,4316,25,0,0
700,4368,26,0,0
700,4320,27,0,0
700,4305,28,0,0
700,4307,29,0,0
700,4373,30,0,0
700,4321,31,0,0
700,5770,32,0,0
700,3526,33,0,0
700,3948,34,0,0
700,4176,35,0,0
700,4178,36,0,0
700,3907,37,0,0
700,5912,38,1,1
701,5912,1,0,0
701,4179,2,0,0
701,4177,3,0,0
701,4175,4,0,0
701,3527,5,0,0
701,3525,6,0,0
701,3524,7,0,0
701,3912,8,0,0
701,3913,9,0,0
701,3257,10,0,0
701,3255,11,0,0
701,3256,12,0,0
701,3258,13,0,0
701,4282,14,0,0
701,5768,15,0,0
701,5769,16,0,0
701,5785,17,0,0
701,5770,18,0,0
701,5771,19,0,0
701,5725,20,0,0
701,5772,21,0,0
701,3242,22,0,0
701,5782,23,0,0
701,3235,24,0,0
701,3238,25,0,0
701,3234,26,0,0
701,3239,27,0,0
701,3231,28,0,0
701,3230,29,0,0
701,3226,30,0,0
701,3223,31,0,0
701,3221,32,0,0
701,4315,33,0,0
701,4313,34,0,0
701,5608,35,0,0
701,4312,36,0,0
701,4311,37,0,0
701,4310,38,0,0
701,3163,39,0,0
701,3161,40,0,0
701,3159,41,0,0
701,5412,42,1,1
800,5901,1,0,0
800,3078,2,0,0
800,3077,3,0,0
800,5756,4,0,0
800,3072,5,0,0
800,4043,6,0,0
800,4371,7,0,0
800,3362,8,0,0
800,3339,9,0,0
800,3363,10,0,0
800,3349,11,0,0
800,3328,12,0,0
800,3341,13,0,0
800,5737,14,0,0
800,3351,15,0,0
800,3334,16,0,0
800,4448,17,0,0
800,3323,18,0,0
800,5557,19,0,0
800,5909,20,1,1
801,5909,1,0,0
801,5556,2,0,0
801,4172,3,0,0
801,3335,4,0,0
801,3352,5,0,0
801,3338,6,0,0
801,3342,7,0,0
801,3337,8,0,0
801,3350,9,0,0
801,3327,10,0,0
801,3340,11,0,0
801,3331,12,0,0
801,3969,13,0,0
801,4042,14,0,0
801,3073,15,0,0
801,3276,16,0,0
801,3279,17,0,0
801,5901,18,1,1
900,5414,1,0,0
900,3280,2,0,0
900,3278,3,0,0
900,3275,4,0,0
900,4000,5,0,0
900,5663,6,0,0
900,5758,7,0,0
900,5759,8,0,0
900,5760,9,0,0
900,3474,10,0,0
900,3472,11,0,0
900,3470,12,0,0
900,3063,13,0,0
900,3067,14,0,0
900,3489,15,0,0
900,3486,16,0,0
900,3491,17,0,0
900,3609,18,0,0
900,3608,19,0,0
900,5761,20,0,0
900,3606,21,0,0
900,3604,22,0,0
900,3499,23,0,0
900,3967,24,0,0
900,3219,25,0,0
900,4390,26,0,0
900,4391,27,0,0
900,4492,28,0,0
900,3085,29,0,0
900,5384,30,0,0
900,5525,31,0,0
900,5997,32,0,0
900,5426,33,0,0
900,5864,34,0,0
900,3798,35,0,0
900,3800,36,0,0
900,3799,37,0,0
900,4212,38,0,0
900,3745,39,0,0
900,4243,40,0,0
900,4244,41,0,0
900,4242,42,0,0
900,3114,43,0,0
900,5571,44,0,0
900,5567,45,0,0
900,3762,46,0,0
900,3765,47,0,0
900,3758,48,0,0
900,3757,49,0,0
900,3759,50,0,0
900,4117,51,0,0
900,3994,52,0,0
900,4251,53,0,0
900,3069,54,0,0
900,4202,55,0,0
900,4422,56,0,0
900,3907,57,0,0
900,5912,58,1,1
900,5911,59,1,1
901,5912,1,0,0
901,4174,2,0,0
901,4074,3,0,0
901,4054,4,0,0
901,3053,5,0,0
901,3707,6,0,0
901,4365,7,0,0
901,3756,8,0,0
901,5370,9,0,0
901,5449,10,0,0
901,4069,11,0,0
901,3197,12,0,0
901,5570,13,0,0
901,5388,14,0,0
901,5389,15,0,0
901,5546,16,0,0
901,5383,17,0,0
901,3119,18,0,0
901,4072,19,0,0
901,5561,20,0,0
901,5562,21,0,0
901,5563,22,0,0
901,5564,23,0,0
901,5565,24,0,0
901,3038,25,0,0
901,3034,26,0,0
901,3031,27,0,0
901,4001,28,0,0
901,3603,29,0,0
901,5762,30,0,0
901,3607,31,0,0
901,3492,32,0,0
901,5753,33,0,0
901,3488,34,0,0
901,3068,35,0,0
901,3467,36,0,0
901,4344,37,0,0
901,3473,38,0,0
901,5752,39,0,0
901,5743,40,0,0
901,5755,41,0,0
901,5756,42,0,0
901,3276,43,0,0
901,3279,44,0,0
901,3281,45,0,0
901,5899,46,1,1
901,5415,47,1,1
1000,5904,1,0,0
1000,5431,2,0,0
1000,4192,3,0,0
1000,4187,4,0,0
1000,4450,5,0,0
1000,4180,6,0,0
1000,4190,7,0,0
1000,4185,8,0,0
1000,4182,9,0,0
1000,3569,10,0,0
1000,4032,11,0,0
1000,3572,12,0,0
1000,4348,13,0,0
1000,5953,14,0,0
1000,5355,15,0,0
1000,3578,16,0,0
1000,3390,17,0,0
1000,3368,18,0,0
1000,3383,19,0,0
1000,3388,20,0,0
1000,5909,21,1,1
1001,5909,1,0,0
1001,3380,2,0,0
1001,3369,3,0,0
1001,3579,4,0,0
1001,3590,5,0,0
1001,3373,6,0,0
1001,3554,7,0,0
1001,3556,8,0,0
1001,3571,9,0,0
1001,3814,10,0,0
1001,3568,11,0,0
1001,4181,12,0,0
1001,3979,13,0,0
1001,4191,14,0,0
1001,4189,15,0,0
1001,4449,16,0,0
1001,4188,17,0,0
1001,4193,18,0,0
1001,5904,19,1,1
1100,5415,1,0,0
1100,3199,2,0,0
1100,3201,3,0,0
1100,5558,4,0,0
1100,3725,5,0,0
1100,3723,6,0,0
1100,3721,7,0,0
1100,3309,8,0,0
1100,3311,9,0,0
1100,3305,10,0,0
1100,3303,11,0,0
1100,4419,12,0,0
1100,3273,13,0,0
1100,5372,14,0,0
1100,4425,15,0,0
1100,5656,16,0,0
1100,3134,17,0,0
1100,3254,18,0,0
1100,3252,19,0,0
1100,3253,20,0,0
1100,3248,21,0,0
1100,3480,22,0,0
1100,4398,23,0,0
1100,4399,24,0,0
1100,4396,25,0,0
1100,4386,26,0,0
1100,5560,27,0,0
1100,5828,28,0,0
1100,5829,29,0,0
1100,5404,30,0,0
1100,5914,31,0,0
1100,5916,32,0,0
1100,5653,33,0,0
1100,5844,34,1,1
1101,5844,1,0,0
1101,5401,2,0,0
1101,5840,3,0,0
1101,5642,4,0,0
1101,5643,5,0,0
1101,5644,6,0,0
1101,5645,7,0,0
1101,3288,8,0,0
1101,5627,9,0,0
1101,3443,10,0,0
1101,3446,11,0,0
1101,3445,12,0,0
1101,3444,13,0,0
1101,3442,14,0,0
1101,4394,15,0,0
1101,4395,16,0,0
1101,3268,17,0,0
1101,3483,18,0,0
1101,3250,19,0,0
1101,3249,20,0,0
1101,3247,21,0,0
1101,5750,22,0,0
1101,5700,23,0,0
1101,5657,24,0,0
1101,5655,25,0,0
1101,5373,26,0,0
1101,4433,27,0,0
1101,3304,28,0,0
1101,3306,29,0,0
1101,3312,30,0,0
1101,3310,31,0,0
1101,3722,32,0,0
1101,4366,33,0,0
1101,3437,34,0,0
1101,3978,35,0,0
1101,3285,36,0,0
1101,5897,37,1,1
1101,5415,38,1,1
1101,5414,39,1,1
1200,5412,1,0,0
1200,3282,2,0,0
1200,3171,3,0,0
1200,4370,4,0,0
1200,3727,5,0,0
1200,3723,6,0,0
1200,3721,7,0,0
1200,3309,8,0,0
1200,3311,9,0,0
1200,3305,10,0,0
1200,3303,11,0,0
1200,3301,12,0,0
1200,3775,13,0,0
1200,3774,14,0,0
1200,3777,15,0,0
1200,3771,16,0,0
1200,3399,17,0,0
1200,4480,18,0,0
1200,3409,19,0,0
1200,3405,20,0,0
1200,3403,21,0,0
1200,3401,22,0,0
1200,4447,23,0,0
1200,4446,24,0,0
1200,4292,25,0,0
1200,3441,26,0,0
1200,3440,27,0,0
1200,3985,28,0,0
1200,3717,29,0,0
1200,4108,30,0,0
1200,4107,31,0,0
1200,3998,32,0,0
1200,3433,33,0,0
1200,3435,34,0,0
1200,3616,35,0,0
1200,5846,36,0,0
1200,3926,37,0,0
1200,3928,38,0,0
1200,3755,39,0,0
1200,3731,40,0,0
1200,3732,41,0,0
1200,3736,42,0,0
1200,5908,43,1,1
1201,5908,1,0,0
1201,3733,2,0,0
1201,3754,3,0,0
1201,3925,4,0,0
1201,3927,5,0,0
1201,5848,6,0,0
1201,3619,7,0,0
1201,3438,8,0,0
1201,3431,9,0,0
1201,3996,10,0,0
1201,3997,11,0,0
1201,3430,12,0,0
1201,3436,13,0,0
1201,3432,14,0,0
1201,3439,15,0,0
1201,4293,16,0,0
1201,4445,17,0,0
1201,3407,18,0,0
1201,3400,19,0,0
1201,3402,20,0,0
1201,3406,21,0,0
1201,3410,22,0,0
1201,4227,23,0,0
1201,3772,24,0,0
1201,3778,25,0,0
1201,3773,26,0,0
1201,3776,27,0,0
1201,3302,28,0,0
1201,3304,29,0,0
1201,3306,30,0,0
1201,3312,31,0,0
1201,3310,32,0,0
1201,3722,33,0,0
1201,4366,34,0,0
1201,3437,35,0,0
1201,3978,36,0,0
1201,3285,37,0,0
1201,5897,38,1,1
1400,5415,1,0,0
1400,3199,2,0,0
1400,3201,3,0,0
1400,3287,4,0,0
1400,3523,5,0,0
1400,3273,6,0,0
1400,5380,7,0,0
1400,5381,8,0,0
1400,3479,9,0,0
1400,3274,10,0,0
1400,5379,11,0,0
1400,4221,12,0,0
1400,4220,13,0,0
1400,3793,14,0,0
1400,3538,15,0,0
1400,4266,16,0,0
1400,4006,17,0,0
1400,4007,18,0,0
1400,4008,19,0,0
1400,4009,20,0,0
1400,3812,21,0,0
1400,3808,22,0,0
1400,3811,23,0,0
1400,3299,24,0,0
1400,3459,25,0,0
1400,4216,26,0,0
1400,3460,27,0,0
1400,5602,28,1,1
1401,5602,1,0,0
1401,3710,2,0,0
1401,4372,3,0,0
1401,3485,4,0,0
1401,3809,5,0,0
1401,3296,6,0,0
1401,3999,7,0,0
1401,3300,8,0,0
1401,3801,9,0,0
1401,3803,10,0,0
1401,3805,11,0,0
1401,4380,12,0,0
1401,4382,13,0,0
1401,4441,14,0,0
1401,4381,15,0,0
1401,3810,16,0,0
1401,3522,17,0,0
1401,3520,18,0,0
1401,5416,19,0,0
1401,4093,20,0,0
1401,4263,21,0,0
1401,4434,22,0,0
1401,3728,23,0,0
1401,3729,24,0,0
1401,5382,25,0,0
1401,3697,26,0,0
1401,3477,27,0,0
1401,3683,28,0,0
1401,5373,29,0,0
1401,3289,30,0,0
1401,3290,31,0,0
1401,3209,32,0,0
1401,3202,33,0,0
1401,3283,34,0,0
1401,5415,35,1,1
1401,5902,36,1,1
1500,5913,1,0,0
1500,3279,2,0,0
1500,5413,3,1,1
1500,5415,4,1,1
1500,3164,5,1,1
1501,3164,1,0,0
1501,5913,2,1,1
1600,5902,1,0,0
1600,3282,2,0,0
1600,3170,3,0,0
1600,3172,4,0,0
1600,3173,5,0,0
1600,3175,6,0,0
1600,3186,7,0,0
1600,4162,8,0,0
1600,5904,9,0,0
1600,5391,10,0,0
1600,5392,11,0,0
1600,4161,12,0,0
1600,3747,13,0,0
1600,3859,14,0,0
1600,3856,15,0,0
1600,3865,16,0,0
1600,3868,17,0,0
1600,5998,18,0,0
1600,3313,19,0,0
1600,3423,20,0,0
1600,5728,21,0,0
1600,3429,22,0,0
1600,3427,23,0,0
1600,3426,24,0,0
1600,3419,25,0,0
1600,3588,26,0,0
1600,3167,27,0,0
1600,3165,28,0,0
1600,3166,29,0,0
1600,3188,30,0,0
1600,3420,31,0,0
1600,3428,32,0,0
1600,5473,33,0,0
1600,5906,34,1,1
1601,5906,1,0,0
1601,3873,2,0,0
1601,3875,3,0,0
1601,4217,4,0,0
1601,5721,5,0,0
1601,5722,6,0,0
1601,5612,7,0,0
1601,5805,8,0,0
1601,5826,9,0,0
1601,5806,10,0,0
1601,3867,11,0,0
1601,3855,12,0,0
1601,3860,13,0,0
1601,3857,14,0,0
1601,3863,15,0,0
1601,3746,16,0,0
1601,4166,17,0,0
1601,5935,18,0,0
1601,4163,19,0,0
1601,3187,20,0,0
1601,3176,21,0,0
1601,3174,22,0,0
1601,5902,23,1,1
1700,5908,1,0,0
1700,3735,2,0,0
1700,3531,3,0,0
1700,3993,4,0,0
1700,4374,5,0,0
1700,4375,6,0,0
1700,4329,7,0,0
1700,3990,8,0,0
1700,4343,9,0,0
1700,4077,10,0,0
1700,4078,11,0,0
1700,5742,12,0,0
1700,5741,13,0,0
1700,5904,14,0,0
1700,5935,15,0,0
1700,4163,16,0,0
1700,4154,17,0,0
1700,4142,18,0,0
1700,4123,19,0,0
1700,4120,20,0,0
1700,4118,21,0,0
1700,4134,22,0,0
1700,4132,23,0,0
1700,4127,24,0,0
1700,4152,25,0,0
1700,4143,26,0,0
1700,3370,27,0,0
1700,5678,28,0,0
1700,5676,29,0,0
1700,5680,30,0,0
1700,5682,31,0,0
1700,5485,32,0,0
1700,5683,33,0,0
1700,3466,34,0,0
1700,5626,35,0,0
1700,5483,36,0,0
1700,5532,37,0,0
1700,5531,38,0,0
1700,5675,39,0,0
1700,5674,40,0,0
1700,5520,41,0,0
1700,5554,42,0,0
1700,4345,43,0,0
1700,5333,44,0,0
1700,3714,45,0,0
1700,3715,46,0,0
1700,3716,47,0,0
1700,3719,48,0,0
1700,5475,49,0,0
1700,5476,50,0,0
1700,5482,51,0,0
1700,3465,52,1,1
1701,3465,1,0,0
1701,5681,2,0,0
1701,5679,3,0,0
1701,4156,4,0,0
1701,5677,5,0,0
1701,4150,6,0,0
1701,4144,7,0,0
1701,4153,8,0,0
1701,4128,9,0,0
1701,4130,10,0,0
1701,4133,11,0,0
1701,4135,12,0,0
1701,4148,13,0,0
1701,4121,14,0,0
1701,4124,15,0,0
1701,4141,16,0,0
1701,4149,17,0,0
1701,4162,18,0,0
1701,5903,19,0,0
1701,4076,20,0,0
1701,3787,21,0,0
1701,3991,22,0,0
1701,4328,23,0,0
1701,4379,24,0,0
1701,4378,25,0,0
1701,3992,26,0,0
1701,3532,27,0,0
1701,3737,28,0,0
1701,5908,29,1,1
1800,5909,1,0,0
1800,5751,2,0,0
1800,3372,3,0,0
1800,3382,4,0,0
1800,3378,5,0,0
1800,3389,6,0,0
1800,5429,7,0,0
1800,3375,8,0,0
1800,3374,9,0,0
1800,3366,10,0,0
1800,3386,11,0,0
1800,5757,12,0,0
1800,5744,13,0,0
1800,5745,14,0,0
1800,5746,15,0,0
1800,4030,16,0,0
1800,3911,17,0,0
1800,4472,18,0,0
1800,3910,19,0,0
1800,3909,20,0,0
1800,5747,21,0,0
1800,5748,22,0,0
1800,5749,23,0,0
1800,4479,24,0,0
1800,5919,25,0,0
1800,4417,26,0,0
1800,4416,27,0,0
1800,4413,28,0,0
1800,4414,29,0,0
1800,3001,30,0,0
1800,3003,31,0,0
1800,4228,32,0,0
1800,4229,33,0,0
1800,4231,34,0,0
1800,4232,35,0,0
1800,3007,36,0,0
1800,3006,37,0,0
1800,3739,38,0,0
1800,4166,39,0,0
1800,5904,40,1,1
1801,5904,1,0,0
1801,4076,2,0,0
1801,4077,3,0,0
1801,3008,4,0,0
1801,3005,5,0,0
1801,4234,6,0,0
1801,4230,7,0,0
1801,3002,8,0,0
1801,3004,9,0,0
1801,4410,10,0,0
1801,4411,11,0,0
1801,4412,12,0,0
1801,4415,13,0,0
1801,4418,14,0,0
1801,5920,15,0,0
1801,4033,16,0,0
1801,4035,17,0,0
1801,4031,18,0,0
1801,5458,19,0,0
1801,5459,20,0,0
1801,5460,21,0,0
1801,5461,22,0,0
1801,4196,23,0,0
1801,4199,24,0,0
1801,4197,25,0,0
1801,4198,26,0,0
1801,3822,27,0,0
1801,3387,28,0,0
1801,3367,29,0,0
1801,3379,30,0,0
1801,3376,31,0,0
1801,3365,32,0,0
1801,3377,33,0,0
1801,3381,34,0,0
1801,3371,35,0,0
1801,5909,36,1,1
1900,5910,1,0,0
1900,3380,2,0,0
1900,3369,3,0,0
1900,3579,4,0,0
1900,3429,5,0,0
1900,5432,6,0,0
1900,5433,7,0,0
1900,5434,8,0,0
1900,5435,9,0,0
1900,5821,10,0,0
1900,3829,11,0,0
1900,5906,12,0,0
1900,5855,13,0,0
1900,3844,14,0,0
1900,5856,15,0,0
1900,5857,16,0,0
1900,3639,17,0,0
1900,3631,18,0,0
1900,4010,19,0,0
1900,4011,20,0,0
1900,4013,21,0,0
1900,3688,22,0,0
1900,4337,23,0,0
1900,5859,24,0,0
1900,3885,25,0,0
1900,3889,26,0,0
1900,3888,27,0,0
1900,3886,28,0,0
1900,3884,29,0,0
1900,3898,30,0,0
1900,3895,31,0,0
1900,3891,32,0,0
1900,3074,33,0,0
1900,3075,34,0,0
1900,3076,35,0,0
1900,3159,36,0,0
1900,5412,37,1,1
1901,5897,1,0,0
1901,3078,2,0,0
1901,3077,3,0,0
1901,3890,4,0,0
1901,3893,5,0,0
1901,3220,6,0,0
1901,3896,7,0,0
1901,3897,8,0,0
1901,3024,9,0,0
1901,3026,10,0,0
1901,3027,11,0,0
1901,3028,12,0,0
1901,5456,13,0,0
1901,3986,14,0,0
1901,3157,15,0,0
1901,4167,16,0,0
1901,4081,17,0,0
1901,4168,18,0,0
1901,3638,19,0,0
1901,3632,20,0,0
1901,3626,21,0,0
1901,3636,22,0,0
1901,5858,23,0,0
1901,3878,24,0,0
1901,3970,25,0,0
1901,3743,26,0,0
1901,3392,27,0,0
1901,3830,28,0,0
1901,5906,29,1,1
1901,5905,30,0,0
1901,3873,31,0,0
1901,3875,32,0,0
1901,3874,33,0,0
1901,3872,34,0,0
1901,3871,35,0,0
1901,3422,36,0,0
1901,5721,37,0,0
1901,3578,38,0,0
1901,3390,39,0,0
1901,3368,40,0,0
1901,3383,41,0,0
1901,3388,42,0,0
1901,5910,43,1,1
2200,3164,1,0,0
2200,3143,2,0,0
2200,3160,3,0,0
2200,3162,4,0,0
2200,4324,5,0,0
2200,4325,6,0,0
2200,4326,7,0,0
2200,3241,8,0,0
2200,3222,9,0,0
2200,3224,10,0,0
2200,3225,11,0,0
2200,3229,12,0,0
2200,3232,13,0,0
2200,3622,14,0,0
2200,3233,15,0,0
2200,3237,16,0,0
2200,4005,17,0,0
2200,3690,18,0,0
2200,3691,19,0,0
2200,3692,20,0,0
2200,4129,21,0,0
2200,3262,22,0,0
2200,3261,23,0,0
2200,3551,24,0,0
2200,4071,25,0,0
2200,3236,26,0,0
2200,4354,27,0,0
2200,4316,28,0,0
2200,4368,29,0,0
2200,4320,30,0,0
2200,4305,31,0,0
2200,4307,32,0,0
2200,4373,33,0,0
2200,4321,34,0,0
2200,5770,35,0,0
2200,3526,36,0,0
2200,3948,37,0,0
2200,4176,38,0,0
2200,4178,39,0,0
2200,3907,40,0,0
2200,5911,41,1,1
2201,5912,1,0,0
2201,4179,2,0,0
2201,4177,3,0,0
2201,4175,4,0,0
2201,3527,5,0,0
2201,3525,6,0,0
2201,3524,7,0,0
2201,3912,8,0,0
2201,3913,9,0,0
2201,3257,10,0,0
2201,3255,11,0,0
2201,3256,12,0,0
2201,3258,13,0,0
2201,4282,14,0,0
2201,3490,15,0,0
2201,3503,16,0,0
2201,3263,17,0,0
2201,3260,18,0,0
2201,3259,19,0,0
2201,3689,20,0,0
2201,3685,21,0,0
2201,3264,22,0,0
2201,4019,23,0,0
2201,4018,24,0,0
2201,3235,25,0,0
2201,3238,26,0,0
2201,3234,27,0,0
2201,3239,28,0,0
2201,3231,29,0,0
2201,3230,30,0,0
2201,3226,31,0,0
2201,3223,32,0,0
2201,3221,33,0,0
2201,4315,34,0,0
2201,4313,35,0,0
2201,5608,36,0,0
2201,4312,37,0,0
2201,4311,38,0,0
2201,4310,39,0,0
2201,3163,40,0,0
2201,3161,41,0,0
2201,3159,42,0,0
2201,5902,43,1,1
2500,3459,1,0,0
2500,3461,2,0,0
2500,4164,3,0,0
2500,4029,4,0,0
2500,4028,5,0,0
2500,5592,6,0,0
2500,4089,7,0,0
2500,3346,8,0,0
2500,3347,9,0,0
2500,4086,10,0,0
2500,4087,11,0,0
2500,5584,12,0,0
2500,5590,13,0,0
2500,5589,14,0,0
2500,5588,15,1,1
2501,5588,1,0,0
2501,5587,2,0,0
2501,5585,3,0,0
2501,4213,4,0,0
2501,5579,5,0,0
2501,5577,6,0,0
2501,5575,7,0,0
2501,5573,8,0,0
2501,4381,9,0,0
2501,3804,10,0,0
2501,5866,11,0,0
2501,3802,12,0,0
2501,3812,13,0,0
2501,3808,14,0,0
2501,3811,15,0,0
2501,3299,16,0,0
2501,3459,17,1,1
2600,5904,1,0,0
2600,4076,2,0,0
2600,4077,3,0,0
2600,3008,4,0,0
2600,3005,5,0,0
2600,4233,6,0,0
2600,4236,7,0,0
2600,4239,8,0,0
2600,3013,9,0,0
2600,3019,10,0,0
2600,3011,11,0,0
2600,4352,12,0,0
2600,4407,13,0,0
2600,4408,14,0,0
2600,4409,15,0,0
2600,4404,16,0,0
2600,5773,17,0,0
2600,4309,18,0,0
2600,5888,19,1,1
2601,5888,1,0,0
2601,5889,2,0,0
2601,5872,3,0,0
2601,5605,4,0,0
2601,3023,5,0,0
2601,3015,6,0,0
2601,3020,7,0,0
2601,3022,8,0,0
2601,3010,9,0,0
2601,4241,10,0,0
2601,4240,11,0,0
2601,4237,12,0,0
2601,3007,13,0,0
2601,3006,14,0,0
2601,5427,15,0,0
2601,4078,16,0,0
2601,5742,17,0,0
2601,5741,18,0,0
2601,5904,19,1,1
2700,5904,1,0,0
2700,5391,2,0,0
2700,5392,3,0,0
2700,4161,4,0,0
2700,4106,5,0,0
2700,4096,6,0,0
2700,4100,7,0,0
2700,4104,8,0,0
2700,3623,9,0,0
2700,4358,10,0,0
2700,4432,11,0,0
2700,5595,12,0,0
2700,3696,13,0,0
2700,3929,14,0,0
2700,3813,15,0,0
2700,4281,16,0,0
2700,3152,17,0,0
2700,4195,18,1,1
2701,4195,1,0,0
2701,4254,2,0,0
2701,4327,3,0,0
2701,3148,4,0,0
2701,3286,5,0,0
2701,3307,6,0,0
2701,3694,7,0,0
2701,3695,8,0,0
2701,5599,9,0,0
2701,5763,10,0,0
2701,4304,11,0,0
2701,4095,12,0,0
2701,4105,13,0,0
2701,4101,14,0,0
2701,4097,15,0,0
2701,4410,16,0,0
2701,5742,17,0,0
2701,5741,18,0,0
2701,5904,19,1,1
2900,5904,1,0,0
2900,4076,2,0,0
2900,4077,3,0,0
2900,3008,4,0,0
2900,3005,5,0,0
2900,4233,6,0,0
2900,4236,7,0,0
2900,4239,8,0,0
2900,3013,9,0,0
2900,3019,10,0,0
2900,3011,11,0,0
2900,4352,12,0,0
2900,3016,13,0,0
2900,5781,14,0,0
2900,5775,15,0,0
2900,5344,16,0,0
2900,5774,17,0,0
2900,5526,18,0,0
2900,5943,19,0,0
2900,5865,20,0,0
2900,5955,21,0,0
2900,5945,22,0,0
2900,5946,23,1,1
2901,5946,1,0,0
2901,5978,2,0,0
2901,5979,3,0,0
2901,5947,4,0,0
2901,5949,5,0,0
2901,5948,6,0,0
2901,5980,7,0,0
2901,4253,8,0,0
2901,5363,9,0,0
2901,5868,10,0,0
2901,5869,11,0,0
2901,5873,12,0,0
2901,3023,13,0,0
2901,3015,14,0,0
2901,3020,15,0,0
2901,3022,16,0,0
2901,3010,17,0,0
2901,4241,18,0,0
2901,4240,19,0,0
2901,4237,20,0,0
2901,3007,21,0,0
2901,3006,22,0,0
2901,5427,23,0,0
2901,4078,24,0,0
2901,5742,25,0,0
2901,5741,26,0,0
2901,5904,27,1,1
3000,5897,1,0,0
3000,3143,2,0,0
3000,3160,3,0,0
3000,3162,4,0,0
3000,4325,5,0,0
3000,4314,6,0,0
3000,5373,7,0,0
3000,3532,8,0,0
3000,3737,9,0,0
3000,5907,10,0,0
3000,3733,11,0,0
3000,3754,12,0,0
3000,3925,13,0,0
3000,3927,14,0,0
3000,5848,15,0,0
3000,3618,16,0,0
3000,3752,17,0,0
3000,3700,18,0,0
3000,3709,19,0,0
3000,3706,20,0,0
3000,3708,21,0,0
3000,3713,22,0,0
3000,3904,23,0,0
3000,3596,24,0,0
3000,3602,25,0,0
3000,3598,26,0,0
3000,5853,27,0,0
3000,5854,28,0,0
3000,5428,29,0,0
3000,3644,30,0,0
3000,3641,31,0,0
3000,3734,32,0,0
3000,3731,33,0,0
3000,3732,34,0,0
3000,3736,35,0,0
3000,5908,36,1,1
3001,5908,1,0,0
3001,3735,2,0,0
3001,3531,3,0,0
3001,3273,4,0,0
3001,5372,5,0,0
3001,4315,6,0,0
3001,4312,7,0,0
3001,4318,8,0,0
3001,4098,9,0,0
3001,3283,10,0,0
3001,5897,11,1,1
3001,5415,12,1,1
3500,5897,1,0,0
3500,3143,2,0,0
3500,3160,3,0,0
3500,3162,4,0,0
3500,4325,5,0,0
3500,4314,6,0,0
3500,5373,7,0,0
3500,6034,8,0,0
3500,6032,9,0,0
3500,3532,10,0,0
3500,3737,11,0,0
3500,5907,12,0,0
3500,3733,13,0,0
3500,3730,14,0,0
3500,4423,15,0,0
3500,4424,16,0,0
3500,3646,17,0,0
3500,3643,18,0,0
3500,3645,19,0,0
3500,3648,20,0,0
3500,3671,21,0,0
3500,3395,22,0,0
3500,3396,23,0,0
3500,3393,24,0,0
3500,3601,25,0,0
3500,3594,26,0,0
3500,3591,27,0,0
3500,3597,28,0,0
3500,3593,29,0,0
3500,3903,30,0,0
3500,5891,31,0,0
3500,5892,32,0,0
3500,5893,33,0,0
3500,3734,34,0,0
3500,3731,35,0,0
3500,3732,36,0,0
3500,3736,37,0,0
3500,5908,38,1,1
3501,5908,1,0,0
3501,3735,2,0,0
3501,3531,3,0,0
3501,6033,4,0,0
3501,6035,5,0,0
3501,3273,6,0,0
3501,5372,7,0,0
3501,4315,8,0,0
3501,4312,9,0,0
3501,4318,10,0,0
3501,4098,11,0,0
3501,3283,12,0,0
3501,5897,13,1,1
4300,5899,1,0,0
4300,3282,2,0,0
4300,3170,3,0,0
4300,3172,4,0,0
4300,3173,5,0,0
4300,3175,6,0,0
4300,3186,7,0,0
4300,4162,8,0,0
4300,5931,9,0,0
4300,5932,10,0,0
4300,4161,11,0,0
4300,5569,12,0,0
4300,5596,13,0,0
4300,3992,14,0,0
4300,5598,15,0,0
4300,5781,16,0,0
4300,5775,17,0,0
4300,5344,18,0,0
4300,5713,19,0,0
4300,3900,20,0,0
4300,3901,21,0,0
4300,3902,22,0,0
4300,5491,23,0,0
4300,5493,24,0,0
4300,5497,25,0,0
4300,5705,26,1,1
4301,5705,1,0,0
4301,5707,2,0,0
4301,5709,3,0,0
4301,3482,4,0,0
4301,3481,5,0,0
4301,3484,6,0,0
4301,5868,7,1,1
4400,5899,1,0,0
4400,3282,2,0,0
4400,3170,3,0,0
4400,3172,4,0,0
4400,3173,5,0,0
4400,3175,6,0,0
4400,3186,7,0,0
4400,4162,8,0,0
4400,5931,9,0,0
4400,5932,10,0,0
4400,4161,11,0,0
4400,5569,12,0,0
4400,5596,13,0,0
4400,3992,14,0,0
4400,5598,15,0,0
4400,5781,16,0,0
4400,5775,17,0,0
4400,5344,18,0,0
4400,5774,19,0,0
4400,5526,20,0,0
4400,4289,21,0,0
4400,4290,22,0,0
4400,4291,23,0,0
4400,4296,24,0,0
4400,3454,25,0,0
4400,3457,26,0,0
4400,3458,27,1,1
4401,3458,1,0,0
4401,5867,2,0,0
4401,4255,3,0,0
4401,4253,4,0,0
4401,5363,5,0,0
4401,5868,6,1,1
4500,5899,1,0,0
4500,3282,2,0,0
4500,3170,3,0,0
4500,3172,4,0,0
4500,3173,5,0,0
4500,3175,6,0,0
4500,3186,7,0,0
4500,4162,8,0,0
4500,5931,9,0,0
4500,5932,10,0,0
4500,4161,11,0,0
4500,5569,12,0,0
4500,5596,13,0,0
4500,3992,14,0,0
4500,5598,15,0,0
4500,5781,16,0,0
4500,5775,17,0,0
4500,5344,18,0,0
4500,5371,19,0,0
4500,5863,20,0,0
4500,3018,21,0,0
4500,3963,22,0,0
4500,3960,23,0,0
4500,5894,24,0,0
4500,4363,25,0,0
4500,4451,26,0,0
4500,4452,27,0,0
4500,4453,28,0,0
4500,4454,29,0,0
4500,4455,30,0,0
4500,4463,31,1,1
4501,4463,1,0,0
4501,4464,2,0,0
4501,4465,3,0,0
4501,4466,4,0,0
4501,5601,5,0,0
4501,5603,6,0,0
4501,5604,7,0,0
4501,5895,8,0,0
4501,5498,9,0,0
4501,5890,10,0,0
4501,5868,11,1,1
4600,5899,1,0,0
4600,3282,2,0,0
4600,3170,3,0,0
4600,3172,4,0,0
4600,3173,5,0,0
4600,3175,6,0,0
4600,3186,7,0,0
4600,4162,8,0,0
4600,5931,9,0,0
4600,5932,10,0,0
4600,4161,11,0,0
4600,5569,12,0,0
4600,5596,13,0,0
4600,3992,14,0,0
4600,5598,15,0,0
4600,5781,16,0,0
4600,5775,17,0,0
4600,5344,18,0,0
4600,5371,19,0,0
4600,5863,20,0,0
4600,5605,21,0,0
4600,3023,22,0,0
4600,3015,23,0,0
4600,3020,24,0,0
4600,3022,25,0,0
4600,4095,26,0,0
4600,4406,27,0,0
4600,4407,28,0,0
4600,4408,29,0,0
4600,4409,30,1,1
4601,4409,1,0,0
4601,5952,2,0,0
4601,5951,3,0,0
4601,4457,4,0,0
4601,4458,5,0,0
4601,4460,6,0,0
4601,5950,7,0,0
4601,5895,8,0,0
4601,5498,9,0,0
4601,5890,10,0,0
4601,5868,11,1,1
5000,5904,1,0,0
5000,5391,2,0,0
5000,5392,3,0,0
5000,4161,4,0,0
5000,5557,5,0,0
5000,3877,6,0,0
5000,3348,7,0,0
5000,3361,8,0,0
5000,3196,9,0,0
5000,5875,10,0,0
5000,5877,11,0,0
5000,4022,12,0,0
5000,4295,13,0,0
5000,4300,14,0,0
5000,5593,15,0,0
5000,5594,16,0,0
5000,3936,17,0,0
5000,3939,18,0,0
5000,3937,19,0,0
5000,3938,20,0,0
5000,3934,21,1,1
5001,3934,1,0,0
5001,5387,2,0,0
5001,3529,3,0,0
5001,3530,4,0,0
5001,3528,5,0,0
5001,3789,6,0,0
5001,3580,7,0,0
5001,3582,8,0,0
5001,3820,9,0,0
5001,3817,10,0,0
5001,3823,11,0,0
5001,4364,12,0,0
5001,3819,13,0,0
5001,3629,14,0,0
5001,3343,15,0,0
5001,3975,16,0,0
5001,3605,17,0,0
5001,5556,18,0,0
5001,5742,19,0,0
5001,5741,20,0,0
5001,5904,21,1,1
5500,5904,1,0,0
5500,5391,2,0,0
5500,5392,3,0,0
5500,4161,4,0,0
5500,5557,5,0,0
5500,3877,6,0,0
5500,3348,7,0,0
5500,3361,8,0,0
5500,3196,9,0,0
5500,5875,10,0,0
5500,5877,11,0,0
5500,4022,12,0,0
5500,4295,13,0,0
5500,4300,14,0,0
5500,3818,15,0,0
5500,4223,16,0,0
5500,4224,17,0,0
5500,4225,18,0,0
5500,3686,19,0,0
5500,3933,20,0,0
5500,3931,21,0,0
5500,3932,22,0,0
5500,5882,23,0,0
5500,6022,24,0,0
5500,5884,25,0,0
5500,4246,26,0,0
5500,4248,27,1,1
5501,4248,1,0,0
5501,5452,2,0,0
5501,3243,3,0,0
5501,3244,4,0,0
5501,3790,5,0,0
5501,3245,6,0,0
5501,3789,7,0,0
5501,3580,8,0,0
5501,3582,9,0,0
5501,3820,10,0,0
5501,3817,11,0,0
5501,3823,12,0,0
5501,4364,13,0,0
5501,3819,14,0,0
5501,3629,15,0,0
5501,3343,16,0,0
5501,3975,17,0,0
5501,3605,18,0,0
5501,5556,19,0,0
5501,5742,20,0,0
5501,5741,21,0,0
5501,5904,22,1,1
6000,4208,1,0,0
6000,4203,2,0,0
6000,4210,3,0,0
6000,4205,4,0,0
6000,3277,5,0,0
6000,4200,6,0,0
6000,3907,7,0,0
6000,5912,8,0,0
6000,4174,9,0,0
6000,3142,10,0,0
6000,3135,11,0,0
6000,3132,12,0,0
6000,3128,13,0,0
6000,3968,14,0,0
6000,5835,15,0,0
6000,5837,16,0,0
6000,3140,17,0,0
6000,3076,18,0,0
6000,3159,19,0,0
6000,5900,20,1,1
6000,5911,21,1,1
6001,5900,1,0,0
6001,3126,2,0,0
6001,3138,3,0,0
6001,3139,4,0,0
6001,5830,5,0,0
6001,5876,6,0,0
6001,3017,7,0,0
6001,3127,8,0,0
6001,3131,9,0,0
6001,3136,10,0,0
6001,3141,11,0,0
6001,4169,12,0,0
6001,3907,13,0,0
6001,5911,14,0,0
6001,4179,15,0,0
6001,4177,16,0,0
6001,4175,17,0,0
6001,3947,18,0,0
6001,3946,19,0,0
6001,3955,20,0,0
6001,3951,21,0,0
6001,3952,22,0,0
6001,3585,23,0,0
6001,3583,24,0,0
6001,4208,25,1,1
6100,5465,1,0,0
6100,5661,2,0,0
6100,5660,3,0,0
6100,5664,4,0,0
6100,5625,5,0,0
6100,4174,6,1,1
6100,4169,7,0,0
6100,3907,8,0,0
6100,5911,9,1,1
6101,5911,1,0,0
6101,4174,2,0,0
6101,4362,3,0,0
6101,5662,4,0,0
6101,5465,5,1,1
6300,5533,1,0,0
6300,5535,2,0,0
6300,5537,3,0,0
6300,4080,4,0,0
6300,4082,5,0,0
6300,4083,6,0,0
6300,4084,7,0,0
6300,5633,8,0,0
6300,5631,9,0,0
6300,5517,10,0,0
6300,5552,11,0,0
6300,5538,12,0,0
6300,4284,13,0,0
6300,4283,14,0,0
6300,5767,15,0,0
6300,5710,16,0,0
6300,5711,17,0,0
6300,3851,18,0,0
6300,5718,19,0,0
6300,5719,20,0,0
6300,4178,21,0,0
6300,3907,22,0,0
6300,5911,23,1,1
6301,5911,1,0,0
6301,4179,2,0,0
6301,4177,3,0,0
6301,5720,4,0,0
6301,3849,5,0,0
6301,5723,6,0,0
6301,5724,7,0,0
6301,5725,8,0,0
6301,5712,9,0,0
6301,3537,10,0,0
6301,3549,11,0,0
6301,4265,12,0,0
6301,3690,13,0,0
6301,3691,14,0,0
6301,3692,15,0,0
6301,4129,16,0,0
6301,4021,17,0,0
6301,4023,18,0,0
6301,5533,19,1,1
6400,3839,1,0,0
6400,3195,2,0,0
6400,3835,3,0,0
6400,3762,4,0,0
6400,5450,5,0,0
6400,4392,6,0,0
6400,4249,7,0,0
6400,4202,8,0,0
6400,4422,9,0,0
6400,3907,10,0,0
6400,5912,11,1,1
6400,5911,12,1,1
6401,5911,1,0,0
6401,4174,2,0,0
6401,3069,3,0,0
6401,4247,4,0,0
6401,3843,5,0,0
6401,3838,6,0,0
6401,3847,7,0,0
6401,3841,8,0,0
6401,3840,9,0,0
6401,3845,10,0,0
6401,4361,11,0,0
6401,5362,12,0,0
6401,3839,13,1,1
6500,4208,1,0,0
6500,4203,2,0,0
6500,4210,3,0,0
6500,4205,4,0,0
6500,3277,5,0,0
6500,4200,6,0,0
6500,3907,7,0,0
6500,5912,8,0,0
6500,4174,9,0,0
6500,3142,10,0,0
6500,3135,11,0,0
6500,3132,12,0,0
6500,3128,13,0,0
6500,3968,14,0,0
6500,5835,15,0,0
6500,5837,16,0,0
6500,3140,17,0,0
6500,3076,18,0,0
6500,3159,19,0,0
6500,5900,20,1,1
6500,5911,21,1,1
6501,5900,1,0,0
6501,3126,2,0,0
6501,3138,3,0,0
6501,3139,4,0,0
6501,5830,5,0,0
6501,5876,6,0,0
6501,3017,7,0,0
6501,3127,8,0,0
6501,3131,9,0,0
6501,3136,10,0,0
6501,3141,11,0,0
6501,4169,12,0,0
6501,3907,13,0,0
6501,5911,14,0,0
6501,3908,15,0,0
6501,4085,16,0,0
6501,4092,17,0,0
6501,4090,18,0,0
6501,4088,19,0,0
6501,4091,20,0,0
6501,4094,21,0,0
6501,3748,22,0,0
6501,3749,23,0,0
6501,5703,24,0,0
6501,3750,25,0,0
6501,4211,26,0,0
6501,4208,27,1,1
8300,5684,1,0,0
8300,5626,2,0,0
8300,5667,3,0,0
8300,5665,4,0,0
8300,5669,5,0,0
8300,4323,6,0,0
8300,4020,7,0,0
8300,5472,8,0,0
8300,5519,9,0,0
8300,5473,10,0,0
8300,3743,11,0,0
8300,3744,12,0,0
8300,3740,13,0,0
8300,5953,14,0,0
8300,5355,15,0,0
8300,3578,16,0,0
8300,3390,17,0,0
8300,3368,18,0,0
8300,3383,19,0,0
8300,3388,20,0,0
8300,5910,21,1,1
8301,5909,1,0,0
8301,3380,2,0,0
8301,3369,3,0,0
8301,3579,4,0,0
8301,3590,5,0,0
8301,3373,6,0,0
8301,3554,7,0,0
8301,4222,8,0,0
8301,3392,9,0,0
8301,3830,10,0,0
8301,5905,11,0,0
8301,5466,12,0,0
8301,5467,13,0,0
8301,5468,14,0,0
8301,5469,15,0,0
8301,4036,16,0,0
8301,5874,17,0,0
8301,3977,18,0,0
8301,3972,19,0,0
8301,5668,20,0,0
8301,5482,21,0,0
8301,5683,22,0,0
8301,5684,23,1,1
8400,5909,1,0,0
8400,3877,2,0,0
8400,3348,3,0,0
8400,3361,4,0,0
8400,3364,5,0,0
8400,4037,6,0,0
8400,5999,7,0,0
8400,6000,8,0,0
8400,6001,9,0,0
8400,6002,10,0,0
8400,6003,11,0,0
8400,6004,12,0,0
8400,6005,13,0,0
8400,3183,14,0,0
8400,5918,15,0,0
8400,5839,16,1,1
8401,5839,1,0,0
8401,3244,2,0,0
8401,6006,3,0,0
8401,5614,4,0,0
8401,5615,5,0,0
8401,5616,6,0,0
8401,5617,7,0,0
8401,5618,8,0,0
8401,5619,9,0,0
8401,4388,10,0,0
8401,5789,11,0,0
8401,5790,12,0,0
8401,5791,13,0,0
8401,3343,14,0,0
8401,3975,15,0,0
8401,3605,16,0,0
8401,5909,17,1,1
8600,5909,1,0,0
8600,3768,2,0,0
8600,5875,3,0,0
8600,5877,4,0,0
8600,4022,5,0,0
8600,3178,6,0,0
8600,5878,7,0,0
8600,5879,8,0,0
8600,5880,9,0,0
8600,5881,10,0,0
8600,3183,11,0,0
8600,5918,12,0,0
8600,5839,13,0,0
8600,3244,14,0,0
8600,5967,15,0,0
8600,5968,16,0,0
8600,5969,17,0,0
8600,5970,18,0,0
8600,5971,19,0,0
8600,5972,20,0,0
8600,5973,21,1,1
8601,5973,1,0,0
8601,4489,2,0,0
8601,5396,3,0,0
8601,5397,4,0,0
8601,3086,5,0,0
8601,5398,6,0,0
8601,5882,7,0,0
8601,6022,8,0,0
8601,5884,9,0,0
8601,5885,10,0,0
8601,6006,11,0,0
8601,5886,12,0,0
8601,5887,13,0,0
8601,3284,14,0,0
8601,4298,15,0,0
8601,4294,16,0,0
8601,3823,17,0,0
8601,4364,18,0,0
8601,3819,19,0,0
8601,3766,20,0,0
8601,5909,21,1,1
8700,5909,1,0,0
8700,3380,2,0,0
8700,3369,3,0,0
8700,5845,4,0,0
8700,5994,5,0,0
8700,5964,6,0,0
8700,5966,7,0,0
8700,3129,8,0,0
8700,3130,9,0,0
8700,5803,10,0,0
8700,5938,11,0,0
8700,5939,12,0,0
8700,5940,13,0,0
8700,5941,14,0,0
8700,5942,15,1,1
8701,5942,1,0,0
8701,5961,2,0,0
8701,5974,3,0,0
8701,5975,4,0,0
8701,5976,5,0,0
8701,5977,6,0,0
8701,5965,7,0,0
8701,5963,8,0,0
8701,4300,9,0,0
8701,3390,10,0,0
8701,3368,11,0,0
8701,3383,12,0,0
8701,3388,13,0,0
8701,5909,14,1,1
30501,3220,1,0,0
30501,3895,2,0,0
30501,3891,3,0,0
30501,3074,4,0,0
30501,3075,5,0,0
30501,3076,6,0,0
30501,3159,7,0,0
30501,5902,8,1,1
33300,3164,1,0,0
33300,4500,2,1,1
33301,4500,1,0,0
33301,3164,2,1,1
51400,5898,1,0,0
51400,4314,2,0,0
51400,3804,3,0,0
51400,5866,4,0,0
51400,3802,5,0,0
51400,3812,6,0,0
51400,3808,7,0,0
51400,3811,8,0,0
51400,3299,9,0,0
51400,3459,10,0,0
51400,4216,11,0,0
51400,3460,12,0,0
51400,5602,13,0,0
51400,4164,14,0,0
51400,4029,15,0,0
51400,4028,16,0,0
51400,5592,17,0,0
51400,4089,18,0,0
51400,3346,19,0,0
51400,3347,20,0,0
51400,4086,21,0,0
51400,4087,22,0,0
51400,5584,23,0,0
51400,5590,24,0,0
51400,5589,25,0,0
51400,5588,26,1,1
51401,5898,1,0,0
51401,3532,2,0,0
51401,5907,3,0,0
51401,3735,4,0,0
51401,3812,5,0,0
51401,3808,6,0,0
51401,3811,7,0,0
51401,3299,8,0,0
51401,3809,9,0,0
51401,3296,10,0,0
51401,3999,11,0,0
51401,3300,12,0,0
51401,3801,13,0,0
51401,3803,14,0,0
51401,3805,15,0,0
51401,4380,16,0,0
51401,4382,17,0,0
51401,4441,18,0,0
51401,4381,19,1,1
