1440301,'1',543,,1150,0,18 19,0,70,,1151,0,18 19,0,30,,1119,0,18 19,0,70,,1120,0,18 19,0,30,,1121,0,18 19,0,70,,1122,0,18 19,0,30,,1123,0,18 19,0,70,,1124,0,18 19,0,30,,1125,0,18 19,0,70,,1126,0,18 19,0,30,,1127,0,18 19,0,70,,1128,0,18 19,0,30,,1129,0,18 19,0,70,,1130,0,18 19,0,30,,1131,0,18 19,0,70,,1132,0,18 19,0,30,,1133,0,18 19,0,70,,1134,0,18 19,0,30,,1135,0,18 19,0,70,,1136,0,18 19,0,30,,1137,0,18 19,0,70,,1138,0,18 19,0,30,,1139,0,18 19,0,70,,1140,0,18 19,0,30,,1141,0,18 19,0,70,,1142,0,18 19,0,30,,1143,0,18 19,0,72,,1144,0,18 19,0,100,,1145,0,18 19,0,100,,1146,0,18 19,0,100,,1147,0,18 19,0,100,,1148,0,18 19,0,95,,1149,0,18 19,0
1440301,'2',615,,1152,0,18 19,0,100,,1153,0,18 19,0,100,,1154,0,18 19,0,100,,1155,0,18 19,0,100,,1156,0,18 19,0,100,,1157,0,18 19,0,28,,1158,0,18 19,0,70,,1159,0,18 19,0,30,,1160,0,18 19,0,70,,1161,0,18 19,0,30,,1162,0,18 19,0,70,,1163,0,18 19,0,30,,1164,0,18 19,0,70,,1165,0,18 19,0,30,,1166,0,18 19,0,70,,1167,0,18 19,0,30,,1168,0,18 19,0,70,,1169,0,18 19,0,30,,1170,0,18 19,0,70,,1171,0,18 19,0,30,,1172,0,18 19,0,72,,1173,0,18 19,0,100,,1174,0,18 19,0,100,,1175,0,18 19,0,100,,1176,0,18 19,0,100,,1177,0,18 19,0,95,,1178,0,18 19,0
1440301,'3',815,,1179,0,18 19,0,100,,1180,0,18 19,0,100,,1181,0,18 19,0,100,,1182,0,18 19,0,100,,1183,0,18 19,0,100,,1184,0,18 19,0,100,,1185,0,18 19,0,100,,1186,0,18 19,0,100,,1187,0,18 19,0,100,,1188,0,18 19,0,100,,1189,0,18 19,0,100,,1190,0,18 19,0,100,,1191,0,18 19,0,95,,1192,0,18 19,0
1441201,'1',556,,2608,0,8,0,72,,2603,0,8,0,72,,2583,0,8,0,32,,2584,0,8,0,72,,2585,0,8,0,32,,2586,0,8,0,72,,2587,0,8,0,32,,2588,0,8,0,72,,2589,0,8,0,32,,2590,0,8,0,72,,2609,0,8,0,32,,2591,0,8,0,72,,2592,0,8,0,32,,2593,0,8,0,72,,2594,0,8,0,32,,2595,0,8,0,72,,2596,0,8,0,72,,2597,0,8,0,32,,2598,0,8,0,72,,2599,0,8,0,32,,2600,0,8,0,72,,2610,0,8,0,32,,2601,0,8,0,72,,2611,0,8,0,32,,2602,0,8,0,103,,2604,0,8,0,100,,2605,0,8,0,100,,2606,0,8,0,100,,2607,0,8,0,100,,2612,0,8,0
1441201,'2',553,,2613,0,8,0,100,,2614,0,8,0,100,,2615,0,8,0,100,,2616,0,8,0,100,,2617,0,8,0,100,,2618,0,8,0,74,,2619,0,8,0,32,,2620,0,8,0,72,,2621,0,8,0,72,,2622,0,8,0,32,,2623,0,8,0,72,,2624,0,8,0,32,,2625,0,8,0,72,,2626,0,8,0,32,,2627,0,8,0,72,,2628,0,8,0,32,,2629,0,8,0,72,,2630,0,8,0,32,,2631,0,8,0,72,,2632,0,8,0,102,,2633,0,8,0,100,,2634,0,8,0,100,,2635,0,8,0,100,,2636,0,8,0,100,,2637,0,8,0
1441201,'3',849,,2638,0,8,0,100,,2639,0,8,0,100,,2640,0,8,0,100,,2641,0,8,0,100,,2642,0,8,0,100,,2643,0,8,0,100,,2644,0,8,0,100,,2645,0,8,0,100,,2646,0,8,0,100,,2647,0,8,0,100,,2648,0,8,0,100,,2649,0,8,0,100,,2650,0,8,0
1441501,'1',635,,3227,,,0,70,,3228,,,0,30,,3229,,,0,70,,3230,,,0,30,,3231,,,0,70,,3232,,,0,30,,3233,,,0,70,,3234,,,0,30,,3235,,,0,70,,3236,,,0,30,,3237,,,0,70,,3238,,,0,30,,3239,,,0,70,,3240,,,0,30,,3241,,,0,100,,3242,,,0,100,,3243,,,0,100,,3244,,,0,100,,3245,,,0,100,,3252,,,0,101,,3246,,,0,100,,3247,,,0,100,,3248,,,0,100,,3249,,,0,100,,3250,,,0
1441501,'10801',1405,,3253,,,0,100,,3256,,,0,100,,3254,,,0,100,,3257,,,0,100,,3255,,,0
1441501,'1201',1405,,3258,,,0,100,,3259,,,0,100,,3260,,,0,100,,3261,,,0,100,,3262,,,0
1441501,'2',637,,3264,,,0,99,,3288,,,0,100,,3287,,,0,100,,3286,,,0,100,,3285,,,0,71,,3263,,,0,28,,3284,,,0,70,,3283,,,0,30,,3282,,,0,70,,3281,,,0,30,,3280,,,0,70,,3279,,,0,30,,3278,,,0,70,,3277,,,0,30,,3276,,,0,70,,3275,,,0,30,,3274,,,0,70,,3273,,,0,30,,3272,,,0,70,,3271,,,0,30,,3289,,,0,101,,3270,,,0,100,,3269,,,0,100,,3268,,,0,100,,3267,,,0,100,,3266,,,0
1441501,'3',837,,3290,,,0,99,,3302,,,0,100,,3301,,,0,100,,3300,,,0,100,,3299,,,0,100,,3298,,,0,100,,3297,,,0,100,,3296,,,0,100,,3295,,,0,100,,3294,,,0,100,,3303,,,0,100,,3293,,,0,100,,3292,,,0
