5000,'1',649,,4477,11,,,0,80,,4478,11,,,0,80,,4479,11,,,0,40,,4480,11,,,0,80,,4481,11,,,0,80,,4482,11,,,0,40,,4483,11,,,0,80,,4484,11,,,0,80,,4485,11,,,0,40,,4486,11,,,0,80,,4487,11,,,0,80,,4488,11,,,0,40,,4489,11,,,0,80,,4490,11,,,0,80,,4491,11,,,0,40,,4492,11,,,0,80,,4493,11,,,0,80,,4494,11,,,0,40,,4495,11,,,0,103,,4496,11,,,0,100,,4497,11,,,0,100,,4498,11,,,0,100,,4499,11,,,0
5000,'2',652,,4502,11,,,0,100,,4503,11,,,0,100,,4504,11,,,0,100,,4505,11,,,0,98,,4506,11,,,0,79,,4507,11,,,0,80,,4508,11,,,0,40,,4509,11,,,0,80,,4510,11,,,0,80,,4511,11,,,0,40,,4512,11,,,0,80,,4513,11,,,0,80,,4514,11,,,0,40,,4515,11,,,0,80,,4516,11,,,0,80,,4517,11,,,0,40,,4518,11,,,0,103,,4519,11,,,0,100,,4520,11,,,0,100,,4521,11,,,0,100,,4522,11,,,0
5000,'3',952,,4524,11,,,0,100,,4525,11,,,0,100,,4528,11,,,0,100,,4529,11,,,0,100,,4530,11,,,0,100,,4531,11,,,0,100,,4532,11,,,0,100,,4533,11,,,0,100,,4534,11,,,0,100,,4535,11,,,0,100,,4526,11,,,0,100,,4527,11,,,0
5500,'1',629,,4596,11,,,0,80,,4597,11,,,0,40,,4598,11,,,0,80,,4599,11,,,0,80,,4600,11,,,0,40,,4601,11,,,0,80,,4602,11,,,0,80,,4603,11,,,0,40,,4604,11,,,0,80,,4605,11,,,0,80,,4606,11,,,0,40,,4607,11,,,0,80,,4608,11,,,0,80,,4609,11,,,0,40,,4610,11,,,0,80,,4611,11,,,0,80,,4612,11,,,0,40,,4613,11,,,0,80,,4614,11,,,0,80,,4615,11,,,0,113,,4616,11,,,0,100,,4617,11,,,0,100,,4618,11,,,0
5500,'1201',1619,,4622,11,,,0
5500,'12901',1619,,4623,11,,,0
5500,'2',822,,4624,11,,,0,100,,4625,11,,,0,100,,4626,11,,,0,97,,4627,11,,,0,30,,4628,11,,,0,80,,4629,11,,,0,80,,4630,11,,,0,40,,4631,11,,,0,80,,4632,11,,,0,80,,4633,11,,,0,40,,4634,11,,,0,80,,4635,11,,,0,80,,4636,11,,,0,40,,4637,11,,,0,80,,4638,11,,,0,80,,4639,11,,,0,113,,4640,11,,,0,100,,4641,11,,,0,100,,4642,11,,,0
5500,'3',922,,4644,11,,,0,100,,4645,11,,,0,100,,4646,11,,,0,100,,4647,11,,,0,100,,4648,11,,,0,100,,4649,11,,,0,100,,4650,11,,,0,100,,4651,11,,,0,100,,4652,11,,,0,100,,4653,11,,,0,100,,4654,11,,,0,100,,4655,11,,,0,98,,4656,11,,,0
8600,'1',546,,5664,4,,,0,68,,5665,4,,,0,28,,5666,4,,,0,68,,5667,4,,,0,28,,5668,4,,,0,68,,5669,4,,,0,28,,5670,4,,,0,68,,5671,4,,,0,28,,5672,4,,,0,24,,5673,4,,,0,77,,5674,4,,,0,75,,5675,4,,,0,35,,5676,4,,,0,75,,5677,4,,,0,35,,5678,4,,,0,75,,5679,4,,,0,31,,5680,4,,,0,76,,5681,4,,,0,70,,5682,4,,,0,23,,5683,4,,,0,23,,5684,4,,,0,68,,5685,4,,,0,28,,5686,4,,,0,68,,5687,4,,,0,28,,5688,4,,,0,68,,5689,4,,,0,28,,5690,4,,,0,80,,5691,4,,,0,40,,5692,4,,,0,80,,5693,4,,,0,80,,5694,4,,,0,40,,5695,4,,,0,80,,5696,4,,,0,80,,5697,4,,,0
8600,'2',721,,5699,4,,,0,80,,5700,4,,,0,40,,5701,4,,,0,80,,5702,4,,,0,80,,5703,4,,,0,40,,5704,4,,,0,80,,5705,4,,,0,36,,5706,4,,,0,65,,5707,4,,,0,25,,5708,4,,,0,65,,5709,4,,,0,25,,5710,4,,,0,65,,5711,4,,,0,25,,5712,4,,,0,25,,5713,4,,,0,65,,5714,4,,,0,25,,5715,4,,,0,65,,5716,4,,,0,25,,5717,4,,,0,25,,5718,4,,,0,65,,5719,4,,,0,25,,5720,4,,,0,65,,5721,4,,,0,25,,5722,4,,,0,65,,5723,4,,,0,40,,5724,4,,,0,80,,5725,4,,,0,80,,5726,4,,,0,40,,5727,4,,,0,80,,5728,4,,,0,80,,5729,4,,,0,40,,5730,4,,,0
8600,'3',857,,5731,4,,,0,80,,5732,4,,,0,80,,5733,4,,,0,40,,5734,4,,,0,80,,5735,4,,,0,80,,5736,4,,,0,40,,5737,4,,,0,80,,5738,4,,,0,80,,5739,4,,,0,40,,5740,4,,,0,80,,5741,4,,,0,80,,5742,4,,,0,40,,5743,4,,,0,80,,5744,4,,,0,80,,5745,4,,,0,40,,5746,4,,,0,80,,5747,4,,,0,80,,5748,4,,,0,40,,5749,4,,,0
