1469800,'1',621,,14049,22,,,0,130,,14059,22,,,0,70,,14058,22,,,0,30,,14057,22,,,0,70,,14056,22,,,0,100,,14055,22,,,0,100,,14054,22,,,0,100,,14053,22,,,0,100,,14052,22,,,0,100,,14051,22,,,0,100,,14050,22,,,0,100,,14048,22,,,0,15,,14060,11,,,0,15,,14047,22,,,0,55,,14061,11,,,0,15,,14046,22,,,0,30,,14045,22,,,0,70,,14044,22,,,0,100,,14043,22,,,0,100,,14042,22,,,0,100,,14041,22,,,0,100,,14040,22,,,0
1469800,'1201',1551,,14062,22,,,0,55,,14063,11,,,0
1469800,'12801',1551,,14065,22,,,0,55,,14064,11,,,0
1469800,'2',621,,14073,22,,,0,200,,14081,22,,,0,100,,14080,22,,,0,100,,14079,22,,,0,100,,14078,22,,,0,100,,14077,22,,,0,100,,14076,22,,,0,100,,14075,22,,,0,100,,14074,22,,,0,100,,14072,22,,,0,100,,14071,22,,,0,100,,14070,22,,,0,100,,14069,22,,,0,100,,14068,22,,,0,200,,14067,22,,,0,100,,14066,22,,,0
1469800,'3',921,,14095,22,,,0,100,,14094,22,,,0,100,,14093,22,,,0,100,,14092,22,,,0,100,,14091,22,,,0,100,,14090,22,,,0,100,,14089,22,,,0,100,,14088,22,,,0,100,,14087,22,,,0,100,,14086,22,,,0,100,,14085,22,,,0,100,,14084,22,,,0,95,,14083,22,,,0
1470501,'1',720,,15156,13,0,8 9 10,0,30,,15155,13,0,8 9 10,0,70,,15154,13,0,8 9 10,0,30,,15153,13,0,8 9 10,0,792,,15152,13,0,8 9 10,0,70,,15151,13,0,8 9 10,0,30,,15150,13,0,8 9 10,0,70,,15149,13,0,8 9 10,0
1470501,'1201',1612,,15157,13,0,8 9 10,0
1470501,'12801',1612,,15158,13,0,8 9 10,0
1472800,'1',643,,16453,7,,,0
1472801,'1',643,,16454,6,,,0
