1441501,'1',642,,3227,,,0,70,,3228,,,0,30,,3229,,,0,70,,3230,,,0,30,,3231,,,0,70,,3232,,,0,30,,3233,,,0,70,,3234,,,0,30,,3235,,,0,70,,3236,,,0,30,,3237,,,0,70,,3238,,,0,30,,3239,,,0,70,,3240,,,0,30,,3241,,,0,100,,3242,,,0,100,,3243,,,0,100,,3244,,,0,100,,3245,,,0,100,,3252,,,0,100,,3246,,,0,100,,3247,,,0,100,,3248,,,0,100,,3249,,,0,100,,3250,,,0
1441501,'10801',1412,,3253,,,0,100,,3256,,,0,100,,3254,,,0,100,,3257,,,0,100,,3255,,,0
1441501,'1201',1412,,3258,,,0,100,,3259,,,0,100,,3260,,,0,100,,3261,,,0,100,,3262,,,0
1441501,'2',642,,3264,,,0,100,,3288,,,0,100,,3287,,,0,100,,3286,,,0,100,,3285,,,0,70,,3263,,,0,30,,3284,,,0,70,,3283,,,0,30,,3282,,,0,70,,3281,,,0,30,,3280,,,0,70,,3279,,,0,30,,3278,,,0,70,,3277,,,0,30,,3276,,,0,70,,3275,,,0,30,,3274,,,0,70,,3273,,,0,30,,3272,,,0,70,,3271,,,0,30,,3289,,,0,100,,3270,,,0,100,,3269,,,0,100,,3268,,,0,100,,3267,,,0,100,,3266,,,0
1441501,'3',842,,3290,,,0,100,,3302,,,0,100,,3301,,,0,100,,3300,,,0,100,,3299,,,0,100,,3298,,,0,100,,3297,,,0,100,,3296,,,0,100,,3295,,,0,100,,3294,,,0,100,,3303,,,0,100,,3293,,,0,100,,3292,,,0
1445100,'1',713,,5477,,,0,28,,5451,,,0,68,,5452,,,0,28,,5453,,,0,68,,5454,,,0,28,,5455,,,0,68,,5456,,,0,28,,5457,,,0,28,,5458,,,0,68,,5459,,,0,28,,5460,,,0,68,,5461,,,0,28,,5462,,,0,68,,5463,,,0,28,,5464,,,0,68,,5465,,,0,28,,5466,,,0,68,,5467,,,0,28,,5468,,,0,68,,5469,,,0,28,,5470,,,0,68,,5471,,,0,28,,5472,,,0,28,,5473,,,0,68,,5474,,,0,28,,5475,,,0,68,,5476,,,0
1445401,'1',719,,5879,,,0,28,,5880,,,0,68,,5881,,,0,28,,5882,,,0,68,,5883,,,0,28,,5884,,,0,68,,5885,,,0,26,,5886,,,0,67,,5887,,,0,33,,5888,,,0,75,,5889,,,0,35,,5890,,,0,75,,5891,,,0,35,,5892,,,0,75,,5893,,,0,30,,5894,,,0,73,,5895,,,0,70,,5896,,,0,28,,5897,,,0,28,,5898,,,0,68,,5899,,,0,28,,5900,,,0,68,,5901,,,0,28,,5902,,,0
1445500,'1',646,,5903,,,0,62,,5904,,,0,22,,5905,,,0,22,,5906,,,0,62,,5907,,,0,22,,5908,,,0,22,,5909,,,0,61,,5910,,,0,22,,5911,,,0,62,,5912,,,0,22,,5913,,,0,22,,5914,,,0,62,,5915,,,0,22,,5916,,,0,22,,5917,,,0,62,,5918,,,0,22,,5929,,,0,22,,5930,,,0,62,,5931,,,0,22,,5932,,,0,62,,5933,,,0,22,,5934,,,0,22,,5935,,,0,62,,5936,,,0,23,,5937,,,0,22,,5938,,,0,62,,5939,,,0,22,,5940,,,0,62,,5941,,,0,22,,5942,,,0,22,,5943,,,0,62,,5944,,,0,22,,5919,,,0,21,,5920,,,0,80,,5921,,,0,80,,5922,,,0,40,,5923,,,0,80,,5924,,,0,80,,5925,,,0,40,,5926,,,0,80,,5927,,,0,80,,5928,,,0,40,,5945,,,0
1445500,'2',645,,5946,,,0,80,,5947,,,0,80,,5948,,,0,40,,5949,,,0,80,,5950,,,0,80,,5951,,,0,40,,5952,,,0,80,,5953,,,0,25,,5954,,,0,60,,5955,,,0,22,,5956,,,0,22,,5957,,,0,62,,5958,,,0,22,,5959,,,0,62,,5960,,,0,22,,5961,,,0,22,,5962,,,0,62,,5963,,,0,22,,5964,,,0,22,,5965,,,0,62,,5966,,,0,22,,5967,,,0,22,,5968,,,0,62,,5969,,,0,22,,5970,,,0,62,,5971,,,0,20,,5972,,,0,22,,5973,,,0,78,,5974,,,0,80,,5975,,,0,40,,5976,,,0,80,,5977,,,0,80,,5978,,,0,40,,5979,,,0,80,,5980,,,0,80,,5981,,,0,40,,5982,,,0
1445500,'3',838,,5983,,,0,80,,5984,,,0,40,,5985,,,0,80,,5986,,,0,80,,5987,,,0,40,,5988,,,0,80,,5989,,,0,80,,5990,,,0,40,,5991,,,0,80,,5992,,,0,80,,5993,,,0,40,,5994,,,0,80,,5995,,,0,80,,5996,,,0,40,,5997,,,0,80,,5998,,,0,80,,5999,,,0,40,,6000,,,0,80,,6001,,,0,80,,6002,,,0
