1600,'1',626,,2504,4,,,0,32,,2505,4,,,0,72,,2506,4,,,0,72,,2507,4,,,0,32,,2508,4,,,0,72,,2509,4,,,0,32,,2510,4,,,0,72,,2511,4,,,0,32,,2512,4,,,0,72,,2513,4,,,0,32,,2514,4,,,0,72,,2524,4,,,0,32,,2525,4,,,0,72,,2515,4,,,0,32,,2516,4,,,0,72,,2517,4,,,0,32,,2518,4,,,0,72,,2519,4,,,0,72,,2520,4,,,0,32,,2521,4,,,0,72,,2522,4,,,0,32,,2526,4,,,0,72,,2523,4,,,0,32,,2527,4,,,0,75,,2528,4,,,0,100,,2529,4,,,0,100,,2530,4,,,0,100,,2531,4,,,0,100,,2532,4,,,0
1600,'2',621,,2533,4,,,0,100,,2534,4,,,0,100,,2535,4,,,0,100,,2536,4,,,0,100,,2537,4,,,0,102,,2538,4,,,0,34,,2539,4,,,0,72,,2540,4,,,0,72,,2541,4,,,0,32,,2542,4,,,0,72,,2543,4,,,0,32,,2544,4,,,0,72,,2545,4,,,0,32,,2546,4,,,0,72,,2547,4,,,0,32,,2548,4,,,0,72,,2549,4,,,0,32,,2550,4,,,0,72,,2551,4,,,0,32,,2552,4,,,0,100,,2553,4,,,0,100,,2554,4,,,0,100,,2555,4,,,0
1600,'3',817,,2569,4,,,0,100,,2556,4,,,0,100,,2557,4,,,0,100,,2558,4,,,0,100,,2559,4,,,0,100,,2560,4,,,0,100,,2561,4,,,0,100,,2562,4,,,0,100,,2563,4,,,0,100,,2564,4,,,0,100,,2565,4,,,0,100,,2566,4,,,0,100,,2567,4,,,0,101,,2568,4,,,0
4300,'1',618,,4021,4,,,0,30,,4022,4,,,0,66,,4023,4,,,0,30,,4024,4,,,0,70,,4025,4,,,0,30,,4026,4,,,0,69,,4027,4,,,0,27,,4028,4,,,0,70,,4029,4,,,0,30,,4030,4,,,0,70,,4031,4,,,0,30,,4032,4,,,0,70,,4033,4,,,0,30,,4034,4,,,0,70,,4035,4,,,0,30,,4036,4,,,0,70,,4037,4,,,0,30,,4038,4,,,0,67,,4039,4,,,0,30,,4040,4,,,0,70,,4041,4,,,0,30,,4042,4,,,0,70,,4043,4,,,0,30,,4044,4,,,0,70,,4045,4,,,0,30,,4046,4,,,0,70,,4047,4,,,0,100,,4048,4,,,0,100,,4049,4,,,0,100,,4050,4,,,0
4300,'2',637,,4052,4,,,0,100,,4053,4,,,0,100,,4054,4,,,0,100,,4055,4,,,0,100,,4056,4,,,0,70,,4070,4,,,0,30,,4057,4,,,0,70,,4071,4,,,0,30,,4058,4,,,0,100,,4059,4,,,0,70,,4073,4,,,0,30,,4060,4,,,0,70,,4074,4,,,0,30,,4061,4,,,0,70,,4075,4,,,0,30,,4062,4,,,0,70,,4076,4,,,0,30,,4063,4,,,0,70,,4077,4,,,0,30,,4064,4,,,0,100,,4065,4,,,0,100,,4066,4,,,0,100,,4067,4,,,0,100,,4068,4,,,0
4300,'3',837,,4078,4,,,0,100,,4079,4,,,0,100,,4080,4,,,0,100,,4081,4,,,0,100,,4082,4,,,0,100,,4083,4,,,0,100,,4084,4,,,0,100,,4085,4,,,0,100,,4086,4,,,0,100,,4087,4,,,0,100,,4088,4,,,0,100,,4089,4,,,0,100,,4090,4,,,0,100,,4091,4,,,0
4400,'1',625,,4161,4,,,0,30,,4162,4,,,0,66,,4163,4,,,0,30,,4164,4,,,0,70,,4165,4,,,0,30,,4166,4,,,0,69,,4167,4,,,0,28,,4168,4,,,0,70,,4169,4,,,0,30,,4170,4,,,0,70,,4171,4,,,0,30,,4172,4,,,0,70,,4173,4,,,0,30,,4174,4,,,0,70,,4175,4,,,0,30,,4176,4,,,0,70,,4177,4,,,0,30,,4178,4,,,0,67,,4179,4,,,0,30,,4180,4,,,0,70,,4181,4,,,0,30,,4182,4,,,0,70,,4183,4,,,0,30,,4184,4,,,0,102,,4185,4,,,0,100,,4186,4,,,0,100,,4187,4,,,0,100,,4188,4,,,0,100,,4189,4,,,0,101,,4190,4,,,0
4400,'2',717,,4200,4,,,0,100,,4199,4,,,0,100,,4198,4,,,0,100,,4197,4,,,0,100,,4202,4,,,0,30,,4203,4,,,0,70,,4204,4,,,0,30,,4205,4,,,0,70,,4206,4,,,0,30,,4207,4,,,0,70,,4208,4,,,0,30,,4209,4,,,0,70,,4210,4,,,0,30,,4211,4,,,0,100,,4212,4,,,0,70,,4213,4,,,0,30,,4214,4,,,0,70,,4215,4,,,0,30,,4216,4,,,0,70,,4196,4,,,0,100,,4195,4,,,0,100,,4194,4,,,0,100,,4193,4,,,0,100,,4192,4,,,0
4400,'3',917,,4229,4,,,0,100,,4228,4,,,0,100,,4224,4,,,0,100,,4223,4,,,0,100,,4222,4,,,0,100,,4221,4,,,0,100,,4220,4,,,0,100,,4219,4,,,0,100,,4218,4,,,0,100,,4217,4,,,0,100,,4227,4,,,0,100,,4226,4,,,0,100,,4225,4,,,0
4500,'1',632,,4291,4,,,0,26,,4292,4,,,0,70,,4293,4,,,0,30,,4294,4,,,0,70,,4295,4,,,0,30,,4296,4,,,0,69,,4297,4,,,0,30,,4298,4,,,0,70,,4299,4,,,0,30,,4300,4,,,0,70,,4301,4,,,0,30,,4302,4,,,0,70,,4303,4,,,0,30,,4304,4,,,0,70,,4305,4,,,0,30,,4306,4,,,0,70,,4307,4,,,0,30,,4308,4,,,0,66,,4309,4,,,0,30,,4310,4,,,0,70,,4311,4,,,0,30,,4312,4,,,0,70,,4313,4,,,0,93,,4314,4,,,0,111,,4315,4,,,0,100,,4316,4,,,0,100,,4317,4,,,0,100,,4318,4,,,0,100,,4319,4,,,0
4500,'2',657,,4328,4,,,0,100,,4327,4,,,0,100,,4326,4,,,0,100,,4325,4,,,0,100,,4320,4,,,0,70,,4330,4,,,0,30,,4331,4,,,0,70,,4332,4,,,0,30,,4333,4,,,0,70,,4334,4,,,0,30,,4335,4,,,0,70,,4336,4,,,0,30,,4337,4,,,0,70,,4338,4,,,0,30,,4339,4,,,0,70,,4340,4,,,0,30,,4341,4,,,0,70,,4342,4,,,0,30,,4343,4,,,0,70,,4344,4,,,0,30,,4345,4,,,0,100,,4324,4,,,0,100,,4323,4,,,0,100,,4322,4,,,0
4500,'3',857,,4358,4,,,0,100,,4357,4,,,0,100,,4346,4,,,0,100,,4356,4,,,0,100,,4355,4,,,0,100,,4354,4,,,0,100,,4353,4,,,0,100,,4352,4,,,0,100,,4351,4,,,0,100,,4350,4,,,0,100,,4349,4,,,0,101,,4348,4,,,0,99,,4347,4,,,0
4600,'1',610,,4424,4,,,0,29,,4425,4,,,0,66,,4426,4,,,0,30,,4427,4,,,0,70,,4428,4,,,0,30,,4429,4,,,0,71,,4430,4,,,0,29,,4431,4,,,0,70,,4432,4,,,0,30,,4433,4,,,0,70,,4434,4,,,0,30,,4435,4,,,0,70,,4436,4,,,0,30,,4437,4,,,0,70,,4438,4,,,0,30,,4439,4,,,0,70,,4440,4,,,0,29,,4441,4,,,0,25,,4442,4,,,0,70,,4443,4,,,0,30,,4444,4,,,0,70,,4445,4,,,0,30,,4446,4,,,0,70,,4447,4,,,0,30,,4448,4,,,0
