1472601,'1',552,,16393,11,,,0,80,,16394,11,,,0,80,,16395,11,,,0,40,,16396,11,,,0,78,,16418,2,,,0,2,,16397,11,,,0,78,,16419,2,,,0,2,,16398,11,,,0,40,,16399,11,,,0,80,,16400,11,,,0,80,,16401,11,,,0,40,,16402,11,,,0,80,,16403,11,,,0,80,,16404,11,,,0,40,,16405,11,,,0,80,,16406,11,,,0,80,,16407,11,,,0,40,,16408,11,,,0,80,,16409,11,,,0,80,,16410,11,,,0,40,,16411,11,,,0,80,,16412,11,,,0,84,,16413,11,,,0,100,,16414,11,,,0,100,,16415,11,,,0,100,,16416,11,,,0
1472601,'2',716,,16420,11,,,0,100,,16421,11,,,0,100,,16422,11,,,0,100,,16423,11,,,0,96,,16424,11,,,0,40,,16425,11,,,0,80,,16426,11,,,0,80,,16427,11,,,0,40,,16428,11,,,0,80,,16429,11,,,0,80,,16430,11,,,0,40,,16431,11,,,0,80,,16432,11,,,0,80,,16433,11,,,0,40,,16434,11,,,0,80,,16435,11,,,0,84,,16436,11,,,0,100,,16437,11,,,0,100,,16438,11,,,0
1472601,'3',916,,16443,11,,,0,100,,16444,11,,,0,100,,16445,11,,,0,100,,16446,11,,,0,100,,16447,11,,,0,100,,16448,11,,,0,100,,16449,11,,,0,100,,16450,11,,,0,100,,16451,11,,,0,100,,16452,11,,,0,100,,16440,11,,,0,100,,16441,11,,,0,97,,16442,11,,,0
1473101,'1',611,,16565,12,,,0,40,,16543,12,,,0,79,,16566,2,,,0,1,,16544,12,,,0,80,,16545,12,,,0,40,,16546,12,,,0,80,,16547,12,,,0,80,,16548,12,,,0,40,,16549,12,,,0,80,,16550,12,,,0,80,,16551,12,,,0,40,,16552,12,,,0,80,,16553,12,,,0,80,,16554,12,,,0,40,,16555,12,,,0,80,,16556,12,,,0,80,,16557,12,,,0,40,,16558,12,,,0,80,,16559,12,,,0,80,,16560,12,,,0,35,,16561,12,,,0,99,,16562,12,,,0,100,,16563,12,,,0,100,,16564,12,,,0
1473101,'1201',850,,16568,2,,,0,80,,16567,2,,,0
1473101,'12801',850,,16569,2,,,0,80,,16570,2,,,0
1473101,'2',645,,16590,12,,,0,200,,16571,12,,,0,100,,16572,12,,,0,100,,16573,12,,,0,93,,16574,12,,,0,73,,16575,12,,,0,40,,16576,12,,,0,80,,16577,12,,,0,80,,16578,12,,,0,40,,16579,12,,,0,80,,16580,12,,,0,80,,16581,12,,,0,40,,16582,12,,,0,80,,16583,12,,,0,80,,16584,12,,,0,35,,16585,12,,,0,99,,16586,12,,,0,100,,16587,12,,,0,100,,16588,12,,,0,100,,16589,12,,,0
1473101,'3',945,,16591,12,,,0,100,,16592,12,,,0,100,,16593,12,,,0,100,,16594,12,,,0,100,,16595,12,,,0,100,,16596,12,,,0,100,,16597,12,,,0,100,,16598,12,,,0,100,,16599,12,,,0,100,,16600,12,,,0,100,,16601,12,,,0,100,,16602,12,,,0
1473901,'1',646,,17634,17,,,0,69,,17635,17,,,0,28,,17636,17,,,0,68,,17637,17,,,0,28,,17638,17,,,0,68,,17639,17,,,0,27,,17640,17,,,0,67,,17641,17,,,0,23,,17642,17,,,0,78,,17643,17,,,0,35,,17644,17,,,0,75,,17645,17,,,0,35,,17646,17,,,0,75,,17647,17,,,0,35,,17648,17,,,0,69,,17649,17,,,0,76,,17650,17,,,0,33,,17651,17,,,0,23,,17652,17,,,0,65,,17653,17,,,0,28,,17654,17,,,0,68,,17655,17,,,0,28,,17656,17,,,0,68,,17657,17,,,0,28,,17658,17,,,0,65,,17659,17,,,0,38,,17660,17,,,0,80,,17661,17,,,0,80,,17662,17,,,0,40,,17663,17,,,0,80,,17664,17,,,0
1473901,'2',632,,17666,17,,,0,80,,17667,17,,,0,40,,17668,17,,,0,80,,17669,17,,,0,80,,17670,17,,,0,40,,17671,17,,,0,80,,17672,17,,,0,80,,17673,17,,,0,40,,17674,17,,,0,75,,17675,17,,,0,25,,17676,17,,,0,65,,17677,17,,,0,25,,17678,17,,,0,65,,17679,17,,,0,25,,17680,17,,,0,25,,17681,17,,,0,65,,17682,17,,,0,25,,17683,17,,,0,65,,17684,17,,,0,25,,17685,17,,,0,65,,17686,17,,,0,25,,17687,17,,,0,25,,17688,17,,,0,65,,17689,17,,,0,25,,17690,17,,,0,65,,17691,17,,,0,25,,17692,17,,,0,80,,17693,17,,,0,40,,17694,17,,,0,80,,17695,17,,,0,80,,17696,17,,,0,40,,17697,17,,,0
1473901,'3',929,,17699,17,,,0,80,,17700,17,,,0,40,,17701,17,,,0,80,,17702,17,,,0,80,,17703,17,,,0,40,,17704,17,,,0,80,,17705,17,,,0,80,,17706,17,,,0,40,,17707,17,,,0,80,,17708,17,,,0,80,,17709,17,,,0,40,,17710,17,,,0,80,,17711,17,,,0,80,,17712,17,,,0,40,,17713,17,,,0,80,,17714,17,,,0,80,,17715,17,,,0,40,,17716,17,,,0,80,,17717,17,,,0
