500,'1',1944,,781,3,4,,0,100,,782,3,4,,0,100,,783,3,4,,0,100,,784,3,4,,0,100,,785,3,4,,0
500,'2',644,,820,3,4,,0,100,,818,3,4,,0,100,,816,3,4,,0,100,,814,3,4,,0,1000,,799,3,4,,0,100,,798,3,4,,0,100,,797,3,4,,0,100,,796,3,4,,0,100,,795,3,4,,0
500,'3',944,,849,3,4,,0,100,,836,3,4,,0,100,,853,3,4,,0,100,,854,3,4,,0,100,,855,3,4,,0,100,,856,3,4,,0,100,,857,3,4,,0,100,,858,3,4,,0,100,,859,3,4,,0,100,,841,3,4,,0,100,,840,3,4,,0,100,,839,3,4,,0
1101,'1',1829,,1991,37,4,,0,30,,1990,37,4,,0
1101,'2',1829,,2021,37,4,,0,30,,2038,37,4,,0
1101,'3',2135,,2049,37,4,,0
1201,'1',614,,2150,38,4,,0,30,,2151,38,4,,0,70,,2121,38,4,,0,30,,2122,38,4,,0,70,,2123,38,4,,0,30,,2124,38,4,,0,70,,2125,38,4,,0,30,,2126,38,4,,0,70,,2127,38,4,,0,30,,2128,38,4,,0,70,,2129,38,4,,0,30,,2130,38,4,,0,70,,2131,38,4,,0,30,,2132,38,4,,0,70,,2133,38,4,,0,30,,2134,38,4,,0,70,,2135,38,4,,0,30,,2136,38,4,,0,70,,2137,38,4,,0,30,,2138,38,4,,0,70,,2139,38,4,,0,30,,2140,38,4,,0,70,,2141,38,4,,0,30,,2142,38,4,,0,70,,2143,38,4,,0,30,,2144,38,4,,0,70,,2145,38,4,,0,100,,2146,38,4,,0,100,,2147,38,4,,0,100,,2148,38,4,,0
1201,'2',714,,2152,38,4,,0,100,,2153,38,4,,0,100,,2154,38,4,,0,100,,2155,38,4,,0,100,,2156,38,4,,0,30,,2157,38,4,,0,70,,2158,38,4,,0,30,,2159,38,4,,0,70,,2160,38,4,,0,30,,2161,38,4,,0,70,,2162,38,4,,0,30,,2163,38,4,,0,70,,2164,38,4,,0,30,,2165,38,4,,0,70,,2166,38,4,,0,30,,2167,38,4,,0,70,,2168,38,4,,0,30,,2169,38,4,,0,70,,2170,38,4,,0,30,,2171,38,4,,0,70,,2172,38,4,,0,100,,2173,38,4,,0,100,,2174,38,4,,0,100,,2175,38,4,,0
1201,'3',914,,2177,38,4,,0,100,,2178,38,4,,0,100,,2179,38,4,,0,100,,2180,38,4,,0,100,,2181,38,4,,0,100,,2182,38,4,,0,100,,2183,38,4,,0,100,,2184,38,4,,0,100,,2185,38,4,,0,100,,2186,38,4,,0,100,,2187,38,4,,0,100,,2188,38,4,,0,100,,2189,38,4,,0
1901,'1',716,,3218,1,,,0,30,,3219,1,,,0,70,,3220,1,,,0,30,,3221,1,,,0,70,,3222,1,,,0,30,,3223,1,,,0,70,,3224,1,,,0,30,,3225,1,,,0,70,,3226,1,,,0,30,,3227,1,,,0,70,,3228,1,,,0,30,,3229,1,,,0,70,,3230,1,,,0,30,,3231,1,,,0,70,,3232,1,,,0,30,,3233,1,,,0,70,,3234,1,,,0,30,,3235,1,,,0,70,,3236,1,,,0,30,,3237,1,,,0,70,,3238,1,,,0,30,,3239,1,,,0,170,,3240,1,,,0,100,,3241,1,,,0,100,,3242,1,,,0,100,,3243,1,,,0,100,,3244,1,,,0
1901,'2',716,,3270,1,,,0,100,,3269,1,,,0,100,,3268,1,,,0,100,,3267,1,,,0,100,,3266,1,,,0,30,,3265,1,,,0,70,,3264,1,,,0,30,,3263,1,,,0,70,,3262,1,,,0,30,,3261,1,,,0,70,,3260,1,,,0,30,,3259,1,,,0,70,,3258,1,,,0,30,,3257,1,,,0,70,,3256,1,,,0,30,,3255,1,,,0,70,,3254,1,,,0,30,,3253,1,,,0,70,,3271,1,,,0,100,,3252,1,,,0,100,,3251,1,,,0,100,,3250,1,,,0,100,,3249,1,,,0
1901,'3',916,,3284,1,,,0,100,,3283,1,,,0,100,,3282,1,,,0,100,,3281,1,,,0,100,,3280,1,,,0,100,,3279,1,,,0,100,,3278,1,,,0,100,,3277,1,,,0,100,,3276,1,,,0,100,,3285,1,,,0,100,,3275,1,,,0,100,,3274,1,,,0,101,,3273,1,0,23 12,0
3000,'1',608,,3695,1,,,0,40,,3697,1,,,0,80,,3699,1,,,0,80,,3700,1,,,0,40,,3701,1,,,0,83,,3702,1,,,0,80,,3703,1,,,0,40,,3704,1,,,0,80,,3705,1,,,0,80,,3706,1,,,0,40,,3707,1,,,0,402,,3709,1,,,0,80,,3710,1,,,0,80,,3711,1,,,0,133,,3689,1,,,0,100,,3690,1,,,0,100,,3691,1,,,0,100,,3692,1,,,0,101,,3693,1,,,0
3000,'2',746,,3738,1,,,0,100,,3739,1,,,0,100,,3740,1,,,0,105,,3741,1,,,0,80,,3742,1,,,0,80,,3743,1,,,0,40,,3744,1,,,0,80,,3745,1,,,0,80,,3746,1,,,0,40,,3747,1,,,0,80,,3748,1,,,0,80,,3749,1,,,0,40,,3750,1,,,0,80,,3751,1,,,0,80,,3752,1,,,0,35,,3734,1,,,0,100,,3735,1,,,0
3000,'3',846,,3781,1,,,0,100,,3782,1,,,0,100,,3783,1,,,0,100,,3784,1,,,0,100,,3785,1,,,0,100,,3786,1,,,0,100,,3787,1,,,0,100,,3788,1,,,0,100,,3789,1,,,0,100,,3790,1,,,0,100,,3791,1,,,0,100,,3792,1,,,0,101,,3793,1,,,0
3001,'1',622,,3798,11,4,,0,37,,3799,11,4,,0,84,,3800,11,4,,0,80,,3801,11,4,,0,80,,3802,11,4,,0,43,,3803,11,4,,0,77,,3804,11,4,,0,80,,3805,11,4,,0,40,,3806,11,4,,0,80,,3807,11,4,,0,80,,3808,11,4,,0,40,,3809,11,4,,0,80,,3810,11,4,,0,80,,3811,11,4,,0,43,,3812,11,4,,0,82,,3813,11,4,,0,80,,3814,11,4,,0,40,,3815,11,4,,0,80,,3816,11,4,,0,76,,3817,11,4,,0
3001,'2',1044,,3823,11,4,,0,85,,3827,11,4,,0,80,,3828,11,4,,0,40,,3829,11,4,,0,80,,3830,11,4,,0,80,,3831,11,4,,0,40,,3832,11,4,,0,80,,3833,11,4,,0,80,,3834,11,4,,0,40,,3835,11,4,,0,80,,3836,11,4,,0
3500,'1',627,,3881,1,,,0,80,,3882,1,,,0,40,,3883,1,,,0,80,,3884,1,,,0,80,,3885,1,,,0,44,,3886,1,,,0,80,,3887,1,,,0,80,,3888,1,,,0,40,,3889,1,,,0,80,,3890,1,,,0,80,,3891,1,,,0,40,,3892,1,,,0,80,,3893,1,,,0,82,,3894,1,,,0,40,,3895,1,,,0,80,,3896,1,,,0,80,,3897,1,,,0,40,,3898,1,,,0,78,,3899,1,,,0,85,,3857,1,,,0,100,,3858,1,,,0,100,,3859,1,,,0
3500,'2',716,,3926,1,,,0,100,,3927,1,,,0,100,,3928,1,,,0,100,,3929,1,,,0,95,,3930,1,,,0,40,,3931,1,,,0,80,,3932,1,,,0,80,,3933,1,,,0,40,,3934,1,,,0,80,,3935,1,,,0,80,,3936,1,,,0,40,,3937,1,,,0,80,,3938,1,,,0,80,,3939,1,,,0,40,,3940,1,,,0,165,,3906,1,,,0,100,,3907,1,,,0,100,,3908,1,,,0
3500,'3',916,,3952,1,,,0,100,,3953,1,,,0,100,,3954,1,,,0,100,,3955,1,,,0,100,,3956,1,,,0,100,,3957,1,,,0,100,,3958,1,,,0,100,,3959,1,,,0,100,,3960,1,,,0,100,,3961,1,,,0,100,,3964,1,,,0,100,,3965,1,,,0,101,,3966,1,,,0
3501,'1',603,,3970,13,4,,0,40,,3971,13,4,,0,77,,3972,13,4,,0,83,,3973,13,4,,0,40,,3974,13,4,,0,80,,3975,13,4,,0,79,,3976,13,4,,0,43,,3977,13,4,,0,80,,3978,13,4,,0,80,,3979,13,4,,0,40,,3980,13,4,,0,80,,3981,13,4,,0,80,,3982,13,4,,0,40,,3983,13,4,,0,284,,3984,13,4,,0,80,,3985,13,4,,0,40,,3968,13,4,,0,73,,3986,13,4,,0
3501,'2',714,,4001,13,4,,0,100,,4002,13,4,,0,100,,4003,13,4,,0,100,,4004,13,4,,0,95,,4005,13,4,,0,40,,3990,13,4,,0,80,,3991,13,4,,0,80,,3992,13,4,,0,40,,3993,13,4,,0,80,,3994,13,4,,0,80,,3995,13,4,,0,40,,3996,13,4,,0,80,,3997,13,4,,0,80,,3998,13,4,,0,40,,3999,13,4,,0,80,,4000,13,4,,0,85,,3987,13,4,,0,100,,3988,13,4,,0
3501,'3',914,,4006,13,4,,0,100,,4007,13,4,,0,100,,4008,13,4,,0,100,,4009,13,4,,0,100,,4010,13,4,,0,100,,4011,13,4,,0,100,,4012,13,4,,0,100,,4013,13,4,,0,100,,4014,13,4,,0,100,,4015,13,4,,0,100,,4016,13,4,,0,100,,4017,13,4,,0,100,,4018,13,4,,0
