1468800,'1',646,,12215,1,,,0,70,,12216,1,,,0,30,,12217,1,,,0,70,,12218,1,,,0,30,,12219,1,,,0,70,,12220,1,,,0,30,,12221,1,,,0,70,,12222,1,,,0,30,,12223,1,,,0,70,,12224,1,,,0,30,,12225,1,,,0,70,,12226,1,,,0,30,,12227,1,,,0,70,,12228,1,,,0,30,,12229,1,,,0,70,,12230,1,,,0,30,,12231,1,,,0,70,,12232,1,,,0,30,,12233,1,,,0,200,,12206,1,,,0,70,,12207,1,,,0,30,,12208,1,,,0,100,,12209,1,,,0,100,,12210,1,,,0,100,,12211,1,,,0,100,,12212,1,,,0,101,,12213,1,,,0
1468800,'2',646,,12261,1,,,0,100,,12260,1,,,0,100,,12259,1,,,0,100,,12258,1,,,0,100,,12257,1,,,0,70,,12256,1,,,0,30,,12255,1,,,0,70,,12254,1,,,0,30,,12253,1,,,0,70,,12252,1,,,0,30,,12251,1,,,0,70,,12250,1,,,0,30,,12249,1,,,0,70,,12248,1,,,0,30,,12247,1,,,0,70,,12246,1,,,0,30,,12245,1,,,0,70,,12244,1,,,0,30,,12243,1,,,0,70,,12242,1,,,0,30,,12241,1,,,0,100,,12240,1,,,0,100,,12239,1,,,0,100,,12238,1,,,0,201,,12236,1,,,0
1468800,'3',846,,12274,1,,,0,100,,12273,1,,,0,100,,12272,1,,,0,100,,12271,1,,,0,100,,12270,1,,,0,100,,12269,1,,,0,100,,12268,1,,,0,100,,12267,1,,,0,100,,12266,1,,,0,100,,12265,1,,,0,100,,12264,1,,,0,100,,12263,1,,,0,100,,12262,1,,,0
1468901,'2',1111,,12467,15,4,,0
1469000,'1',1844,,12622,3,4,,0
1469000,'2',1844,,12642,3,4,,0
1469401,'1',629,,13508,20,4,,0,15,,13509,39,4,,0,70,,13510,39,4,,0,30,,13511,39,4,,0,70,,13512,39,4,,0,30,,13513,40,4,,0,70,,13514,40,4,,0,30,,13515,39,4,,0,70,,13522,40,4,,0,30,,13516,39,4,,0,70,,13523,40,4,,0,30,,13517,39,4,,0,70,,13524,40,4,,0,30,,13518,39,4,,0,70,,13525,40,4,,0,30,,13519,39,4,,0,70,,13526,40,4,,0,30,,13520,39,4,,0,70,,13527,40,4,,0,30,,13521,39,4,,0,70,,13528,40,4,,0,30,,13531,39,4,,0,70,,13529,39,4,,0,30,,13532,39,4,,0,70,,13530,39,4,,0,30,,13533,39,4,,0,100,,13502,40,4,,0,100,,13503,40,4,,0,100,,13504,40,4,,0,100,,13505,40,4,,0
1469401,'2',643,,13535,20,4,,0,201,,13558,40,4,,0,100,,13547,40,4,,0,100,,13546,40,4,,0,100,,13545,40,4,,0,70,,13557,40,4,,0,30,,13544,39,4,,0,70,,13556,40,4,,0,30,,13543,39,4,,0,70,,13555,40,4,,0,30,,13542,39,4,,0,70,,13554,40,4,,0,30,,13541,39,4,,0,70,,13553,40,4,,0,30,,13552,39,4,,0,70,,13551,40,4,,0,30,,13550,39,4,,0,70,,13549,40,4,,0,30,,13548,39,4,,0,100,,13540,40,4,,0,100,,13539,40,4,,0,100,,13538,40,4,,0,100,,13537,40,4,,0,100,,13536,40,4,,0
1469401,'3',844,,13561,20,4,,0,100,,13571,40,4,,0,100,,13570,40,4,,0,100,,13569,40,4,,0,100,,13568,40,4,,0,100,,13567,40,4,,0,100,,13566,40,4,,0,100,,13565,40,4,,0,100,,13574,40,4,,0,100,,13573,40,4,,0,100,,13572,40,4,,0,100,,13564,40,4,,0,100,,13563,40,4,,0
1469600,'1',631,,13798,1,,,0,70,,13797,1,,,0,30,,13796,1,,,0,70,,13795,1,,,0,30,,13794,1,,,0,70,,13793,1,,,0,30,,13792,1,,,0,70,,13791,1,,,0,30,,13790,1,,,0,70,,13789,1,,,0,30,,13788,1,,,0,70,,13787,1,,,0,30,,13786,1,,,0,70,,13785,1,,,0,30,,13784,1,,,0,70,,13783,1,,,0,30,,13782,1,,,0,70,,13781,1,,,0,30,,13780,1,,,0,70,,13779,1,,,0,30,,13778,1,,,0,70,,13777,1,,,0,30,,13776,1,,,0,70,,13775,1,,,0,45,,13774,1,,,0,100,,13773,1,,,0,100,,13772,1,,,0,100,,13771,1,,,0,201,,13769,1,,,0
1469600,'2',746,,13821,1,,,0,355,,13800,1,,,0,30,,13804,1,,,0,70,,13805,1,,,0,30,,13806,1,,,0,70,,13807,1,,,0,30,,13808,1,,,0,70,,13809,1,,,0,30,,13810,1,,,0,70,,13811,1,,,0,30,,13812,1,,,0,70,,13813,1,,,0,30,,13814,1,,,0,70,,13815,1,,,0,30,,13816,1,,,0,70,,13817,1,,,0,45,,13801,1,,,0,100,,13802,1,,,0,100,,13803,1,,,0,100,,13818,1,,,0,100,,13819,1,,,0
1469600,'3',846,,13832,1,,,0,100,,13833,1,,,0,100,,13834,1,,,0,100,,13823,1,,,0,100,,13824,1,,,0,100,,13825,1,,,0,100,,13826,1,,,0,100,,13827,1,,,0,100,,13828,1,,,0,100,,13829,1,,,0,100,,13830,1,,,0,100,,13822,1,,,0,101,,13831,1,,,0
1469601,'1',659,,13864,37,4,,0,70,,13863,37,4,,0,30,,13862,37,4,,0,70,,13861,37,4,,0,30,,13860,37,4,,0,70,,13859,37,4,,0,30,,13858,37,4,,0,70,,13857,37,4,,0,30,,13856,37,4,,0,70,,13855,37,4,,0,30,,13854,37,4,,0,70,,13853,37,4,,0,30,,13852,37,4,,0,70,,13851,37,4,,0,30,,13850,37,4,,0,70,,13849,37,4,,0,30,,13848,37,4,,0,70,,13847,37,4,,0,30,,13846,37,4,,0,70,,13845,37,4,,0,30,,13844,37,4,,0,70,,13843,37,4,,0,30,,13842,37,4,,0
1469601,'2',1159,,13871,37,4,,0,70,,13875,37,4,,0,30,,13876,37,4,,0,70,,13877,37,4,,0,30,,13878,37,4,,0,70,,13879,37,4,,0,30,,13880,37,4,,0,70,,13881,37,4,,0,30,,13882,37,4,,0,70,,13883,37,4,,0,30,,13884,37,4,,0,70,,13885,37,4,,0,30,,13886,37,4,,0
1469800,'1',731,,14059,1,,,0,70,,14058,1,,,0,30,,14057,1,,,0,70,,14056,1,,,0,100,,14055,1,,,0,100,,14054,1,,,0,100,,14053,1,,,0,100,,14052,1,,,0,100,,14051,1,,,0,100,,14050,1,,,0,100,,14048,1,,,0,30,,14047,1,,,0,70,,14046,1,,,0,30,,14045,1,,,0,70,,14044,1,,,0,100,,14043,1,,,0,100,,14042,1,,,0,100,,14041,1,,,0
1469800,'1201',1531,,14062,1,,,0
1469800,'12801',1531,,14065,1,,,0
1469800,'2',601,,14073,1,,,0,100,,14082,1,,,0,100,,14081,1,,,0,100,,14080,1,,,0,100,,14079,1,,,0,100,,14078,1,,,0,100,,14077,1,,,0,100,,14076,1,,,0,100,,14075,1,,,0,100,,14074,1,,,0,100,,14072,1,,,0,100,,14071,1,,,0,100,,14070,1,,,0,100,,14069,1,,,0,300,,14067,1,,,0
1469800,'3',901,,14095,1,,,0,100,,14094,1,,,0,100,,14093,1,,,0,100,,14092,1,,,0,100,,14091,1,,,0,100,,14090,1,,,0,100,,14089,1,,,0,100,,14088,1,,,0,100,,14087,1,,,0,100,,14086,1,,,0,100,,14085,1,,,0,100,,14084,1,,,0,101,,14083,1,,,0
1469801,'1',729,,14118,35,4,,0,30,,14117,35,4,,0,70,,14116,35,4,,0,30,,14115,35,4,,0,70,,14114,35,4,,0,30,,14113,35,4,,0,100,,14112,35,4,,0,100,,14111,35,4,,0,100,,14110,35,4,,0,100,,14109,35,4,,0,100,,14108,35,4,,0,100,,14107,35,4,,0,70,,14106,35,4,,0,30,,14105,35,4,,0,70,,14104,35,4,,0,30,,14103,35,4,,0,70,,14102,35,4,,0,30,,14101,35,4,,0,100,,14100,35,4,,0,100,,14099,35,4,,0,100,,14098,35,4,,0,100,,14097,35,4,,0,100,,14096,35,4,,0
1469801,'2',659,,14140,35,4,,0,100,,14139,35,4,,0,100,,14138,35,4,,0,100,,14137,35,4,,0,100,,14136,35,4,,0,100,,14135,35,4,,0,100,,14134,35,4,,0,100,,14133,35,4,,0,100,,14132,35,4,,0,100,,14131,35,4,,0,100,,14130,35,4,,0,100,,14129,35,4,,0,100,,14128,35,4,,0,100,,14127,35,4,,0,100,,14126,35,4,,0,100,,14125,35,4,,0,100,,14124,35,4,,0,100,,14123,35,4,,0
1469801,'3',859,,14141,13,4,,0,100,,14144,35,4,,0,100,,14143,35,4,,0,100,,14142,35,4,,0,100,,14153,35,4,,0,100,,14152,35,4,,0,100,,14151,35,4,,0,100,,14150,35,4,,0,100,,14149,35,4,,0,100,,14148,35,4,,0,100,,14147,35,4,,0,100,,14146,35,4,,0,100,,14145,35,4,,0
1469900,'1',659,,14176,3,4,,0,70,,14178,3,4,,0,30,,14180,3,4,,0,70,,14182,3,4,,0,30,,14184,3,4,,0,70,,14194,3,4,,0,30,,14174,3,4,,0,70,,14202,3,4,,0,30,,14173,3,4,,0,70,,14172,3,4,,0,30,,14171,3,4,,0,70,,14185,3,4,,0,30,,14170,3,4,,0,70,,14169,3,4,,0,30,,14168,3,4,,0,70,,14167,3,4,,0,30,,14166,3,4,,0,70,,14165,3,4,,0,30,,14164,3,4,,0,70,,14189,3,4,,0,30,,14163,3,4,,0,70,,14162,3,4,,0,30,,14190,3,4,,0,70,,14192,3,4,,0
1469900,'2',1059,,14216,3,4,,0,70,,14215,3,4,,0,30,,14214,3,4,,0,70,,14236,3,4,,0,30,,14238,3,4,,0,70,,14213,3,4,,0,30,,14212,3,4,,0,70,,14211,3,4,,0,30,,14239,3,4,,0,70,,14210,3,4,,0,30,,14209,3,4,,0,70,,14208,3,4,,0,30,,14207,3,4,,0,70,,14206,3,4,,0,30,,14242,3,4,,0
1470901,'1',1942,,15593,13,4,,0,95,,15594,13,4,,0,100,,15595,13,4,,0
1470901,'2',644,,15619,13,4,,0,100,,15621,13,4,,0,100,,15622,13,4,,0,100,,15623,13,4,,0,1000,,15616,13,4,,0
1470901,'3',844,,15636,13,4,,0,100,,15637,13,4,,0,100,,15638,13,4,,0,100,,15639,13,4,,0,100,,15640,13,4,,0,100,,15641,13,4,,0,100,,15642,13,4,,0,100,,15643,13,4,,0,100,,15644,13,4,,0,100,,15645,13,4,,0,100,,15646,13,4,,0,100,,15647,13,4,,0,100,,15648,13,4,,0,100,,15649,13,4,,0
