1469201,'1',622,,13032,36,,,0,30,,13031,36,,,0,70,,13030,36,,,0,30,,13029,36,,,0,70,,13028,36,,,0,30,,13027,36,,,0,70,,13026,36,,,0,30,,13025,36,,,0,70,,13024,36,,,0,30,,13023,36,,,0,70,,13022,36,,,0,30,,13021,36,,,0,70,,13020,36,,,0,30,,13019,36,,,0,70,,13018,36,,,0,30,,13017,36,,,0,70,,13016,36,,,0,30,,13015,36,,,0,70,,13014,36,,,0,30,,13013,36,,,0,70,,13012,36,,,0,30,,13011,36,,,0,70,,13010,36,,,0,30,,13009,36,,,0,70,,13008,36,,,0,30,,13007,36,,,0,70,,13006,36,,,0,100,,13005,36,,,0,100,,13004,36,,,0,100,,13003,36,,,0,100,,13002,36,,,0
1469201,'2',721,,13057,36,,,0,100,,13056,36,,,0,100,,13055,36,,,0,100,,13054,36,,,0,100,,13053,36,,,0,30,,13052,36,,,0,70,,13051,36,,,0,30,,13050,36,,,0,70,,13049,36,,,0,30,,13048,36,,,0,70,,13047,36,,,0,30,,13046,36,,,0,70,,13045,36,,,0,30,,13044,36,,,0,70,,13043,36,,,0,30,,13042,36,,,0,70,,13041,36,,,0,30,,13040,36,,,0,70,,13039,36,,,0,30,,13038,36,,,0,70,,13037,36,,,0,100,,13036,36,,,0,100,,13035,36,,,0,100,,13034,36,,,0,100,,13033,36,,,0
1469201,'3',922,,13070,36,,,0,100,,13069,36,,,0,100,,13068,36,,,0,100,,13067,36,,,0,100,,13066,36,,,0,100,,13065,36,,,0,100,,13064,36,,,0,100,,13063,36,,,0,100,,13062,36,,,0,100,,13061,36,,,0,100,,13060,36,,,0,100,,13059,36,,,0,86,,13058,36,,,0
1470401,'1',702,,15138,37,,,0,30,,15137,37,,,0,70,,15139,37,,,0,30,,15136,37,,,0,70,,15135,37,,,0
1470901,'1',618,,15597,9,,,0,37,,15598,9,,,0,162,,15599,9,,,0,40,,15600,9,,,0,83,,15601,9,,,0,77,,15602,9,,,0,40,,15603,9,,,0,80,,15604,9,,,0,80,,15605,9,,,0,40,,15606,9,,,0,80,,15607,9,,,0,80,,15608,9,,,0,40,,15609,9,,,0,83,,15610,9,,,0,82,,15611,9,,,0,80,,15612,9,,,0,40,,15613,9,,,0,80,,15614,9,,,0,78,,15615,9,,,0,38,,15593,9,,,0,95,,15594,9,,,0,100,,15595,9,,,0
1470901,'2',640,,15619,9,,,0,99,,15621,9,,,0,100,,15622,9,,,0,100,,15623,9,,,0,100,,15620,9,,,0,83,,15624,9,,,0,80,,15625,9,,,0,40,,15626,9,,,0,80,,15627,9,,,0,80,,15628,9,,,0,40,,15629,9,,,0,80,,15630,9,,,0,80,,15631,9,,,0,40,,15632,9,,,0,80,,15633,9,,,0,80,,15634,9,,,0,37,,15635,9,,,0,100,,15616,9,,,0,100,,15617,9,,,0
1470901,'3',838,,15636,9,,,0,100,,15637,9,,,0,100,,15638,9,,,0,100,,15639,9,,,0,100,,15640,9,,,0,100,,15641,9,,,0,100,,15642,9,,,0,100,,15643,9,,,0,100,,15644,9,,,0,100,,15645,9,,,0,100,,15646,9,,,0,100,,15647,9,,,0,100,,15648,9,,,0,100,,15649,9,,,0
1471901,'1',559,,15820,9,,,0,80,,15821,9,,,0,75,,15822,9,,,0,43,,15823,9,,,0,80,,15824,9,,,0,80,,15825,9,,,0,39,,15826,9,,,0,83,,15827,9,,,0,80,,15828,9,,,0,40,,15829,9,,,0,80,,15830,9,,,0,80,,15831,9,,,0,40,,15832,9,,,0,80,,15833,9,,,0,164,,15834,9,,,0,40,,15835,9,,,0,80,,15836,9,,,0,80,,15837,9,,,0,40,,15816,9,,,0,75,,15838,9,,,0,85,,15817,9,,,0,100,,15818,9,,,0
1471901,'2',709,,15853,9,,,0,100,,15854,9,,,0,100,,15855,9,,,0,100,,15856,9,,,0,95,,15857,9,,,0,40,,15842,9,,,0,80,,15843,9,,,0,80,,15844,9,,,0,40,,15845,9,,,0,80,,15846,9,,,0,80,,15847,9,,,0,40,,15848,9,,,0,80,,15849,9,,,0,80,,15850,9,,,0,40,,15851,9,,,0,80,,15852,9,,,0,85,,15839,9,,,0,100,,15840,9,,,0
1471901,'3',909,,15858,9,,,0,100,,15859,9,,,0,100,,15860,9,,,0,100,,15861,9,,,0,100,,15862,9,,,0,100,,15863,9,,,0,100,,15864,9,,,0,100,,15865,9,,,0,100,,15866,9,,,0,100,,15867,9,,,0,100,,15868,9,,,0,100,,15869,9,,,0,100,,15870,9,,,0
