1700,'1',703,,2636,13,0,7,0,20,,2637,13,0,7,0,20,,2638,13,0,7,0,60,,2639,13,0,7,0,20,,2640,13,0,7,0,20,,2641,13,0,7,0,60,,2642,13,0,7,0,20,,2643,13,0,7,0,20,,2670,13,0,7,0,73,,2671,13,0,7,0,35,,2672,13,0,7,0,70,,2673,13,0,7,0,30,,2674,13,0,7,0,70,,2675,13,0,7,0,30,,2676,13,0,7,0,70,,2677,13,0,7,0,30,,2678,13,0,7,0,75,,2679,13,0,7,0,23,,2680,13,0,7,0,60,,2716,13,0,7,0,19,,2644,13,0,7,0,18,,2645,13,0,7,0,60,,2646,13,0,7,0,20,,2647,13,0,7,0,20,,2648,13,0,7,0,60,,2649,13,0,7,0,20,,2650,13,0,7,0,20,,2651,13,0,7,0,60,,2652,13,0,7,0,20,,2692,13,0,7,0,20,,2693,13,0,7,0,66,,2694,13,0,7,0,45,,2697,13,0,7,0,85,,2698,13,0,7,0,85,,2699,13,0,7,0,85,,2700,13,0,7,0,45,,2701,13,0,7,0,85,,2702,13,0,7,0
1700,'2',646,,2736,13,0,7,0,85,,2737,13,0,7,0,85,,2738,13,0,7,0,85,,2739,13,0,7,0,45,,2740,13,0,7,0,85,,2741,13,0,7,0,85,,2742,13,0,7,0,30,,2751,13,0,7,0,70,,2752,13,0,7,0,30,,2753,13,0,7,0,70,,2754,13,0,7,0,30,,2755,13,0,7,0,70,,2756,13,0,7,0,30,,2757,13,0,7,0,70,,2758,13,0,7,0,30,,2759,13,0,7,0,70,,2760,13,0,7,0,30,,2761,13,0,7,0,70,,2762,13,0,7,0,30,,2763,13,0,7,0,70,,2764,13,0,7,0,30,,2765,13,0,7,0,85,,2783,13,0,7,0,85,,2781,13,0,7,0,130,,2782,13,0,7,0
1700,'3',859,,2790,13,0,7,0,85,,2791,13,0,7,0,85,,2792,13,0,7,0,85,,2793,13,0,7,0,45,,2794,13,0,7,0,85,,2795,13,0,7,0,85,,2823,13,0,7,0,85,,2796,13,0,7,0,45,,2797,13,0,7,0,85,,2798,13,0,7,0,85,,2799,13,0,7,0,85,,2800,13,0,7,0,45,,2801,13,0,7,0,85,,2802,13,0,7,0,85,,2803,13,0,7,0,85,,2804,13,0,7,0,45,,2805,13,0,7,0
2601,'1',659,,3406,18,,,0,71,,3407,18,,,0,73,,3408,18,,,0,30,,3409,18,,,0,70,,3410,18,,,0,30,,3411,18,,,0,70,,3412,18,,,0,27,,3413,18,,,0,70,,3414,18,,,0,30,,3415,18,,,0,70,,3416,18,,,0,30,,3417,18,,,0,70,,3418,18,,,0,30,,3419,18,,,0,70,,3420,18,,,0,30,,3421,18,,,0,70,,3422,18,,,0,29,,3423,18,,,0,73,,3424,18,,,0,30,,3425,18,,,0,70,,3426,18,,,0,30,,3427,18,,,0,70,,3428,18,,,0,30,,3429,18,,,0,70,,3430,18,,,0,20,,3399,18,,,0,80,,3400,18,,,0,40,,3401,18,,,0,80,,3402,18,,,0,80,,3403,18,,,0,40,,3404,18,,,0
2601,'2',722,,3431,18,,,0,80,,3432,18,,,0,40,,3433,18,,,0,80,,3434,18,,,0,80,,3435,18,,,0,40,,3436,18,,,0,80,,3437,18,,,0,30,,3444,18,,,0,70,,3445,18,,,0,30,,3446,18,,,0,70,,3447,18,,,0,30,,3448,18,,,0,70,,3449,18,,,0,30,,3450,18,,,0,70,,3451,18,,,0,31,,3452,18,,,0,70,,3453,18,,,0,30,,3454,18,,,0,70,,3455,18,,,0,30,,3456,18,,,0,70,,3457,18,,,0,30,,3458,18,,,0,73,,3459,18,,,0,76,,3438,18,,,0,40,,3439,18,,,0,80,,3440,18,,,0,80,,3441,18,,,0,40,,3442,18,,,0
2601,'3',922,,3460,18,,,0,80,,3461,18,,,0,40,,3462,18,,,0,80,,3463,18,,,0,80,,3464,18,,,0,40,,3465,18,,,0,80,,3466,18,,,0,80,,3467,18,,,0,40,,3468,18,,,0,80,,3469,18,,,0,80,,3470,18,,,0,40,,3471,18,,,0,80,,3472,18,,,0,80,,3473,18,,,0,40,,3474,18,,,0,80,,3475,18,,,0,80,,3476,18,,,0,40,,3477,18,,,0,80,,3478,18,,,0,34,,3479,18,,,0
2701,'1',604,,3596,18,,,0,40,,3572,18,,,0,70,,3573,18,,,0,32,,3574,18,,,0,70,,3575,18,,,0,30,,3576,18,,,0,100,,3577,18,,,0,70,,3578,18,,,0,30,,3579,18,,,0,70,,3580,18,,,0,30,,3581,18,,,0,70,,3582,18,,,0,30,,3583,18,,,0,70,,3584,18,,,0,30,,3585,18,,,0,70,,3586,18,,,0,30,,3587,18,,,0,70,,3588,18,,,0,31,,3589,18,,,0,70,,3590,18,,,0,30,,3591,18,,,0,70,,3592,18,,,0,30,,3593,18,,,0,70,,3594,18,,,0,30,,3595,18,,,0,77,,3564,18,,,0,80,,3565,18,,,0,40,,3566,18,,,0,80,,3567,18,,,0,80,,3568,18,,,0,40,,3569,18,,,0,80,,3570,18,,,0
2701,'2',723,,3598,18,,,0,80,,3599,18,,,0,40,,3600,18,,,0,80,,3601,18,,,0,80,,3602,18,,,0,40,,3603,18,,,0,80,,3604,18,,,0,80,,3605,18,,,0,32,,3606,18,,,0,70,,3613,18,,,0,30,,3614,18,,,0,70,,3615,18,,,0,30,,3616,18,,,0,70,,3617,18,,,0,31,,3618,18,,,0,70,,3619,18,,,0,30,,3620,18,,,0,70,,3621,18,,,0,30,,3622,18,,,0,70,,3623,18,,,0,30,,3624,18,,,0,70,,3625,18,,,0,30,,3626,18,,,0,68,,3627,18,,,0,40,,3607,18,,,0,80,,3608,18,,,0,80,,3609,18,,,0,40,,3610,18,,,0,80,,3611,18,,,0
2701,'3',906,,3628,18,,,0,40,,3629,18,,,0,80,,3630,18,,,0,80,,3631,18,,,0,40,,3632,18,,,0,80,,3633,18,,,0,80,,3634,18,,,0,40,,3635,18,,,0,80,,3636,18,,,0,80,,3637,18,,,0,40,,3638,18,,,0,80,,3639,18,,,0,80,,3640,18,,,0,40,,3641,18,,,0,80,,3642,18,,,0,80,,3643,18,,,0,40,,3644,18,,,0,80,,3645,18,,,0,80,,3646,18,,,0
2901,'1',703,,3665,26,,,0,40,,3666,26,,,0,80,,3667,26,,,0,80,,3668,26,,,0,40,,3669,26,,,0,80,,3670,26,,,0,80,,3671,26,,,0,40,,3672,26,,,0,80,,3673,26,,,0,80,,3674,26,,,0,40,,3675,26,,,0,80,,3682,26,,,0,80,,3676,26,,,0,40,,3677,26,,,0,80,,3678,26,,,0,80,,3679,26,,,0,40,,3680,26,,,0,80,,3681,26,,,0
5001,'1',609,,4536,20,,,0,40,,4537,20,,,0,80,,4538,20,,,0,80,,4539,20,,,0,40,,4540,20,,,0,80,,4541,20,,,0,80,,4542,20,,,0,40,,4543,20,,,0,80,,4544,20,,,0,80,,4545,20,,,0,40,,4546,20,,,0,80,,4547,20,,,0,80,,4548,20,,,0,40,,4549,20,,,0,80,,4550,20,,,0,80,,4551,20,,,0,40,,4552,20,,,0,80,,4553,20,,,0,80,,4554,20,,,0,40,,4555,20,,,0,84,,4556,20,,,0,100,,4557,20,,,0,100,,4558,20,,,0
5001,'12901',847,,4561,11,,,0,80,,4562,11,,,0
5001,'2',733,,4563,20,,,0,100,,4564,20,,,0,100,,4565,20,,,0,100,,4566,20,,,0,96,,4567,20,,,0,80,,4568,20,,,0,40,,4569,20,,,0,80,,4570,20,,,0,80,,4571,20,,,0,40,,4572,20,,,0,80,,4573,20,,,0,80,,4574,20,,,0,40,,4575,20,,,0,80,,4576,20,,,0,80,,4577,20,,,0,40,,4578,20,,,0,84,,4579,20,,,0,100,,4580,20,,,0,100,,4581,20,,,0
5001,'3',933,,4586,20,,,0,100,,4587,20,,,0,100,,4588,20,,,0,100,,4589,20,,,0,100,,4590,20,,,0,100,,4591,20,,,0,100,,4592,20,,,0,100,,4593,20,,,0,100,,4594,20,,,0,100,,4595,20,,,0,100,,4583,20,,,0,100,,4584,20,,,0,95,,4585,20,,,0
5501,'1',629,,4681,21,,,0,80,,4657,21,,,0,40,,4658,21,,,0,80,,4659,21,,,0,80,,4660,21,,,0,40,,4661,21,,,0,80,,4662,21,,,0,80,,4663,21,,,0,40,,4664,21,,,0,80,,4665,21,,,0,80,,4666,21,,,0,40,,4667,21,,,0,80,,4668,21,,,0,80,,4669,21,,,0,40,,4670,21,,,0,80,,4671,21,,,0,80,,4672,21,,,0,40,,4673,21,,,0,80,,4674,21,,,0,30,,4675,21,,,0,144,,4676,21,,,0,100,,4677,21,,,0,100,,4678,21,,,0,100,,4679,21,,,0
5501,'12901',747,,4684,11,,,0,160,,4682,11,,,0,40,,4683,11,,,0
5501,'13001',907,,4686,11,,,0,40,,4685,11,,,0
5501,'2',703,,4706,21,,,0,100,,4687,21,,,0,100,,4688,21,,,0,100,,4689,21,,,0,100,,4690,21,,,0,51,,4691,21,,,0,75,,4692,21,,,0,80,,4693,21,,,0,40,,4694,21,,,0,80,,4695,21,,,0,80,,4696,21,,,0,40,,4697,21,,,0,80,,4698,21,,,0,80,,4699,21,,,0,40,,4700,21,,,0,80,,4701,21,,,0,30,,4702,21,,,0,144,,4703,21,,,0,100,,4704,21,,,0
5501,'3',1003,,4707,21,,,0,100,,4708,21,,,0,100,,4709,21,,,0,100,,4710,21,,,0,100,,4711,21,,,0,100,,4712,21,,,0,100,,4713,21,,,0,100,,4714,21,,,0,100,,4715,21,,,0,100,,4716,21,,,0,100,,4717,21,,,0,100,,4718,21,,,0
