1440801,'1',547,,2102,,,0,70,,2103,,,0,30,,2077,,,0,70,,2078,,,0,30,,2079,,,0,70,,2080,,,0,30,,2081,,,0,70,,2082,,,0,30,,2083,,,0,70,,2084,,,0,30,,2085,,,0,70,,2086,,,0,30,,2087,,,0,70,,2088,,,0,30,,2089,,,0,70,,2090,,,0,30,,2091,,,0,100,,2092,,,0,100,,2093,,,0,100,,2094,,,0,100,,2095,,,0,102,,2096,,,0,100,,2097,,,0,100,,2098,,,0,100,,2099,,,0,100,,2100,,,0,100,,2101,,,0
1440801,'10801',1417,,2106,,,0,100,,2104,,,0,100,,2107,,,0,100,,2105,,,0,100,,2108,,,0
1440801,'1201',1417,,2109,,,0,100,,2110,,,0,100,,2111,,,0,100,,2112,,,0,100,,2113,,,0
1440801,'2',649,,2114,,,0,100,,2115,,,0,100,,2116,,,0,100,,2117,,,0,100,,2118,,,0,68,,2119,,,0,30,,2120,,,0,70,,2121,,,0,30,,2122,,,0,70,,2123,,,0,30,,2124,,,0,70,,2125,,,0,30,,2126,,,0,70,,2127,,,0,30,,2128,,,0,70,,2129,,,0,30,,2130,,,0,70,,2131,,,0,30,,2132,,,0,70,,2133,,,0,32,,2134,,,0,100,,2135,,,0,100,,2136,,,0,100,,2137,,,0,100,,2138,,,0,100,,2139,,,0
1440801,'3',849,,2140,,,0,100,,2141,,,0,100,,2142,,,0,100,,2143,,,0,100,,2144,,,0,100,,2145,,,0,100,,2146,,,0,100,,2147,,,0,100,,2148,,,0,100,,2149,,,0,100,,2150,,,0,100,,2151,,,0,100,,2152,,,0
1442100,'1',551,,3671,,,0,80,,3673,,,0,80,,3675,,,0,40,,3692,,,0,80,,3693,,,0,80,,3694,,,0,40,,3695,,,0,80,,3696,,,0,120,,3697,,,0,80,,3698,,,0,80,,3699,,,0,40,,3700,,,0,80,,3701,,,0,80,,3702,,,0,40,,3703,,,0,80,,3704,,,0,80,,3705,,,0,40,,3706,,,0,80,,3707,,,0,77,,3659,,,0,100,,3660,,,0,100,,3661,,,0,100,,3662,,,0,100,,3663,,,0,98,,3664,,,0
1442100,'10801',1111,,3709,,,0
1442100,'1201',1111,,3711,,,0
1442100,'2',620,,3724,,,0,88,,3726,,,0,100,,3742,,,0,100,,3743,,,0,100,,3744,,,0,103,,3745,,,0,40,,3746,,,0,80,,3747,,,0,80,,3748,,,0,40,,3749,,,0,80,,3750,,,0,80,,3751,,,0,40,,3752,,,0,80,,3753,,,0,80,,3754,,,0,40,,3755,,,0,80,,3756,,,0,77,,3712,,,0,100,,3713,,,0,100,,3714,,,0,100,,3715,,,0,100,,3716,,,0,98,,3717,,,0
1442100,'3',810,,3757,,,0,96,,3758,,,0,100,,3759,,,0,100,,3760,,,0,100,,3761,,,0,100,,3762,,,0,100,,3763,,,0,100,,3764,,,0,100,,3765,,,0,100,,3766,,,0,100,,3767,,,0,100,,3768,,,0,100,,3769,,,0,100,,3783,,,0
