2900,'1',727,,3647,16,,,0,80,,3649,16,,,0,40,,3650,16,,,0,80,,3651,16,,,0,80,,3652,16,,,0,40,,3653,16,,,0,80,,3654,16,,,0,80,,3655,16,,,0,40,,3656,16,,,0,80,,3657,16,,,0,80,,3658,16,,,0,40,,3659,16,,,0,80,,3660,16,,,0,80,,3661,16,,,0,40,,3662,16,,,0,80,,3663,16,,,0,80,,3664,16,,,0
4300,'1',537,,4019,1,,,0,70,,4020,1,,,0,30,,4021,18,,,0,70,,4022,18,,,0,29,,4023,18,,,0,70,,4024,18,,,0,30,,4025,18,,,0,70,,4026,18,,,0,29,,4027,18,,,0,69,,4028,18,,,0,30,,4029,18,,,0,70,,4030,18,,,0,30,,4031,18,,,0,70,,4032,18,,,0,30,,4033,18,,,0,70,,4034,18,,,0,30,,4035,18,,,0,70,,4036,18,,,0,30,,4037,18,,,0,70,,4038,18,,,0,30,,4039,18,,,0,70,,4040,18,,,0,30,,4041,18,,,0,70,,4042,18,,,0,30,,4043,18,,,0,70,,4044,18,,,0,30,,4045,18,,,0,21,,4046,18,,,0,70,,4047,18,,,0,100,,4048,18,,,0,100,,4049,18,,,0,100,,4050,18,,,0
4300,'2',655,,4052,18,,,0,100,,4053,18,,,0,100,,4054,18,,,0,100,,4055,18,,,0,100,,4056,18,,,0,70,,4070,18,,,0,30,,4057,18,,,0,70,,4071,18,,,0,30,,4058,18,,,0,100,,4059,18,,,0,70,,4073,18,,,0,30,,4060,18,,,0,70,,4074,18,,,0,30,,4061,18,,,0,70,,4075,18,,,0,30,,4062,18,,,0,70,,4076,18,,,0,30,,4063,18,,,0,70,,4077,18,,,0,30,,4064,18,,,0,100,,4065,18,,,0,100,,4066,18,,,0,100,,4067,18,,,0,100,,4068,18,,,0
4300,'3',855,,4078,18,,,0,100,,4079,18,,,0,100,,4080,18,,,0,100,,4081,18,,,0,100,,4082,18,,,0,100,,4083,18,,,0,100,,4084,18,,,0,100,,4085,18,,,0,100,,4086,18,,,0,100,,4087,18,,,0,100,,4088,18,,,0,100,,4089,18,,,0,100,,4090,18,,,0,100,,4091,18,,,0
4400,'1',544,,4159,1,,,0,70,,4160,1,,,0,30,,4161,18,,,0,70,,4162,18,,,0,29,,4163,18,,,0,70,,4164,18,,,0,30,,4165,18,,,0,70,,4166,18,,,0,29,,4167,18,,,0,70,,4168,18,,,0,30,,4169,18,,,0,70,,4170,18,,,0,30,,4171,18,,,0,70,,4172,18,,,0,30,,4173,18,,,0,70,,4174,18,,,0,30,,4175,18,,,0,70,,4176,18,,,0,30,,4177,18,,,0,70,,4178,18,,,0,30,,4179,18,,,0,70,,4180,18,,,0,30,,4181,18,,,0,70,,4182,18,,,0,30,,4183,18,,,0,70,,4184,18,,,0,94,,4185,18,,,0,100,,4186,18,,,0,100,,4187,18,,,0,100,,4188,18,,,0,100,,4189,18,,,0
4400,'2',637,,4201,1,,,0,99,,4200,18,,,0,100,,4199,18,,,0,100,,4198,18,,,0,100,,4197,18,,,0,100,,4202,18,,,0,70,,4203,18,,,0,30,,4204,18,,,0,70,,4205,18,,,0,30,,4206,18,,,0,70,,4207,18,,,0,30,,4208,18,,,0,70,,4209,18,,,0,30,,4210,18,,,0,70,,4211,18,,,0,100,,4212,18,,,0,30,,4213,18,,,0,70,,4214,18,,,0,30,,4215,18,,,0,70,,4216,18,,,0,30,,4196,18,,,0,100,,4195,18,,,0,100,,4194,18,,,0,100,,4193,18,,,0,100,,4192,18,,,0
4400,'3',837,,4230,1,,,0,99,,4229,18,,,0,100,,4228,18,,,0,100,,4224,18,,,0,100,,4223,18,,,0,100,,4222,18,,,0,100,,4221,18,,,0,100,,4220,18,,,0,100,,4219,18,,,0,100,,4218,18,,,0,100,,4217,18,,,0,100,,4227,18,,,0,100,,4226,18,,,0,99,,4225,18,,,0
4500,'1',651,,4291,18,,,0,69,,4292,18,,,0,30,,4293,18,,,0,70,,4294,18,,,0,30,,4295,18,,,0,70,,4296,18,,,0,31,,4297,18,,,0,70,,4298,18,,,0,30,,4299,18,,,0,70,,4300,18,,,0,30,,4301,18,,,0,70,,4302,18,,,0,30,,4303,18,,,0,70,,4304,18,,,0,30,,4305,18,,,0,70,,4306,18,,,0,30,,4307,18,,,0,70,,4308,18,,,0,29,,4309,18,,,0,70,,4310,18,,,0,30,,4311,18,,,0,70,,4312,18,,,0,30,,4313,18,,,0,93,,4314,18,,,0,103,,4315,18,,,0,100,,4316,18,,,0,100,,4317,18,,,0,100,,4318,18,,,0,100,,4319,18,,,0
4500,'2',619,,4329,1,,,0,97,,4328,18,,,0,100,,4327,18,,,0,100,,4326,18,,,0,100,,4325,18,,,0,100,,4320,18,,,0,30,,4330,18,,,0,70,,4331,18,,,0,30,,4332,18,,,0,70,,4333,18,,,0,30,,4334,18,,,0,70,,4335,18,,,0,30,,4336,18,,,0,70,,4337,18,,,0,30,,4338,18,,,0,70,,4339,18,,,0,30,,4340,18,,,0,70,,4341,18,,,0,30,,4342,18,,,0,70,,4343,18,,,0,30,,4344,18,,,0,70,,4345,18,,,0,100,,4324,18,,,0,100,,4323,18,,,0,100,,4322,18,,,0,98,,4321,18,,,0
4500,'3',916,,4358,18,,,0,100,,4357,18,,,0,100,,4346,18,,,0,100,,4356,18,,,0,100,,4355,18,,,0,100,,4354,18,,,0,100,,4353,18,,,0,100,,4352,18,,,0,100,,4351,18,,,0,100,,4350,18,,,0,100,,4349,18,,,0,100,,4348,18,,,0,99,,4347,18,,,0
4600,'1',629,,4424,18,,,0,29,,4425,18,,,0,69,,4426,18,,,0,30,,4427,18,,,0,70,,4428,18,,,0,30,,4429,18,,,0,71,,4430,18,,,0,31,,4431,18,,,0,70,,4432,18,,,0,30,,4433,18,,,0,70,,4434,18,,,0,30,,4435,18,,,0,70,,4436,18,,,0,30,,4437,18,,,0,70,,4438,18,,,0,30,,4439,18,,,0,70,,4440,18,,,0,29,,4441,18,,,0,68,,4442,18,,,0,30,,4443,18,,,0,70,,4444,18,,,0,30,,4445,18,,,0,70,,4446,18,,,0,30,,4447,18,,,0,70,,4448,18,,,0
