301,'1',657,,466,16,,,0,70,,465,16,,,0,30,,464,16,,,0,70,,463,16,,,0,30,,462,16,,,0,70,,461,16,,,0,30,,460,16,,,0,70,,459,16,,,0,30,,458,16,,,0,70,,457,16,,,0,30,,456,16,,,0,70,,455,16,,,0,30,,454,16,,,0,70,,453,16,,,0,30,,452,16,,,0,70,,451,16,,,0,30,,450,16,,,0,70,,449,16,,,0,30,,448,16,,,0,70,,447,16,,,0,30,,446,16,,,0,70,,445,16,,,0,30,,444,16,,,0,70,,443,16,,,0,26,,442,16,,,0,74,,441,16,,,0,100,,440,16,,,0,100,,439,16,,,0,100,,438,16,,,0
301,'2',927,,490,16,,,0,100,,489,16,,,0,100,,488,16,,,0,30,,487,16,,,0,70,,486,16,,,0,30,,485,16,,,0,70,,484,16,,,0,30,,483,16,,,0,70,,482,16,,,0,30,,481,16,,,0,70,,480,16,,,0,30,,479,16,,,0,70,,478,16,,,0,30,,477,16,,,0,70,,476,16,,,0,30,,475,16,,,0,70,,474,16,,,0,26,,473,16,,,0,74,,472,16,,,0,100,,471,16,,,0,100,,470,16,,,0,100,,469,16,,,0,100,,468,16,,,0
301,'3',927,,504,16,,,0,100,,503,16,,,0,100,,502,16,,,0,100,,501,16,,,0,100,,500,16,,,0,100,,499,16,,,0,100,,498,16,,,0,100,,497,16,,,0,100,,496,16,,,0,100,,495,16,,,0,100,,494,16,,,0,100,,493,16,,,0,100,,492,16,,,0
601,'1',611,,1049,37,0,18 19,0,30,,1050,37,0,18 19,0,70,,1019,37,0,18 19,0,30,,1020,37,0,18 19,0,70,,1021,37,0,18 19,0,30,,1022,37,0,18 19,0,70,,1023,37,0,18 19,0,30,,1024,37,0,18 19,0,70,,1025,37,0,18 19,0,30,,1026,37,0,18 19,0,70,,1027,37,0,18 19,0,30,,1028,37,0,18 19,0,70,,1029,37,0,18 19,0,30,,1030,37,0,18 19,0,70,,1031,37,0,18 19,0,30,,1032,37,0,18 19,0,70,,1033,37,0,18 19,0,30,,1034,37,0,18 19,0,70,,1035,37,0,18 19,0,30,,1036,37,0,18 19,0,70,,1037,37,0,18 19,0,30,,1038,37,0,18 19,0,70,,1039,37,0,18 19,0,30,,1040,37,0,18 19,0,70,,1041,37,0,18 19,0,30,,1042,37,0,18 19,0,70,,1043,37,0,18 19,0,30,,1044,37,0,18 19,0,100,,1045,37,0,18 19,0,100,,1046,37,0,18 19,0,100,,1047,37,0,18 19,0
601,'2',741,,1051,37,0,18 19,0,100,,1052,37,0,18 19,0,100,,1053,37,0,18 19,0,100,,1054,37,0,18 19,0,100,,1055,37,0,18 19,0,70,,1056,37,0,18 19,0,30,,1057,37,0,18 19,0,70,,1058,37,0,18 19,0,30,,1059,37,0,18 19,0,70,,1060,37,0,18 19,0,30,,1061,37,0,18 19,0,70,,1062,37,0,18 19,0,30,,1063,37,0,18 19,0,70,,1064,37,0,18 19,0,30,,1065,37,0,18 19,0,70,,1066,37,0,18 19,0,30,,1067,37,0,18 19,0,70,,1068,37,0,18 19,0,30,,1069,37,0,18 19,0,70,,1070,37,0,18 19,0,30,,1071,37,0,18 19,0,100,,1072,37,0,18 19,0,100,,1073,37,0,18 19,0,100,,1074,37,0,18 19,0
601,'3',841,,1077,37,0,18 19,0,100,,1078,37,0,18 19,0,100,,1079,37,0,18 19,0,100,,1080,37,0,18 19,0,100,,1081,37,0,18 19,0,100,,1082,37,0,18 19,0,100,,1083,37,0,18 19,0,100,,1084,37,0,18 19,0,100,,1085,37,0,18 19,0,100,,1086,37,0,18 19,0,100,,1087,37,0,18 19,0,100,,1088,37,0,18 19,0,100,,1089,37,0,18 19,0,95,,1090,37,0,18 19,0
1900,'1',613,,3146,35,,,0,30,,3147,35,,,0,70,,3148,35,,,0,30,,3149,35,,,0,70,,3150,35,,,0,30,,3176,35,,,0,70,,3151,35,,,0,30,,3152,35,,,0,70,,3153,35,,,0,30,,3154,35,,,0,70,,3155,35,,,0,30,,3156,35,,,0,70,,3157,35,,,0,30,,3158,35,,,0,70,,3159,35,,,0,30,,3160,35,,,0,70,,3161,35,,,0,30,,3162,35,,,0,70,,3163,35,,,0,30,,3164,35,,,0,70,,3165,35,,,0,30,,3166,35,,,0,70,,3167,35,,,0,30,,3168,35,,,0,70,,3169,35,,,0,30,,3170,35,,,0,70,,3171,35,,,0,100,,3172,35,,,0,100,,3173,35,,,0,100,,3174,35,,,0
1900,'2',713,,3202,35,,,0,100,,3201,35,,,0,100,,3200,35,,,0,100,,3199,35,,,0,100,,3198,35,,,0,30,,3197,35,,,0,70,,3196,35,,,0,30,,3195,35,,,0,70,,3194,35,,,0,30,,3193,35,,,0,70,,3192,35,,,0,30,,3191,35,,,0,70,,3190,35,,,0,30,,3189,35,,,0,70,,3188,35,,,0,30,,3187,35,,,0,70,,3186,35,,,0,30,,3185,35,,,0,70,,3184,35,,,0,30,,3183,35,,,0,70,,3182,35,,,0,100,,3181,35,,,0,100,,3180,35,,,0,100,,3179,35,,,0,100,,3178,35,,,0
1900,'3',913,,3216,35,,,0,100,,3215,35,,,0,100,,3214,35,,,0,100,,3213,35,,,0,100,,3212,35,,,0,100,,3211,35,,,0,100,,3210,35,,,0,100,,3209,35,,,0,100,,3208,35,,,0,100,,3207,35,,,0,100,,3206,35,,,0,100,,3205,35,,,0,100,,3204,35,,,0,43,,3203,24,,,0
6000,'1',641,,4748,18,,,0,70,,4747,18,,,0,30,,4746,18,,,0,70,,4745,18,,,0,30,,4744,18,,,0,70,,4743,18,,,0,30,,4742,18,,,0,70,,4741,18,,,0,30,,4740,18,,,0,70,,4739,18,,,0,30,,4738,18,,,0,70,,4737,18,,,0,30,,4736,18,,,0,70,,4735,18,,,0,30,,4734,18,,,0,70,,4733,18,,,0,30,,4732,18,,,0,70,,4731,18,,,0,30,,4730,18,,,0,70,,4729,18,,,0,30,,4728,18,,,0,70,,4727,18,,,0,30,,4726,18,,,0,70,,4725,18,,,0,30,,4724,18,,,0,70,,4749,18,,,0,100,,4723,18,,,0,100,,4722,18,,,0,100,,4721,18,,,0
6000,'2',711,,4773,18,,,0,100,,4772,18,,,0,100,,4771,18,,,0,100,,4770,18,,,0,100,,4769,18,,,0,30,,4768,18,,,0,70,,4767,18,,,0,30,,4766,18,,,0,70,,4765,18,,,0,30,,4764,18,,,0,70,,4763,18,,,0,30,,4762,18,,,0,70,,4761,18,,,0,30,,4760,18,,,0,70,,4759,18,,,0,30,,4758,18,,,0,70,,4757,18,,,0,30,,4756,18,,,0,70,,4755,18,,,0,30,,4754,18,,,0,70,,4774,18,,,0,100,,4753,18,,,0,100,,4752,18,,,0,100,,4751,18,,,0
6000,'3',911,,4787,18,,,0,100,,4786,18,,,0,100,,4785,18,,,0,100,,4784,18,,,0,100,,4783,18,,,0,100,,4782,18,,,0,100,,4781,18,,,0,100,,4780,18,,,0,100,,4779,18,,,0,100,,4778,18,,,0,100,,4788,18,,,0,100,,4777,18,,,0,100,,4776,18,,,0
6500,'1',626,,5317,18,,,0,30,,5318,18,,,0,70,,5316,18,,,0,30,,5315,18,,,0,70,,5314,18,,,0,30,,5313,18,,,0,70,,5312,18,,,0,30,,5311,18,,,0,70,,5310,18,,,0,30,,5309,18,,,0,70,,5308,18,,,0,30,,5307,18,,,0,70,,5306,18,,,0,30,,5305,18,,,0,70,,5304,18,,,0,30,,5303,18,,,0,70,,5302,18,,,0,30,,5301,18,,,0,70,,5300,18,,,0,30,,5299,18,,,0,70,,5298,18,,,0,30,,5297,18,,,0,70,,5296,18,,,0,30,,5295,18,,,0,70,,5294,18,,,0,30,,5293,18,,,0,85,,5292,18,,,0,200,,5289,18,,,0,100,,5291,18,4,,0,100,,5290,18,,,0
6500,'12901',853,,5320,10,,,0,70,,5321,10,,,0
6500,'2',641,,5347,18,,,0,100,,5346,18,,,0,100,,5345,18,,,0,100,,5344,18,,,0,100,,5343,18,,,0,85,,5342,18,,,0,30,,5341,18,,,0,70,,5340,18,,,0,30,,5339,18,,,0,70,,5338,18,,,0,30,,5337,18,,,0,70,,5336,18,,,0,30,,5335,18,,,0,70,,5334,18,,,0,30,,5333,18,,,0,70,,5332,18,,,0,30,,5331,18,,,0,70,,5330,18,,,0,30,,5329,18,,,0,70,,5328,18,,,0,30,,5327,18,,,0,85,,5326,18,,,0,200,,5322,18,,,0,200,,5323,18,,,0
6500,'3',841,,5354,11,,,0,100,,5353,18,,,0,100,,5352,18,,,0,100,,5355,18,,,0,100,,5356,18,,,0,100,,5357,18,,,0,100,,5358,18,,,0,100,,5359,18,,,0,100,,5360,18,,,0,100,,5361,18,,,0,100,,5362,18,,,0,100,,5351,18,,,0,100,,5350,18,,,0,94,,5349,18,,,0
30501,'1',1633,,5879,6,,,0
