301,'1',659,,466,18,4,,0,70,,465,18,4,,0,30,,464,18,4,,0,70,,463,18,4,,0,30,,462,18,4,,0,70,,461,18,4,,0,30,,460,18,4,,0,70,,459,18,4,,0,30,,458,18,4,,0,70,,457,18,4,,0,30,,456,18,4,,0,70,,455,18,4,,0,30,,454,18,4,,0,70,,453,18,4,,0,30,,452,18,4,,0,70,,451,18,4,,0,30,,450,18,4,,0,70,,449,18,4,,0,30,,448,18,4,,0,70,,447,18,4,,0,30,,446,18,4,,0,70,,445,18,4,,0,30,,444,18,4,,0,70,,443,18,4,,0,26,,442,18,4,,0,74,,441,18,4,,0,100,,440,18,4,,0,100,,439,18,4,,0,100,,438,18,4,,0
301,'2',929,,490,18,4,,0,100,,489,18,4,,0,100,,488,18,4,,0,30,,487,18,4,,0,70,,486,18,4,,0,30,,485,18,4,,0,70,,484,18,4,,0,30,,483,18,4,,0,70,,482,18,4,,0,30,,481,18,4,,0,70,,480,18,4,,0,30,,479,18,4,,0,70,,478,18,4,,0,30,,477,18,4,,0,70,,476,18,4,,0,30,,475,18,4,,0,70,,474,18,4,,0,26,,473,18,4,,0,74,,472,18,4,,0,100,,471,18,4,,0,100,,470,18,4,,0,100,,469,18,4,,0,100,,468,18,4,,0
301,'3',929,,504,18,4,,0,100,,503,18,4,,0,100,,502,18,4,,0,100,,501,18,4,,0,100,,500,18,4,,0,100,,499,18,4,,0,100,,498,18,4,,0,100,,497,18,4,,0,100,,496,18,4,,0,100,,495,18,4,,0,100,,494,18,4,,0,100,,493,18,4,,0,100,,492,18,4,,0
501,'1',631,2,886,24,,,0,70,42,861,24,,,0,30,2,862,24,,,0,70,42,863,24,,,0,30,2,864,24,,,0,70,42,865,24,,,0,30,2,866,24,,,0,70,42,867,24,,,0,30,2,868,24,,,0,70,42,869,24,,,0,30,2,870,24,,,0,70,42,871,24,,,0,30,2,872,24,,,0,70,42,873,24,,,0,30,2,874,24,,,0,70,42,875,24,,,0,30,2,876,24,,,0,70,42,877,24,,,0,30,2,878,24,,,0,70,42,879,24,,,0,30,2,880,24,,,0,70,42,881,24,,,0,30,2,882,24,,,0,70,42,883,24,,,0,30,2,884,24,,,0,70,42,885,24,,,0,34,,887,1,,,0,100,,888,1,,,0,100,,889,1,,,0,100,,890,1,,,0
501,'2',735,,926,1,4,,0,100,,924,1,,,0,100,,922,1,,,0,100,,920,1,,,0,96,2,919,24,,,0,70,42,918,24,,,0,30,2,917,24,,,0,70,42,916,24,,,0,30,2,915,24,,,0,70,42,914,24,,,0,30,2,913,24,,,0,70,42,912,24,,,0,30,2,911,24,,,0,70,42,910,24,,,0,30,2,909,24,,,0,70,42,908,24,,,0,30,2,907,24,,,0,70,42,906,24,,,0,30,2,905,24,,,0,70,42,904,24,,,0,34,,900,1,,,0,100,,899,1,,,0,100,,898,1,,,0
501,'3',935,,950,1,,,0,100,,948,1,,,0,100,,946,1,,,0,100,,944,1,,,0,100,,942,1,,,0,100,,940,1,,,0,100,,938,1,,,0,100,,936,1,,,0,100,,934,1,,,0,100,,927,1,,,0,100,,929,1,,,0,100,,928,1,,,0
900,'1',701,,1589,1,,,0,30,,1590,1,,,0,70,,1591,1,,,0,30,,1592,1,,,0,70,,1593,1,,,0,30,,1594,1,,,0,70,,1595,1,,,0,30,,1596,1,,,0,70,,1597,1,,,0,30,,1598,1,,,0,70,,1599,1,,,0,30,,1600,1,,,0,70,,1601,1,,,0,30,,1602,1,,,0,70,,1603,1,,,0,100,,1604,1,,,0,30,,1605,1,,,0,70,,1606,1,,,0,30,,1607,1,,,0,70,,1608,1,,,0,30,,1609,1,,,0,70,,1610,1,,,0,30,,1611,1,,,0,100,,1613,1,,,0,100,,1614,1,,,0,100,,1615,1,,,0,100,,1616,1,,,0
900,'2',731,,1641,1,,,0,100,,1640,1,,,0,100,,1639,1,,,0,100,,1638,1,,,0,70,,1637,1,,,0,30,,1636,1,,,0,70,,1635,1,,,0,30,,1634,1,,,0,70,,1633,1,,,0,30,,1632,1,,,0,70,,1631,1,,,0,100,,1629,1,,,0,30,,1628,1,,,0,70,,1627,1,,,0,30,,1626,1,,,0,70,,1625,1,,,0,30,,1624,1,,,0,70,,1623,1,,,0,30,,1622,1,,,0,100,,1621,1,,,0,100,,1620,1,,,0,100,,1619,1,,,0,201,,1617,1,,,0
900,'3',831,,1645,1,,,0,100,,1654,1,,,0,100,,1653,1,,,0,100,,1652,1,,,0,100,,1651,1,,,0,100,,1650,1,,,0,100,,1649,1,,,0,100,,1648,1,,,0,100,,1647,1,,,0,100,,1646,1,,,0,100,,1644,1,,,0,100,,1643,1,,,0,101,,1642,1,,,0
1101,'1',1935,,1989,37,4,,0,100,,1988,37,4,,0,100,,1987,37,4,,0,100,,1986,37,4,,0,100,,1985,37,4,,0
1101,'2',635,,2022,37,4,,0,100,,2023,37,4,,0,200,,2016,37,4,,0,100,,2017,37,4,,0,900,,2018,37,4,,0,100,,2019,37,4,,0,100,,2036,37,4,,0
1101,'3',935,,2050,37,4,,0,100,,2051,37,4,,0,100,,2039,37,4,,0,100,,2040,37,4,,0,100,,2041,37,4,,0,100,,2042,37,4,,0,100,,2043,37,4,,0,100,,2044,37,4,,0,100,,2045,37,4,,0,100,,2046,37,4,,0,100,,2047,37,4,,0,100,,2048,37,4,,0
