301,'1',656,,466,15,,,0,70,,465,15,,,0,30,,464,15,,,0,70,,463,15,,,0,30,,462,15,,,0,70,,461,15,,,0,30,,460,15,,,0,70,,459,15,,,0,30,,458,15,,,0,70,,457,15,,,0,30,,456,15,,,0,70,,455,15,,,0,30,,454,15,,,0,70,,453,15,,,0,30,,452,15,,,0,70,,451,15,,,0,30,,450,15,,,0,70,,449,15,,,0,30,,448,15,,,0,70,,447,15,,,0,30,,446,15,,,0,70,,445,15,,,0,30,,444,15,,,0,70,,443,15,,,0,26,,442,15,,,0,74,,441,15,,,0,100,,440,15,,,0,100,,439,15,,,0,100,,438,15,,,0
301,'2',926,,490,15,,,0,100,,489,15,,,0,100,,488,15,,,0,30,,487,15,,,0,70,,486,15,,,0,30,,485,15,,,0,70,,484,15,,,0,30,,483,15,,,0,70,,482,15,,,0,30,,481,15,,,0,70,,480,15,,,0,30,,479,15,,,0,70,,478,15,,,0,30,,477,15,,,0,70,,476,15,,,0,30,,475,15,,,0,70,,474,15,,,0,26,,473,15,,,0,74,,472,15,,,0,100,,471,15,,,0,100,,470,15,,,0,100,,469,15,,,0,100,,468,15,,,0
301,'3',926,,504,15,,,0,100,,503,15,,,0,100,,502,15,,,0,100,,501,15,,,0,100,,500,15,,,0,100,,499,15,,,0,100,,498,15,,,0,100,,497,15,,,0,100,,496,15,,,0,100,,495,15,,,0,100,,494,15,,,0,100,,493,15,,,0,100,,492,15,,,0
6000,'1',639,,4748,17,,,0,70,,4747,17,,,0,30,,4746,17,,,0,70,,4745,17,,,0,30,,4744,17,,,0,70,,4743,17,,,0,30,,4742,17,,,0,70,,4741,17,,,0,30,,4740,17,,,0,70,,4739,17,,,0,30,,4738,17,,,0,70,,4737,17,,,0,30,,4736,17,,,0,70,,4735,17,,,0,30,,4734,17,,,0,70,,4733,17,,,0,30,,4732,17,,,0,70,,4731,17,,,0,30,,4730,17,,,0,70,,4729,17,,,0,30,,4728,17,,,0,70,,4727,17,,,0,30,,4726,17,,,0,70,,4725,17,,,0,30,,4724,17,,,0,70,,4749,17,,,0,100,,4723,17,,,0,100,,4722,17,,,0,100,,4721,17,,,0
6000,'2',709,,4773,17,,,0,100,,4772,17,,,0,100,,4771,17,,,0,100,,4770,17,,,0,100,,4769,17,,,0,30,,4768,17,,,0,70,,4767,17,,,0,30,,4766,17,,,0,70,,4765,17,,,0,30,,4764,17,,,0,70,,4763,17,,,0,30,,4762,17,,,0,70,,4761,17,,,0,30,,4760,17,,,0,70,,4759,17,,,0,30,,4758,17,,,0,70,,4757,17,,,0,30,,4756,17,,,0,70,,4755,17,,,0,30,,4754,17,,,0,70,,4774,17,,,0,100,,4753,17,,,0,100,,4752,17,,,0,100,,4751,17,,,0
6000,'3',909,,4787,17,,,0,100,,4786,17,,,0,100,,4785,17,,,0,100,,4784,17,,,0,100,,4783,17,,,0,100,,4782,17,,,0,100,,4781,17,,,0,100,,4780,17,,,0,100,,4779,17,,,0,100,,4778,17,,,0,100,,4788,17,,,0,100,,4777,17,,,0,100,,4776,17,,,0
6500,'1',624,,5317,17,,,0,30,,5318,17,,,0,70,,5316,17,,,0,30,,5315,17,,,0,70,,5314,17,,,0,30,,5313,17,,,0,70,,5312,17,,,0,30,,5311,17,,,0,70,,5310,17,,,0,30,,5309,17,,,0,70,,5308,17,,,0,30,,5307,17,,,0,70,,5306,17,,,0,30,,5305,17,,,0,70,,5304,17,,,0,30,,5303,17,,,0,70,,5302,17,,,0,30,,5301,17,,,0,70,,5300,17,,,0,30,,5299,17,,,0,70,,5298,17,,,0,30,,5297,17,,,0,70,,5296,17,,,0,30,,5295,17,,,0,70,,5294,17,,,0,30,,5293,17,,,0,85,,5292,17,,,0,200,,5289,17,,,0,100,,5291,17,,,0,100,,5290,17,,,0
6500,'12901',852,,5320,9,,,0,70,,5321,9,,,0
6500,'2',639,,5347,17,,,0,100,,5346,17,,,0,100,,5345,17,,,0,100,,5344,17,,,0,100,,5343,17,,,0,85,,5342,17,,,0,30,,5341,17,,,0,70,,5340,17,,,0,30,,5339,17,,,0,70,,5338,17,,,0,30,,5337,17,,,0,70,,5336,17,,,0,30,,5335,17,,,0,70,,5334,17,,,0,30,,5333,17,,,0,70,,5332,17,,,0,30,,5331,17,,,0,70,,5330,17,,,0,30,,5329,17,,,0,70,,5328,17,,,0,30,,5327,17,,,0,85,,5326,17,,,0,200,,5322,17,,,0,200,,5323,17,,,0
6500,'3',839,,5354,10,,,0,100,,5353,17,,,0,100,,5352,17,,,0,100,,5355,17,,,0,100,,5356,17,,,0,100,,5357,17,,,0,100,,5358,17,,,0,100,,5359,17,,,0,100,,5360,17,,,0,100,,5361,17,,,0,100,,5362,17,,,0,100,,5351,17,,,0,100,,5350,17,,,0,95,,5349,17,,,0
