1600,'1',627,,2504,7,,,0,32,,2505,7,,,0,72,,2506,7,,,0,72,,2507,7,,,0,32,,2508,7,,,0,72,,2509,7,,,0,32,,2510,7,,,0,72,,2511,7,,,0,32,,2512,7,,,0,72,,2513,7,,,0,32,,2514,7,,,0,72,,2524,7,,,0,32,,2525,7,,,0,72,,2515,7,,,0,32,,2516,7,,,0,72,,2517,7,,,0,32,,2518,7,,,0,72,,2519,7,,,0,72,,2520,7,,,0,32,,2521,7,,,0,72,,2522,7,,,0,32,,2526,7,,,0,72,,2523,7,,,0,32,,2527,7,,,0,75,,2528,7,,,0,100,,2529,7,,,0,100,,2530,7,,,0,100,,2531,7,,,0,100,,2532,7,,,0
1600,'2',622,,2533,7,,,0,100,,2534,7,,,0,100,,2535,7,,,0,100,,2536,7,,,0,100,,2537,7,,,0,102,,2538,7,,,0,34,,2539,7,,,0,72,,2540,7,,,0,72,,2541,7,,,0,32,,2542,7,,,0,72,,2543,7,,,0,32,,2544,7,,,0,72,,2545,7,,,0,32,,2546,7,,,0,72,,2547,7,,,0,32,,2548,7,,,0,72,,2549,7,,,0,32,,2550,7,,,0,72,,2551,7,,,0,32,,2552,7,,,0,100,,2553,7,,,0,100,,2554,7,,,0,100,,2555,7,,,0
1600,'3',818,,2569,7,,,0,100,,2556,7,,,0,100,,2557,7,,,0,100,,2558,7,,,0,100,,2559,7,,,0,100,,2560,7,,,0,100,,2561,7,,,0,100,,2562,7,,,0,100,,2563,7,,,0,100,,2564,7,,,0,100,,2565,7,,,0,100,,2566,7,,,0,100,,2567,7,,,0,101,,2568,7,,,0
4300,'1',619,,4021,7,,,0,30,,4022,7,,,0,67,,4023,7,,,0,30,,4024,7,,,0,70,,4025,7,,,0,30,,4026,7,,,0,69,,4027,7,,,0,27,,4028,7,,,0,70,,4029,7,,,0,30,,4030,7,,,0,70,,4031,7,,,0,30,,4032,7,,,0,70,,4033,7,,,0,30,,4034,7,,,0,70,,4035,7,,,0,30,,4036,7,,,0,70,,4037,7,,,0,30,,4038,7,,,0,67,,4039,7,,,0,30,,4040,7,,,0,70,,4041,7,,,0,30,,4042,7,,,0,70,,4043,7,,,0,30,,4044,7,,,0,70,,4045,7,,,0,29,,4046,7,,,0,70,,4047,7,,,0,100,,4048,7,,,0,100,,4049,7,,,0,100,,4050,7,,,0
4300,'2',638,,4052,7,,,0,100,,4053,7,,,0,100,,4054,7,,,0,100,,4055,7,,,0,100,,4056,7,,,0,70,,4070,7,,,0,30,,4057,7,,,0,70,,4071,7,,,0,30,,4058,7,,,0,100,,4059,7,,,0,70,,4073,7,,,0,30,,4060,7,,,0,70,,4074,7,,,0,30,,4061,7,,,0,70,,4075,7,,,0,30,,4062,7,,,0,70,,4076,7,,,0,30,,4063,7,,,0,70,,4077,7,,,0,30,,4064,7,,,0,100,,4065,7,,,0,100,,4066,7,,,0,100,,4067,7,,,0,100,,4068,7,,,0
4300,'3',838,,4078,7,,,0,100,,4079,7,,,0,100,,4080,7,,,0,100,,4081,7,,,0,100,,4082,7,,,0,100,,4083,7,,,0,100,,4084,7,,,0,100,,4085,7,,,0,100,,4086,7,,,0,100,,4087,7,,,0,100,,4088,7,,,0,100,,4089,7,,,0,100,,4090,7,,,0,100,,4091,7,,,0
4400,'1',626,,4161,7,,,0,30,,4162,7,,,0,67,,4163,7,,,0,30,,4164,7,,,0,70,,4165,7,,,0,30,,4166,7,,,0,69,,4167,7,,,0,28,,4168,7,,,0,70,,4169,7,,,0,30,,4170,7,,,0,70,,4171,7,,,0,30,,4172,7,,,0,70,,4173,7,,,0,30,,4174,7,,,0,70,,4175,7,,,0,30,,4176,7,,,0,70,,4177,7,,,0,30,,4178,7,,,0,67,,4179,7,,,0,30,,4180,7,,,0,70,,4181,7,,,0,30,,4182,7,,,0,70,,4183,7,,,0,30,,4184,7,,,0,101,,4185,7,,,0,100,,4186,7,,,0,100,,4187,7,,,0,100,,4188,7,,,0,100,,4189,7,,,0,101,,4190,7,,,0
4400,'2',718,,4200,7,,,0,100,,4199,7,,,0,100,,4198,7,,,0,100,,4197,7,,,0,100,,4202,7,,,0,30,,4203,7,,,0,70,,4204,7,,,0,30,,4205,7,,,0,70,,4206,7,,,0,30,,4207,7,,,0,70,,4208,7,,,0,30,,4209,7,,,0,70,,4210,7,,,0,30,,4211,7,,,0,100,,4212,7,,,0,70,,4213,7,,,0,30,,4214,7,,,0,70,,4215,7,,,0,30,,4216,7,,,0,70,,4196,7,,,0,100,,4195,7,,,0,100,,4194,7,,,0,100,,4193,7,,,0,100,,4192,7,,,0
4400,'3',918,,4229,7,,,0,100,,4228,7,,,0,100,,4224,7,,,0,100,,4223,7,,,0,100,,4222,7,,,0,100,,4221,7,,,0,100,,4220,7,,,0,100,,4219,7,,,0,100,,4218,7,,,0,100,,4217,7,,,0,100,,4227,7,,,0,100,,4226,7,,,0,100,,4225,7,,,0
4500,'1',633,,4291,7,,,0,67,,4292,7,,,0,30,,4293,7,,,0,70,,4294,7,,,0,30,,4295,7,,,0,70,,4296,7,,,0,29,,4297,7,,,0,30,,4298,7,,,0,70,,4299,7,,,0,30,,4300,7,,,0,70,,4301,7,,,0,30,,4302,7,,,0,70,,4303,7,,,0,30,,4304,7,,,0,70,,4305,7,,,0,30,,4306,7,,,0,70,,4307,7,,,0,30,,4308,7,,,0,66,,4309,7,,,0,30,,4310,7,,,0,70,,4311,7,,,0,30,,4312,7,,,0,70,,4313,7,,,0,93,,4314,7,,,0,110,,4315,7,,,0,100,,4316,7,,,0,100,,4317,7,,,0,100,,4318,7,,,0,100,,4319,7,,,0
4500,'2',658,,4328,7,,,0,100,,4327,7,,,0,100,,4326,7,,,0,100,,4325,7,,,0,100,,4320,7,,,0,70,,4330,7,,,0,30,,4331,7,,,0,70,,4332,7,,,0,30,,4333,7,,,0,70,,4334,7,,,0,30,,4335,7,,,0,70,,4336,7,,,0,30,,4337,7,,,0,70,,4338,7,,,0,30,,4339,7,,,0,70,,4340,7,,,0,30,,4341,7,,,0,70,,4342,7,,,0,30,,4343,7,,,0,70,,4344,7,,,0,30,,4345,7,,,0,100,,4324,7,,,0,100,,4323,7,,,0,100,,4322,7,,,0
4500,'3',858,,4358,7,,,0,100,,4357,7,,,0,100,,4346,7,,,0,100,,4356,7,,,0,100,,4355,7,,,0,100,,4354,7,,,0,100,,4353,7,,,0,100,,4352,7,,,0,100,,4351,7,,,0,100,,4350,7,,,0,100,,4349,7,,,0,101,,4348,7,,,0,99,,4347,7,,,0
4600,'1',611,,4424,7,,,0,29,,4425,7,,,0,67,,4426,7,,,0,30,,4427,7,,,0,70,,4428,7,,,0,30,,4429,7,,,0,71,,4430,7,,,0,29,,4431,7,,,0,70,,4432,7,,,0,30,,4433,7,,,0,70,,4434,7,,,0,30,,4435,7,,,0,70,,4436,7,,,0,30,,4437,7,,,0,70,,4438,7,,,0,30,,4439,7,,,0,70,,4440,7,,,0,29,,4441,7,,,0,65,,4442,7,,,0,30,,4443,7,,,0,70,,4444,7,,,0,30,,4445,7,,,0,70,,4446,7,,,0,30,,4447,7,,,0,70,,4448,7,,,0
