301,'1',654,,466,14,,,0,70,,465,14,,,0,30,,464,14,,,0,70,,463,14,,,0,30,,462,14,,,0,70,,461,14,,,0,30,,460,14,,,0,70,,459,14,,,0,30,,458,14,,,0,70,,457,14,,,0,30,,456,14,,,0,70,,455,14,,,0,30,,454,14,,,0,70,,453,14,,,0,30,,452,14,,,0,70,,451,14,,,0,30,,450,14,,,0,70,,449,14,,,0,30,,448,14,,,0,70,,447,14,,,0,30,,446,14,,,0,70,,445,14,,,0,30,,444,14,,,0,70,,443,14,,,0,27,,442,14,,,0,74,,441,14,,,0,100,,440,14,,,0,100,,439,14,,,0,100,,438,14,,,0
301,'2',825,,491,14,4,,0,100,,490,14,,,0,100,,489,14,,,0,99,,488,14,,,0,30,,487,14,,,0,70,,486,14,,,0,30,,485,14,,,0,70,,484,14,,,0,30,,483,14,,,0,70,,482,14,,,0,30,,481,14,,,0,70,,480,14,,,0,30,,479,14,,,0,70,,478,14,,,0,30,,477,14,,,0,70,,476,14,,,0,30,,475,14,,,0,70,,474,14,,,0,27,,473,14,,,0,74,,472,14,,,0,100,,471,14,,,0,100,,470,14,,,0,100,,469,14,,,0,100,,468,14,,,0
301,'3',925,,504,14,,,0,100,,503,14,,,0,100,,502,14,,,0,100,,501,14,,,0,100,,500,14,,,0,100,,499,14,,,0,100,,498,14,,,0,100,,497,14,,,0,100,,496,14,,,0,100,,495,14,,,0,100,,494,14,,,0,100,,493,14,,,0,100,,492,14,,,0
6000,'1',638,,4748,16,,,0,70,,4747,16,,,0,30,,4746,16,,,0,70,,4745,16,,,0,30,,4744,16,,,0,70,,4743,16,,,0,30,,4742,16,,,0,70,,4741,16,,,0,30,,4740,16,,,0,70,,4739,16,,,0,30,,4738,16,,,0,70,,4737,16,,,0,30,,4736,16,,,0,70,,4735,16,,,0,30,,4734,16,,,0,70,,4733,16,,,0,30,,4732,16,,,0,70,,4731,16,,,0,30,,4730,16,,,0,70,,4729,16,,,0,30,,4728,16,,,0,70,,4727,16,,,0,30,,4726,16,,,0,70,,4725,16,,,0,30,,4724,16,,,0,70,,4749,16,,,0,100,,4723,16,,,0,100,,4722,16,,,0,100,,4721,16,,,0
6000,'2',708,,4773,16,,,0,100,,4772,16,,,0,100,,4771,16,,,0,100,,4770,16,,,0,100,,4769,16,,,0,30,,4768,16,,,0,70,,4767,16,,,0,30,,4766,16,,,0,70,,4765,16,,,0,30,,4764,16,,,0,70,,4763,16,,,0,30,,4762,16,,,0,70,,4761,16,,,0,30,,4760,16,,,0,70,,4759,16,,,0,30,,4758,16,,,0,70,,4757,16,,,0,30,,4756,16,,,0,70,,4755,16,,,0,30,,4754,16,,,0,70,,4774,16,,,0,100,,4753,16,,,0,100,,4752,16,,,0,100,,4751,16,,,0
6000,'3',908,,4787,16,,,0,100,,4786,16,,,0,100,,4785,16,,,0,100,,4784,16,,,0,100,,4783,16,,,0,100,,4782,16,,,0,100,,4781,16,,,0,100,,4780,16,,,0,100,,4779,16,,,0,100,,4778,16,,,0,100,,4788,16,,,0,100,,4777,16,,,0,100,,4776,16,,,0
6500,'1',623,,5317,16,,,0,30,,5318,16,,,0,70,,5316,16,,,0,30,,5315,16,,,0,70,,5314,16,,,0,30,,5313,16,,,0,70,,5312,16,,,0,30,,5311,16,,,0,70,,5310,16,,,0,30,,5309,16,,,0,70,,5308,16,,,0,30,,5307,16,,,0,70,,5306,16,,,0,30,,5305,16,,,0,70,,5304,16,,,0,30,,5303,16,,,0,70,,5302,16,,,0,30,,5301,16,,,0,70,,5300,16,,,0,30,,5299,16,,,0,70,,5298,16,,,0,30,,5297,16,,,0,70,,5296,16,,,0,30,,5295,16,,,0,70,,5294,16,,,0,30,,5293,16,,,0,85,,5292,16,,,0,200,,5289,16,,,0,100,,5291,16,,,0,100,,5290,16,,,0
6500,'12901',851,,5320,8,,,0,70,,5321,8,,,0
6500,'2',638,,5347,16,,,0,100,,5346,16,,,0,100,,5345,16,,,0,100,,5344,16,,,0,100,,5343,16,,,0,85,,5342,16,,,0,30,,5341,16,,,0,70,,5340,16,,,0,30,,5339,16,,,0,70,,5338,16,,,0,30,,5337,16,,,0,70,,5336,16,,,0,30,,5335,16,,,0,70,,5334,16,,,0,30,,5333,16,,,0,70,,5332,16,,,0,30,,5331,16,,,0,70,,5330,16,,,0,30,,5329,16,,,0,70,,5328,16,,,0,30,,5327,16,,,0,85,,5326,16,,,0,200,,5322,16,,,0,200,,5323,16,,,0
6500,'3',838,,5354,9,,,0,100,,5353,16,,,0,100,,5352,16,,,0,100,,5355,16,,,0,100,,5356,16,,,0,100,,5357,16,,,0,100,,5358,16,,,0,100,,5359,16,,,0,100,,5360,16,,,0,100,,5361,16,,,0,100,,5362,16,,,0,100,,5351,16,,,0,100,,5350,16,,,0,95,,5349,16,,,0
