701,'1',553,,1188,3,,,0,70,,1187,3,,,0,30,,1186,3,,,0,70,,1185,3,,,0,30,,1184,3,,,0,70,,1183,3,,,0,30,,1182,3,,,0,70,,1181,3,,,0,30,,1180,3,,,0,70,,1179,3,,,0,30,,1178,3,,,0,70,,1177,3,,,0,30,,1176,3,,,0,70,,1175,3,,,0,30,,1174,3,,,0,70,,1173,3,,,0,30,,1172,3,,,0,70,,1171,3,,,0,30,,1170,3,,,0,70,,1169,3,,,0,30,,1168,3,,,0,70,,1167,3,,,0,30,,1166,3,,,0,70,,1165,3,,,0,30,,1164,3,,,0,70,,1163,3,,,0,30,,1162,3,,,0,100,,1161,3,,,0,100,,1160,3,,,0,100,,1159,3,,,0
701,'2',653,,1214,3,,,0,100,,1213,3,,,0,100,,1212,3,,,0,100,,1211,3,,,0,100,,1210,3,,,0,70,,1209,3,,,0,30,,1208,3,,,0,70,,1207,3,,,0,30,,1206,3,,,0,70,,1205,3,,,0,30,,1204,3,,,0,70,,1203,3,,,0,30,,1202,3,,,0,70,,1201,3,,,0,30,,1200,3,,,0,70,,1199,3,,,0,30,,1198,3,,,0,70,,1197,3,,,0,30,,1196,3,,,0,70,,1195,3,,,0,30,,1194,3,,,0,100,,1193,3,,,0,100,,1192,3,,,0,100,,1191,3,,,0,196,,1189,3,,,0
701,'3',853,,1227,3,,,0,100,,1226,3,,,0,100,,1225,3,,,0,100,,1224,3,,,0,100,,1223,3,,,0,100,,1222,3,,,0,100,,1221,3,,,0,100,,1220,3,,,0,100,,1219,3,,,0,100,,1218,3,,,0,100,,1217,3,,,0,100,,1216,3,,,0,96,,1215,3,,,0
2201,'1',639,,3295,3,,,0,70,,3294,3,,,0,30,,3296,3,,,0,70,,3293,3,,,0,30,,3292,3,,,0
6001,'1',612,,4790,3,,,0,24,,4789,16,,,0,70,,4813,16,,,0,30,,4812,16,,,0,70,,4811,16,,,0,30,,4810,16,,,0,70,,4809,16,,,0,30,,4808,16,,,0,70,,4807,16,,,0,30,,4806,16,,,0,70,,4805,16,,,0,30,,4804,16,,,0,70,,4803,16,,,0,30,,4802,16,,,0,70,,4801,16,,,0,30,,4800,16,,,0,70,,4799,16,,,0,30,,4798,16,,,0,70,,4797,16,,,0,30,,4796,16,,,0,70,,4795,16,,,0,30,,4794,16,,,0,70,,4793,16,,,0,30,,4818,16,,,0,70,,4819,16,,,0,30,,4792,16,,,0,100,,4791,16,,,0,100,,4814,16,,,0,100,,4815,16,,,0,100,,4816,16,,,0
6001,'2',637,,4822,3,,,0,99,,4846,16,,,0,100,,4839,16,,,0,100,,4838,16,,,0,100,,4837,16,,,0,100,,4836,16,,,0,70,,4835,16,,,0,30,,4834,16,,,0,70,,4833,16,,,0,30,,4832,16,,,0,70,,4831,16,,,0,30,,4830,16,,,0,70,,4829,16,,,0,30,,4828,16,,,0,70,,4827,16,,,0,30,,4826,16,,,0,70,,4825,16,,,0,30,,4844,16,,,0,70,,4845,16,,,0,30,,4824,16,,,0,100,,4823,16,,,0,100,,4840,16,,,0,100,,4841,16,,,0,100,,4842,16,,,0
6001,'3',837,,4847,3,,,0,99,,4857,16,,,0,100,,4856,16,,,0,100,,4855,16,,,0,100,,4854,16,,,0,100,,4853,16,,,0,100,,4852,16,,,0,100,,4851,16,,,0,100,,4850,16,,,0,100,,4860,16,,,0,100,,4849,16,,,0,100,,4848,16,,,0,100,,4858,16,,,0,100,,4859,16,,,0
6301,'1',639,,5097,3,,,0,70,,5096,3,,,0,35,,5094,3,,,0,65,,5095,3,,,0,30,,5093,3,,,0,70,,5071,3,,,0,30,,5092,3,,,0,70,,5091,3,,,0,30,,5090,3,,,0,70,,5089,3,,,0,30,,5088,3,,,0,70,,5087,3,,,0,30,,5086,3,,,0,70,,5085,3,,,0,30,,5084,3,,,0,70,,5083,3,,,0,30,,5082,3,,,0,70,,5081,3,,,0,30,,5072,3,,,0,70,,5080,3,,,0,30,,5079,3,,,0,70,,5078,3,,,0,30,,5077,3,,,0,70,,5076,3,,,0,30,,5075,3,,,0,100,,5070,3,,,0,100,,5069,3,,,0,100,,5068,3,,,0,100,,5067,3,,,0,100,,5066,3,,,0
6301,'12901',1535,,5100,3,,,0
6301,'2',639,,5127,3,,,0,100,,5126,3,,,0,100,,5125,3,,,0,100,,5124,3,,,0,100,,5123,3,,,0,70,,5122,3,,,0,30,,5121,3,,,0,70,,5120,3,,,0,30,,5119,3,,,0,70,,5118,3,,,0,30,,5117,3,,,0,70,,5116,3,,,0,30,,5115,3,,,0,70,,5114,3,,,0,30,,5106,3,,,0,70,,5113,3,,,0,30,,5112,3,,,0,70,,5111,3,,,0,30,,5110,3,,,0,70,,5109,3,,,0,30,,5108,3,,,0,100,,5105,3,,,0,100,,5104,3,,,0,100,,5103,3,,,0,100,,5102,3,,,0,100,,5101,3,,,0
6301,'3',839,,5141,3,,,0,100,,5140,3,,,0,100,,5139,3,,,0,100,,5138,3,,,0,100,,5137,3,,,0,100,,5136,3,,,0,100,,5135,3,,,0,100,,5131,3,,,0,100,,5134,3,,,0,100,,5133,3,,,0,100,,5132,3,,,0,100,,5130,3,,,0,100,,5129,3,,,0,95,,5142,3,,,0
