1440800,'1',641,,2002,,,0,70,,2003,,,0,30,,2004,,,0,70,,2005,,,0,30,,2006,,,0,70,,2007,,,0,30,,2008,,,0,70,,2009,,,0,30,,2010,,,0,70,,2011,,,0,30,,2012,,,0,70,,2013,,,0,30,,2014,,,0,70,,2015,,,0,30,,2016,,,0,100,,2017,,,0,100,,2018,,,0,100,,2019,,,0,100,,2020,,,0,100,,2021,,,0,100,,2022,,,0,100,,2023,,,0,100,,2024,,,0,100,,2025,,,0,100,,2026,,,0,96,,2027,,,0
1440800,'10801',1411,,2030,,,0,100,,2028,,,0,100,,2031,,,0,100,,2029,,,0,100,,2032,,,0
1440800,'1201',1411,,2033,,,0,100,,2034,,,0,100,,2035,,,0,100,,2036,,,0,100,,2037,,,0
1440800,'2',641,,2038,,,0,100,,2039,,,0,100,,2040,,,0,100,,2041,,,0,100,,2042,,,0,100,,2043,,,0,70,,2044,,,0,30,,2045,,,0,70,,2046,,,0,30,,2047,,,0,70,,2048,,,0,30,,2049,,,0,70,,2050,,,0,30,,2051,,,0,70,,2052,,,0,30,,2053,,,0,70,,2054,,,0,30,,2055,,,0,70,,2056,,,0,30,,2057,,,0,100,,2058,,,0,100,,2059,,,0,100,,2060,,,0,100,,2061,,,0,100,,2062,,,0,96,,2063,,,0
1440800,'3',941,,2064,,,0,100,,2065,,,0,100,,2066,,,0,100,,2067,,,0,100,,2068,,,0,100,,2069,,,0,100,,2070,,,0,100,,2071,,,0,100,,2072,,,0,100,,2073,,,0,100,,2074,,,0,100,,2075,,,0,96,,2076,,,0
1442100,'1',607,,3671,,,0,40,,3673,,,0,80,,3675,,,0,80,,3692,,,0,40,,3693,,,0,80,,3694,,,0,80,,3695,,,0,40,,3696,,,0,160,,3697,,,0,40,,3698,,,0,80,,3699,,,0,80,,3700,,,0,40,,3701,,,0,80,,3702,,,0,80,,3703,,,0,40,,3704,,,0,80,,3705,,,0,80,,3706,,,0,40,,3707,,,0,78,,3659,,,0,100,,3660,,,0,100,,3661,,,0,100,,3662,,,0,100,,3663,,,0,95,,3664,,,0
1442100,'10801',1127,,3709,,,0
1442100,'1201',1127,,3711,,,0
1442100,'2',630,,3724,,,0,94,,3726,,,0,100,,3742,,,0,100,,3743,,,0,100,,3744,,,0,103,,3745,,,0,80,,3746,,,0,40,,3747,,,0,80,,3748,,,0,80,,3749,,,0,40,,3750,,,0,80,,3751,,,0,80,,3752,,,0,40,,3753,,,0,80,,3754,,,0,80,,3755,,,0,40,,3756,,,0,78,,3712,,,0,100,,3713,,,0,100,,3714,,,0,100,,3715,,,0,100,,3716,,,0,95,,3717,,,0
1442100,'3',823,,3757,,,0,99,,3758,,,0,100,,3759,,,0,100,,3760,,,0,100,,3761,,,0,100,,3762,,,0,100,,3763,,,0,100,,3764,,,0,100,,3765,,,0,100,,3766,,,0,100,,3767,,,0,100,,3768,,,0,100,,3769,,,0,100,,3783,,,0
1443100,'1',547,,3863,,,0,80,,3864,,,0,80,,3865,,,0,40,,3866,,,0,80,,3867,,,0,80,,3868,,,0,40,,3869,,,0,80,,3870,,,0,80,,3871,,,0,40,,3872,,,0,80,,3873,,,0,80,,3874,,,0,40,,3875,,,0,80,,3876,,,0,80,,3877,,,0,40,,3878,,,0,80,,3879,,,0,80,,3880,,,0,40,,3881,,,0,80,,3882,,,0,125,,3851,,,0,100,,3852,,,0,100,,3853,,,0,100,,3854,,,0,100,,3855,,,0,94,,3862,,,0
1443100,'2',652,,3913,,,0,100,,3914,,,0,100,,3915,,,0,100,,3916,,,0,100,,3917,,,0,95,,3918,,,0,80,,3919,,,0,80,,3920,,,0,40,,3921,,,0,80,,3922,,,0,80,,3923,,,0,40,,3924,,,0,80,,3925,,,0,80,,3926,,,0,40,,3927,,,0,80,,3928,,,0,125,,3901,,,0,100,,3902,,,0,100,,3903,,,0,100,,3904,,,0,100,,3905,,,0,94,,3912,,,0
1443100,'3',852,,3944,,,0,100,,3945,,,0,100,,3946,,,0,100,,3947,,,0,100,,3948,,,0,100,,3949,,,0,100,,3950,,,0,100,,3951,,,0,100,,3952,,,0,100,,3953,,,0,100,,3954,,,0,100,,3965,,,0,100,,3966,,,0,94,,3970,,,0
