1469000,'1',1933,,12628,26,4,,0,100,,12629,26,4,,0,100,,12630,26,4,,0
1469000,'2',733,,12663,26,4,,0,100,,12661,26,4,,0,100,,12659,26,4,,0,107,,12657,26,4,,0,100,,12655,26,4,,0,70,,12654,26,4,,0,100,,12653,26,4,,0,30,,12652,26,4,,0,70,,12651,26,4,,0,30,,12650,26,4,,0,70,,12649,26,4,,0,30,,12648,26,4,,0,70,,12647,26,4,,0,30,,12646,26,4,,0,70,,12645,26,4,,0,30,,12644,26,4,,0,70,,12643,26,4,,0,23,,12664,26,4,,0,200,,12636,26,4,,0,100,,12635,26,4,,0,100,,12634,26,4,,0,100,,12633,26,4,,0
1469000,'3',933,,12693,26,4,,0,100,,12692,26,4,,0,100,,12690,26,4,,0,100,,12689,26,4,,0,100,,12688,26,4,,0,100,,12687,26,4,,0,100,,12686,26,4,,0,100,,12685,26,4,,0,100,,12684,26,4,,0,100,,12694,26,4,,0,100,,12702,26,4,,0,100,,12680,26,4,,0,100,,12679,26,4,,0
1469400,'1',711,,13435,56,4,,0,30,,13436,56,4,,0,70,,13437,56,4,,0,30,,13438,56,4,,0,67,,13439,46,4,,0,30,,13440,46,4,,0,70,,13441,46,4,,0,30,,13442,46,4,,0,70,,13443,46,4,,0,30,,13444,46,4,,0,70,,13445,46,4,,0,30,,13446,46,4,,0,70,,13447,46,4,,0,30,,13448,46,4,,0,70,,13449,46,4,,0,30,,13450,46,4,,0,70,,13465,46,4,,0,30,,13451,46,4,,0,73,,13452,56,4,,0,30,,13453,56,4,,0,70,,13454,56,4,,0,30,,13455,56,4,,0,70,,13456,56,4,,0,29,,13457,56,4,,0
1470400,'1',1630,,15129,41,4,,0,70,,15130,41,4,,0,30,,15131,41,4,,0,70,,15132,41,4,,0
1470400,'1201',1600,,15133,41,4,,0
1470400,'12801',1600,,15134,41,4,,0
1473200,'3',2149,,16658,8,4,,0
1473201,'1',611,,16673,1,,,0,24,,16672,14,,,0,70,,16696,14,,,0,30,,16695,14,,,0,70,,16694,14,,,0,30,,16693,14,,,0,70,,16692,14,,,0,30,,16691,14,,,0,70,,16690,14,,,0,30,,16689,14,,,0,70,,16688,14,,,0,30,,16687,14,,,0,70,,16686,14,,,0,30,,16685,14,,,0,70,,16684,14,,,0,30,,16683,14,,,0,70,,16682,14,,,0,30,,16681,14,,,0,70,,16680,14,,,0,30,,16679,14,,,0,70,,16678,14,,,0,25,,16703,14,4,,0,5,,16677,14,,,0,65,,16704,14,4,,0,5,,16676,14,,,0,100,,16702,14,,,0,30,,16675,14,,,0,100,,16674,14,,,0,100,,16697,14,,,0,100,,16698,14,,,0,100,,16699,14,,,0,100,,16700,14,,,0
1473201,'2',636,,16705,1,,,0,99,,16729,14,,,0,100,,16722,14,,,0,100,,16721,14,,,0,100,,16720,14,,,0,100,,16719,14,,,0,70,,16718,14,,,0,30,,16717,14,,,0,70,,16716,14,,,0,30,,16715,14,,,0,70,,16714,14,,,0,30,,16713,14,,,0,70,,16712,14,,,0,30,,16711,14,,,0,70,,16710,14,,,0,30,,16709,14,,,0,70,,16708,14,,,0,100,,16728,14,,,0,30,,16707,14,,,0,100,,16706,14,,,0,100,,16723,14,,,0,100,,16724,14,,,0,100,,16725,14,,,0,100,,16726,14,,,0
1473201,'3',836,,16730,1,,,0,99,,16740,14,,,0,100,,16739,14,,,0,100,,16738,14,,,0,100,,16737,14,,,0,100,,16736,14,,,0,100,,16735,14,,,0,100,,16734,14,,,0,100,,16733,14,,,0,100,,16743,14,,,0,100,,16732,14,,,0,100,,16731,14,,,0,100,,16741,14,,,0,100,,16742,14,,,0
1473300,'1',625,,16784,8,4,,0,10,,16777,8,4,,0,70,,16776,8,4,,0,30,,16775,8,4,,0,70,,16774,8,4,,0,7,,16785,8,4,,0,8,,16752,8,4,,0,10,,16778,8,4,,0,5,,16773,8,4,,0,15,,16779,8,4,,0,55,,16772,8,4,,0,30,,16771,8,4,,0,70,,16770,8,4,,0,30,,16769,8,4,,0,70,,16768,8,4,,0,30,,16767,8,4,,0,70,,16766,8,4,,0,30,,16765,8,4,,0,70,,16764,8,4,,0,30,,16763,8,4,,0,70,,16762,8,4,,0,30,,16761,8,4,,0,70,,16760,8,4,,0,24,,16781,8,4,,0,4,,16780,8,4,,0,2,,16759,8,4,,0,18,,16782,8,4,,0,52,,16758,8,4,,0,15,,16750,8,4,,0,15,,16754,8,4,,0,15,,16751,8,4,,0,55,,16753,8,4,,0,30,,16744,8,4,,0,100,,16756,8,4,,0,20,,16755,8,4,,0,80,,16749,8,4,,0,100,,16748,8,4,,0,100,,16747,8,4,,0,100,,16746,8,4,,0,100,,16745,8,4,,0
1473300,'1201',1534,,16786,8,4,,0
1473300,'2',635,,16808,8,4,,0,100,,16807,8,4,,0,100,,16806,8,4,,0,100,,16805,8,4,,0,100,,16804,8,4,,0,100,,16803,8,4,,0,70,,16802,8,4,,0,30,,16801,8,4,,0,70,,16800,8,4,,0,30,,16799,8,4,,0,70,,16798,8,4,,0,30,,16797,8,4,,0,70,,16796,8,4,,0,30,,16795,8,4,,0,170,,16793,8,4,,0,30,,16787,8,4,,0,200,,16792,8,4,,0,100,,16791,8,4,,0,100,,16790,8,4,,0,100,,16789,8,4,,0,100,,16788,8,4,,0
1473300,'3',835,,16821,8,4,,0,100,,16820,8,4,,0,100,,16819,8,4,,0,100,,16818,8,4,,0,100,,16817,8,4,,0,100,,16816,8,4,,0,100,,16815,8,4,,0,100,,16814,8,4,,0,100,,16812,8,4,,0,100,,16809,8,4,,0,100,,16813,8,4,,0,100,,16811,8,4,,0,100,,16810,8,4,,0,99,,16822,8,4,,0
1473301,'1',608,,16839,1,,,0,30,,16838,1,,,0,70,,16837,1,,,0,30,,16836,1,,,0,10,,16840,1,,,0,10,,16841,1,,,0,50,,16844,1,,,0,3,,16835,1,,,0,7,,16842,1,,,0,10,,16843,1,,,0,410,,16834,1,,,0,70,,16833,1,,,0,30,,16832,1,,,0,70,,16831,1,,,0,30,,16830,1,,,0,70,,16829,1,,,0,100,,16828,1,,,0,30,,16827,1,,,0,70,,16826,1,,,0,30,,16825,1,,,0,70,,16824,1,,,0,27,,16823,1,,,0
1473301,'1201',1538,,16845,1,,,0
1473301,'12801',1538,,16846,1,,,0
1473301,'2',1108,,16863,1,4,,0,30,,16862,1,,,0,70,,16861,1,,,0,30,,16860,1,,,0,70,,16859,1,,,0,30,,16858,1,,,0,70,,16857,1,,,0,30,,16856,1,,,0,70,,16855,1,,,0,30,,16854,1,,,0,170,,16852,1,,,0,30,,16851,1,,,0,70,,16850,1,,,0,27,,16849,1,,,0,173,,16848,1,,,0
1473301,'3',813,,16877,1,,,0,95,,16876,1,,,0,100,,16875,1,,,0,100,,16874,1,,,0,100,,16873,1,,,0,100,,16872,1,,,0,100,,16871,1,,,0,100,,16870,1,,,0,100,,16869,1,,,0,100,,16868,1,,,0,100,,16867,1,,,0,100,,16864,1,,,0,100,,16866,1,,,0,100,,16865,1,,,0
1473400,'1',605,,16907,23,4,,0,30,,16906,23,4,,0,70,,16905,23,4,,0,30,,16904,23,4,,0,74,,16903,23,4,,0,26,,16902,23,4,,0,70,,16901,23,4,,0,30,,16900,23,4,,0,70,,16899,23,4,,0,30,,16898,23,4,,0,70,,16897,23,4,,0,30,,16896,23,4,,0,70,,16895,23,4,,0,30,,16894,23,4,,0,70,,16893,23,4,,0,30,,16892,23,4,,0,70,,16891,23,4,,0,30,,16890,23,4,,0,70,,16889,23,4,,0,30,,16888,23,4,,0,70,,16887,23,4,,0,30,,16886,23,4,,0,70,,16885,23,4,,0,30,,16884,23,4,,0,70,,16883,23,4,,0,30,,16882,23,4,,0,70,,16881,23,4,,0,100,,16880,23,4,,0,100,,16879,23,4,,0,100,,16878,23,4,,0
1473400,'2',605,,16933,23,4,,0,100,,16932,23,4,,0,100,,16931,23,4,,0,100,,16930,23,4,,0,100,,16929,23,4,,0,100,,16928,23,4,,0,30,,16927,23,4,,0,70,,16926,23,4,,0,30,,16925,23,4,,0,70,,16924,23,4,,0,30,,16923,23,4,,0,70,,16922,23,4,,0,30,,16921,23,4,,0,70,,16920,23,4,,0,30,,16919,23,4,,0,70,,16918,23,4,,0,30,,16917,23,4,,0,70,,16916,23,4,,0,30,,16915,23,4,,0,70,,16914,23,4,,0,30,,16913,23,4,,0,70,,16912,23,4,,0,100,,16911,23,4,,0,100,,16910,23,4,,0,100,,16909,23,4,,0
1473400,'3',905,,16946,23,4,,0,100,,16945,23,4,,0,100,,16944,23,4,,0,100,,16943,23,4,,0,100,,16942,23,4,,0,100,,16941,23,4,,0,100,,16940,23,4,,0,100,,16939,23,4,,0,100,,16938,23,4,,0,100,,16937,23,4,,0,100,,16936,23,4,,0,100,,16935,23,4,,0,100,,16934,23,4,,0
1473401,'1',638,,16978,1,,,0,70,,16977,1,,,0,35,,16975,1,,,0,65,,16976,1,,,0,30,,16974,1,,,0,70,,16952,1,,,0,30,,16973,1,,,0,70,,16972,1,,,0,30,,16971,1,,,0,70,,16970,1,,,0,30,,16969,1,,,0,70,,16968,1,,,0,30,,16967,1,,,0,70,,16966,1,,,0,30,,16965,1,,,0,70,,16964,1,,,0,30,,16963,1,,,0,70,,16962,1,,,0,26,,16980,1,,,0,4,,16953,1,,,0,70,,16961,1,,,0,30,,16960,1,,,0,70,,16959,1,,,0,30,,16958,1,,,0,70,,16957,1,,,0,30,,16956,1,,,0,100,,16951,1,,,0,100,,16950,1,,,0,100,,16949,1,,,0,100,,16948,1,,,0,100,,16947,1,,,0
1473401,'2',638,,17008,1,,,0,100,,17007,1,,,0,100,,17006,1,,,0,100,,17005,1,,,0,100,,17004,1,,,0,70,,17003,1,,,0,30,,17002,1,,,0,70,,17001,1,,,0,30,,17000,1,,,0,70,,16999,1,,,0,30,,16998,1,,,0,70,,16997,1,,,0,30,,16996,1,,,0,70,,16995,1,,,0,30,,16987,1,,,0,70,,16994,1,,,0,30,,16993,1,,,0,70,,16992,1,,,0,30,,16991,1,,,0,70,,16990,1,,,0,30,,16989,1,,,0,100,,16986,1,,,0,100,,16985,1,,,0,100,,16984,1,,,0,100,,16983,1,,,0,100,,16982,1,,,0
1473401,'3',838,,17022,1,,,0,100,,17021,1,,,0,100,,17020,1,,,0,100,,17019,1,,,0,100,,17018,1,,,0,100,,17017,1,,,0,100,,17016,1,,,0,100,,17012,1,,,0,100,,17015,1,,,0,100,,17014,1,,,0,100,,17013,1,,,0,100,,17011,1,,,0,100,,17010,1,,,0,96,,17023,1,,,0
1473500,'1',1900,,17049,11,4,,0
1473500,'2',1853,,17082,11,4,,0
1473500,'3',2149,,17085,11,4,,0
1473501,'1',711,,17098,1,,,0,30,,17099,1,,,0,70,,17100,1,,,0,30,,17101,1,,,0,70,,17102,1,,,0,30,,17103,1,,,0,70,,17104,1,,,0,30,,17105,1,,,0,70,,17106,1,,,0,30,,17107,1,,,0,70,,17108,1,,,0,30,,17109,1,,,0,70,,17110,1,,,0,30,,17111,1,,,0,70,,17112,1,,,0,30,,17113,1,,,0,70,,17114,1,,,0,30,,17115,1,,,0,70,,17116,1,,,0,30,,17117,1,,,0,70,,17118,1,,,0,30,,17119,1,,,0,70,,17120,1,,,0,29,,17121,1,,,0,93,,17122,1,,,0,100,,17123,1,,,0,100,,17124,1,,,0,100,,17125,1,,,0,100,,17126,1,,,0
1473501,'2',733,,17136,1,,,0,100,,17137,1,,,0,100,,17138,1,,,0,107,,17139,1,,,0,100,,17141,1,,,0,70,,17142,1,,,0,30,,17143,1,,,0,70,,17144,1,,,0,30,,17145,1,,,0,70,,17146,1,,,0,30,,17147,1,,,0,70,,17148,1,,,0,30,,17149,1,,,0,70,,17150,1,,,0,30,,17151,1,,,0,70,,17152,1,,,0,30,,17153,1,,,0,70,,17154,1,,,0,23,,17155,1,,,0,100,,17130,1,,,0,100,,17131,1,,,0,100,,17132,1,,,0,100,,17133,1,,,0,100,,17134,1,,,0
1473501,'3',933,,17160,1,,,0,100,,17161,1,,,0,100,,17162,1,,,0,100,,17163,1,,,0,100,,17164,1,,,0,100,,17165,1,,,0,100,,17166,1,,,0,100,,17167,1,,,0,100,,17168,1,,,0,100,,17169,1,,,0,100,,17157,1,,,0,100,,17158,1,,,0,100,,17159,1,,,0
1473600,'1',1904,,17201,8,4,,0
1473600,'2',1904,,17230,8,4,,0
1473601,'1',556,,17247,1,,,0,70,,17246,1,,,0,24,,17276,14,,,0,70,,17275,14,,,0,30,,17274,14,,,0,70,,17273,14,,,0,30,,17272,14,,,0,70,,17271,14,,,0,30,,17270,14,,,0,70,,17269,14,,,0,30,,17268,14,,,0,70,,17267,14,,,0,30,,17266,14,,,0,70,,17265,14,,,0,30,,17264,14,,,0,70,,17263,14,,,0,30,,17262,14,,,0,70,,17261,14,,,0,30,,17260,14,,,0,70,,17259,14,,,0,30,,17258,14,,,0,53,,17277,14,4,,0,17,,17257,14,,,0,30,,17256,14,,,0,65,,17278,14,4,,0,5,,17255,14,,,0,30,,17254,14,,,0,70,,17253,14,,,0,30,,17252,14,,,0,55,,17245,14,,,0,100,,17251,14,,,0,100,,17250,14,,,0,100,,17249,14,,,0
1473601,'2',606,,17281,1,,,0,99,,17306,14,,,0,100,,17305,14,,,0,100,,17304,14,,,0,100,,17303,14,,,0,47,,17280,1,,,0,53,,17302,14,,,0,15,,17301,14,,,0,30,,17300,14,,,0,70,,17299,14,,,0,30,,17298,14,,,0,70,,17297,14,,,0,30,,17296,14,,,0,70,,17295,14,,,0,30,,17294,14,,,0,70,,17293,14,,,0,30,,17292,14,,,0,70,,17291,14,,,0,30,,17290,14,,,0,70,,17289,14,,,0,30,,17288,14,,,0,70,,17287,14,,,0,30,,17286,14,,,0,55,,17279,14,,,0,100,,17285,14,,,0,100,,17284,14,,,0,100,,17283,14,,,0
1473601,'3',905,,17312,14,,,0,100,,17311,14,,,0,100,,17310,14,,,0,100,,17313,14,,,0,100,,17314,14,,,0,100,,17315,14,,,0,100,,17316,14,,,0,100,,17317,14,,,0,100,,17318,14,,,0,100,,17319,14,,,0,100,,17307,14,,,0,100,,17309,14,,,0,100,,17308,14,,,0
