300,'1',647,,380,3,,,0,70,,381,3,,,0,30,,382,3,,,0,70,,383,3,,,0,30,,384,3,,,0,70,,385,3,,,0,30,,386,3,,,0,70,,387,3,,,0,30,,388,3,,,0,70,,389,3,,,0,30,,390,3,,,0,70,,391,3,,,0,30,,392,3,,,0,70,,393,3,,,0,30,,394,3,,,0,70,,395,3,,,0,30,,396,3,,,0,70,,397,3,,,0,30,,398,3,,,0,70,,379,3,,,0,130,,371,3,,,0,70,,372,3,,,0,30,,373,3,,,0,100,,374,3,,,0,100,,375,3,,,0,100,,376,3,,,0,100,,377,3,,,0
300,'2',747,,424,3,,,0,100,,423,3,,,0,100,,422,3,,,0,100,,421,3,,,0,70,,420,3,,,0,30,,419,3,,,0,70,,418,3,,,0,30,,417,3,,,0,70,,416,3,,,0,30,,415,3,,,0,70,,414,3,,,0,30,,413,3,,,0,70,,412,3,,,0,30,,411,3,,,0,70,,410,3,,,0,30,,409,3,,,0,70,,408,3,,,0,30,,407,3,,,0,70,,406,3,,,0,30,,405,3,,,0,100,,404,3,,,0,100,,403,3,,,0,100,,402,3,,,0,100,,401,3,,,0
300,'3',847,,437,3,,,0,100,,436,3,,,0,100,,435,3,,,0,100,,434,3,,,0,100,,433,3,,,0,100,,432,3,,,0,100,,431,3,,,0,100,,430,3,,,0,100,,429,3,,,0,100,,428,3,,,0,100,,427,3,,,0,100,,426,3,,,0,100,,425,3,,,0
6001,'1',617,,4789,4,,,0,30,,4813,4,,,0,70,,4812,4,,,0,30,,4811,4,,,0,70,,4810,4,,,0,30,,4809,4,,,0,70,,4808,4,,,0,30,,4807,4,,,0,70,,4806,4,,,0,30,,4805,4,,,0,70,,4804,4,,,0,30,,4803,4,,,0,70,,4802,4,,,0,30,,4801,4,,,0,70,,4800,4,,,0,30,,4799,4,,,0,70,,4798,4,,,0,30,,4797,4,,,0,70,,4796,4,,,0,30,,4795,4,,,0,70,,4794,4,,,0,30,,4793,4,,,0,70,,4818,4,,,0,30,,4819,4,,,0,70,,4792,4,,,0,100,,4791,4,,,0,100,,4814,4,,,0,100,,4815,4,,,0,100,,4816,4,,,0
6001,'12901',1615,,4820,4,,,0,30,,4821,4,,,0
6001,'2',717,,4846,4,,,0,100,,4839,4,,,0,100,,4838,4,,,0,100,,4837,4,,,0,100,,4836,4,,,0,30,,4835,4,,,0,70,,4834,4,,,0,30,,4833,4,,,0,70,,4832,4,,,0,30,,4831,4,,,0,70,,4830,4,,,0,30,,4829,4,,,0,70,,4828,4,,,0,30,,4827,4,,,0,70,,4826,4,,,0,30,,4825,4,,,0,70,,4844,4,,,0,30,,4845,4,,,0,70,,4824,4,,,0,100,,4823,4,,,0,100,,4840,4,,,0,100,,4841,4,,,0,100,,4842,4,,,0
6001,'3',917,,4857,4,,,0,100,,4856,4,,,0,100,,4855,4,,,0,100,,4854,4,,,0,100,,4853,4,,,0,100,,4852,4,,,0,100,,4851,4,,,0,100,,4850,4,,,0,100,,4860,4,,,0,100,,4849,4,,,0,100,,4848,4,,,0,100,,4858,4,,,0,101,,4859,4,,,0
6501,'1',632,,5394,4,,,0,70,,5393,4,,,0,30,,5392,4,,,0,70,,5391,4,,,0,30,,5390,4,,,0,70,,5389,4,,,0,30,,5388,4,,,0,70,,5387,4,,,0,30,,5386,4,,,0,70,,5385,4,,,0,30,,5384,4,,,0,70,,5383,4,,,0,30,,5382,4,,,0,70,,5381,4,,,0,30,,5380,4,,,0,70,,5379,4,,,0,30,,5378,4,,,0,70,,5377,4,,,0,30,,5376,4,,,0,70,,5375,4,,,0,30,,5374,4,,,0,27,,5395,4,0,6 15,0,43,,5373,4,,,0,30,,5372,4,,,0,70,,5371,4,,,0,30,,5370,4,,,0,15,,5363,4,,,0,100,,5369,4,,,0,100,,5368,4,,,0,100,,5367,4,,,0
6501,'12901',1547,,5396,4,0,6 15,0
6501,'2',647,,5422,4,,,0,100,,5421,4,,,0,100,,5420,4,,,0,100,,5419,4,,,0,100,,5418,4,,,0,55,,5417,4,,,0,30,,5416,4,,,0,70,,5415,4,,,0,30,,5414,4,,,0,70,,5413,4,,,0,30,,5412,4,,,0,70,,5411,4,,,0,30,,5410,4,,,0,70,,5409,4,,,0,30,,5408,4,,,0,70,,5407,4,,,0,30,,5406,4,,,0,70,,5405,4,,,0,30,,5404,4,,,0,70,,5403,4,,,0,30,,5402,4,,,0,115,,5401,4,,,0,100,,5400,4,,,0
6501,'3',847,,5428,4,,,0,100,,5427,4,,,0,100,,5426,4,,,0,100,,5429,4,,,0,100,,5430,4,,,0,100,,5431,4,,,0,100,,5432,4,,,0,100,,5433,4,,,0,100,,5434,4,,,0,100,,5435,4,,,0,100,,5423,4,,,0,100,,5425,4,,,0,101,,5424,4,,,0
