1472600,'1',646,,16336,8,,,0,80,,16337,8,,,0,80,,16338,8,,,0,40,,16339,8,,,0,80,,16340,8,,,0,80,,16341,8,,,0,40,,16342,8,,,0,80,,16343,8,,,0,80,,16344,8,,,0,40,,16345,8,,,0,80,,16346,8,,,0,80,,16347,8,,,0,40,,16348,8,,,0,80,,16349,8,,,0,80,,16350,8,,,0,40,,16351,8,,,0,80,,16352,8,,,0,80,,16353,8,,,0,40,,16354,8,,,0,103,,16355,8,,,0,100,,16356,8,,,0,100,,16357,8,,,0
1472600,'2',849,,16361,8,,,0,100,,16362,8,,,0,99,,16363,8,,,0,78,,16364,8,,,0,80,,16365,8,,,0,40,,16366,8,,,0,80,,16367,8,,,0,80,,16368,8,,,0,40,,16369,8,,,0,80,,16370,8,,,0,80,,16371,8,,,0,40,,16372,8,,,0,80,,16373,8,,,0,80,,16374,8,,,0,40,,16375,8,,,0,103,,16376,8,,,0,100,,16377,8,,,0,100,,16378,8,,,0,100,,16379,8,,,0
1472600,'3',949,,16381,8,,,0,100,,16382,8,,,0,100,,16385,8,,,0,100,,16386,8,,,0,100,,16387,8,,,0,100,,16388,8,,,0,100,,16389,8,,,0,100,,16390,8,,,0,100,,16391,8,,,0,100,,16392,8,,,0,100,,16383,8,,,0,100,,16384,8,,,0
1473100,'1',626,,16483,8,,,0,80,,16484,8,,,0,40,,16485,8,,,0,80,,16486,8,,,0,80,,16487,8,,,0,40,,16488,8,,,0,80,,16489,8,,,0,80,,16490,8,,,0,40,,16491,8,,,0,80,,16492,8,,,0,80,,16493,8,,,0,40,,16494,8,,,0,80,,16495,8,,,0,80,,16496,8,,,0,40,,16497,8,,,0,80,,16498,8,,,0,80,,16499,8,,,0,40,,16500,8,,,0,80,,16501,8,,,0,80,,16502,8,,,0,113,,16503,8,,,0,100,,16504,8,,,0,100,,16505,8,,,0,100,,16506,8,,,0
1473100,'12801',1616,,16509,8,,,0
1473100,'2',819,,16511,8,,,0,100,,16512,8,,,0,100,,16513,8,,,0,97,,16514,8,,,0,30,,16515,8,,,0,80,,16516,8,,,0,80,,16517,8,,,0,40,,16518,8,,,0,80,,16519,8,,,0,80,,16520,8,,,0,40,,16521,8,,,0,80,,16522,8,,,0,80,,16523,8,,,0,40,,16524,8,,,0,80,,16525,8,,,0,80,,16526,8,,,0,113,,16527,8,,,0,100,,16528,8,,,0,100,,16529,8,,,0
1473100,'3',919,,16530,8,,,0,100,,16531,8,,,0,100,,16532,8,,,0,100,,16533,8,,,0,100,,16534,8,,,0,100,,16535,8,,,0,100,,16536,8,,,0,100,,16537,8,,,0,100,,16538,8,,,0,100,,16539,8,,,0,100,,16540,8,,,0,100,,16541,8,,,0,99,,16542,8,,,0
1473800,'1',604,,17376,4,,,0,28,,17377,4,,,0,68,,17378,4,,,0,28,,17379,4,,,0,28,,17380,4,,,0,68,,17381,4,,,0,28,,17382,4,,,0,68,,17383,4,,,0,35,,17384,4,,,0,75,,17385,4,,,0,75,,17386,4,,,0,35,,17387,4,,,0,75,,17388,4,,,0,35,,17389,4,,,0,75,,17390,4,,,0,75,,17391,4,,,0,35,,17392,4,,,0,73,,17393,4,,,0,34,,17394,4,,,0,66,,17395,4,,,0,28,,17396,4,,,0,68,,17397,4,,,0,28,,17398,4,,,0,68,,17399,4,,,0,28,,17400,4,,,0,80,,17401,4,,,0,40,,17402,4,,,0,80,,17403,4,,,0,80,,17404,4,,,0,40,,17405,4,,,0,80,,17406,4,,,0,80,,17407,4,,,0,40,,17408,4,,,0
1473800,'2',637,,17410,4,,,0,80,,17411,4,,,0,40,,17412,4,,,0,80,,17413,4,,,0,80,,17414,4,,,0,40,,17415,4,,,0,80,,17416,4,,,0,82,,17417,4,,,0,25,,17418,4,,,0,63,,17419,4,,,0,27,,17420,4,,,0,25,,17421,4,,,0,65,,17422,4,,,0,25,,17423,4,,,0,65,,17424,4,,,0,25,,17425,4,,,0,65,,17426,4,,,0,25,,17427,4,,,0,25,,17428,4,,,0,65,,17429,4,,,0,25,,17430,4,,,0,65,,17431,4,,,0,25,,17432,4,,,0,25,,17433,4,,,0,65,,17434,4,,,0,27,,17435,4,,,0,80,,17436,4,,,0,80,,17437,4,,,0,40,,17438,4,,,0,80,,17439,4,,,0,80,,17440,4,,,0,40,,17441,4,,,0,80,,17442,4,,,0
1473800,'3',902,,17443,4,,,0,40,,17444,4,,,0,80,,17445,4,,,0,80,,17446,4,,,0,40,,17447,4,,,0,80,,17448,4,,,0,80,,17449,4,,,0,40,,17450,4,,,0,80,,17451,4,,,0,80,,17452,4,,,0,40,,17453,4,,,0,80,,17454,4,,,0,80,,17455,4,,,0,40,,17456,4,,,0,80,,17457,4,,,0,80,,17458,4,,,0,40,,17459,4,,,0,80,,17460,4,,,0,80,,17461,4,,,0,40,,17462,4,,,0
