4300,'1',625,,4021,12,,,0,30,,4022,12,,,0,68,,4023,12,,,0,30,,4024,12,,,0,70,,4025,12,,,0,30,,4026,12,,,0,69,,4027,12,,,0,28,,4028,12,,,0,70,,4029,12,,,0,30,,4030,12,,,0,70,,4031,12,,,0,30,,4032,12,,,0,70,,4033,12,,,0,30,,4034,12,,,0,70,,4035,12,,,0,30,,4036,12,,,0,70,,4037,12,,,0,30,,4038,12,,,0,68,,4039,12,,,0,30,,4040,12,,,0,70,,4041,12,,,0,30,,4042,12,,,0,70,,4043,12,,,0,30,,4044,12,,,0,70,,4045,12,,,0,26,,4046,12,,,0,70,,4047,12,,,0,100,,4048,12,,,0,100,,4049,12,,,0,100,,4050,12,,,0
4300,'2',644,,4052,12,,,0,100,,4053,12,,,0,100,,4054,12,,,0,100,,4055,12,,,0,100,,4056,12,,,0,70,,4070,12,,,0,30,,4057,12,,,0,70,,4071,12,,,0,30,,4058,12,,,0,100,,4059,12,,,0,70,,4073,12,,,0,30,,4060,12,,,0,70,,4074,12,,,0,30,,4061,12,,,0,70,,4075,12,,,0,30,,4062,12,,,0,70,,4076,12,,,0,30,,4063,12,,,0,70,,4077,12,,,0,30,,4064,12,,,0,100,,4065,12,,,0,100,,4066,12,,,0,100,,4067,12,,,0,100,,4068,12,,,0
4300,'3',844,,4078,12,,,0,100,,4079,12,,,0,100,,4080,12,,,0,100,,4081,12,,,0,100,,4082,12,,,0,100,,4083,12,,,0,100,,4084,12,,,0,100,,4085,12,,,0,100,,4086,12,,,0,100,,4087,12,,,0,100,,4088,12,,,0,100,,4089,12,,,0,100,,4090,12,,,0,100,,4091,12,,,0
4400,'1',632,,4161,12,,,0,70,,4162,12,,,0,28,,4163,12,,,0,70,,4164,12,,,0,30,,4165,12,,,0,70,,4166,12,,,0,29,,4167,12,,,0,29,,4168,12,,,0,70,,4169,12,,,0,30,,4170,12,,,0,70,,4171,12,,,0,30,,4172,12,,,0,70,,4173,12,,,0,30,,4174,12,,,0,70,,4175,12,,,0,30,,4176,12,,,0,70,,4177,12,,,0,30,,4178,12,,,0,68,,4179,12,,,0,30,,4180,12,,,0,70,,4181,12,,,0,30,,4182,12,,,0,70,,4183,12,,,0,30,,4184,12,,,0,98,,4185,12,,,0,100,,4186,12,,,0,100,,4187,12,,,0,100,,4188,12,,,0,100,,4189,12,,,0
4400,'2',724,,4200,12,,,0,100,,4199,12,,,0,100,,4198,12,,,0,100,,4197,12,,,0,100,,4202,12,,,0,30,,4203,12,,,0,70,,4204,12,,,0,30,,4205,12,,,0,70,,4206,12,,,0,30,,4207,12,,,0,70,,4208,12,,,0,30,,4209,12,,,0,70,,4210,12,,,0,30,,4211,12,,,0,100,,4212,12,,,0,70,,4213,12,,,0,30,,4214,12,,,0,70,,4215,12,,,0,30,,4216,12,,,0,70,,4196,12,,,0,100,,4195,12,,,0,100,,4194,12,,,0,100,,4193,12,,,0,100,,4192,12,,,0
4400,'3',924,,4229,12,,,0,100,,4228,12,,,0,100,,4224,12,,,0,100,,4223,12,,,0,100,,4222,12,,,0,100,,4221,12,,,0,100,,4220,12,,,0,100,,4219,12,,,0,100,,4218,12,,,0,100,,4217,12,,,0,100,,4227,12,,,0,100,,4226,12,,,0,100,,4225,12,,,0
4500,'1',639,,4291,12,,,0,68,,4292,12,,,0,30,,4293,12,,,0,70,,4294,12,,,0,30,,4295,12,,,0,70,,4296,12,,,0,30,,4297,12,,,0,70,,4298,12,,,0,30,,4299,12,,,0,70,,4300,12,,,0,30,,4301,12,,,0,70,,4302,12,,,0,30,,4303,12,,,0,70,,4304,12,,,0,30,,4305,12,,,0,70,,4306,12,,,0,30,,4307,12,,,0,70,,4308,12,,,0,27,,4309,12,,,0,70,,4310,12,,,0,30,,4311,12,,,0,70,,4312,12,,,0,30,,4313,12,,,0,93,,4314,12,,,0,107,,4315,12,,,0,100,,4316,12,,,0,100,,4317,12,,,0,100,,4318,12,,,0,100,,4319,12,,,0
4500,'2',704,,4328,12,,,0,100,,4327,12,,,0,100,,4326,12,,,0,100,,4325,12,,,0,100,,4320,12,,,0,30,,4330,12,,,0,70,,4331,12,,,0,30,,4332,12,,,0,70,,4333,12,,,0,30,,4334,12,,,0,70,,4335,12,,,0,30,,4336,12,,,0,70,,4337,12,,,0,30,,4338,12,,,0,70,,4339,12,,,0,30,,4340,12,,,0,70,,4341,12,,,0,30,,4342,12,,,0,70,,4343,12,,,0,30,,4344,12,,,0,70,,4345,12,,,0,100,,4324,12,,,0,100,,4323,12,,,0,100,,4322,12,,,0
4500,'3',904,,4358,12,,,0,100,,4357,12,,,0,100,,4346,12,,,0,100,,4356,12,,,0,100,,4355,12,,,0,100,,4354,12,,,0,100,,4353,12,,,0,100,,4352,12,,,0,100,,4351,12,,,0,100,,4350,12,,,0,100,,4349,12,,,0,101,,4348,12,,,0,99,,4347,12,,,0
4600,'1',617,,4424,12,,,0,29,,4425,12,,,0,68,,4426,12,,,0,30,,4427,12,,,0,70,,4428,12,,,0,30,,4429,12,,,0,71,,4430,12,,,0,30,,4431,12,,,0,70,,4432,12,,,0,30,,4433,12,,,0,70,,4434,12,,,0,30,,4435,12,,,0,70,,4436,12,,,0,30,,4437,12,,,0,70,,4438,12,,,0,30,,4439,12,,,0,70,,4440,12,,,0,29,,4441,12,,,0,66,,4442,12,,,0,30,,4443,12,,,0,70,,4444,12,,,0,30,,4445,12,,,0,70,,4446,12,,,0,30,,4447,12,,,0,70,,4448,12,,,0
