1440201,'1',626,,966,,,0,100,,947,,,0,30,,948,,,0,70,,949,,,0,30,,950,,,0,70,,951,,,0,100,,952,,,0,100,,953,,,0,30,,954,,,0,70,,955,,,0,30,,956,,,0,70,,957,,,0,30,,958,,,0,70,,959,,,0,100,,960,,,0,130,,961,,,0,70,,962,,,0,30,,963,,,0,70,,964,,,0,30,,965,,,0,154,,972,,,0,100,,973,,,0,100,,974,,,0,100,,975,,,0,100,,976,,,0
1440201,'10801',656,,978,,,0,300,,982,,,0,100,,979,,,0,400,,980,,,0,100,,981,,,0,70,,977,,,0
1440201,'1201',656,,983,,,0,300,,984,,,0,100,,985,,,0,400,,986,,,0,85,,989,,,0,15,,987,,,0,70,,988,,,0
1440201,'2',710,,1023,,,0,100,,1021,,,0,100,,1019,,,0,100,,1017,,,0,116,,1015,,,0,30,,1014,,,0,70,,1013,,,0,30,,1012,,,0,70,,1011,,,0,30,,1010,,,0,70,,1009,,,0,30,,1008,,,0,70,,1007,,,0,30,,1006,,,0,70,,1005,,,0,30,,1004,,,0,70,,1003,,,0,30,,1002,,,0,70,,1001,,,0,30,,1000,,,0,154,,999,,,0,100,,998,,,0,100,,997,,,0,100,,996,,,0,100,,995,,,0
1440201,'3',910,,1049,,,0,100,,1047,,,0,100,,1045,,,0,100,,1043,,,0,100,,1041,,,0,100,,1039,,,0,100,,1037,,,0,100,,1035,,,0,100,,1033,,,0,100,,1031,,,0,100,,1030,,,0,100,,1029,,,0,100,,1028,,,0
1440401,'1',625,,1293,,,0,30,,1292,,,0,70,,1291,,,0,30,,1290,,,0,70,,1289,,,0,30,,1288,,,0,70,,1287,,,0,30,,1286,,,0,70,,1285,,,0,30,,1284,,,0,70,,1283,,,0,30,,1282,,,0,70,,1281,,,0,30,,1280,,,0,70,,1279,,,0,30,,1278,,,0,70,,1277,,,0,30,,1276,,,0,70,,1275,,,0,30,,1274,,,0,70,,1273,,,0,30,,1272,,,0,70,,1271,,,0,30,,1270,,,0,70,,1269,,,0,30,,1268,,,0,70,,1267,,,0,100,,1266,,,0,100,,1265,,,0,100,,1264,,,0,100,,1263,,,0,86,,1262,,,0
1440401,'2',725,,1319,,,0,100,,1318,,,0,100,,1317,,,0,100,,1316,,,0,100,,1315,,,0,30,,1314,,,0,70,,1313,,,0,30,,1312,,,0,70,,1311,,,0,30,,1310,,,0,70,,1309,,,0,30,,1308,,,0,70,,1307,,,0,30,,1306,,,0,70,,1305,,,0,30,,1304,,,0,70,,1303,,,0,30,,1302,,,0,70,,1301,,,0,30,,1300,,,0,70,,1299,,,0,100,,1298,,,0,100,,1297,,,0,100,,1296,,,0,100,,1295,,,0,86,,1294,,,0
1440401,'3',925,,1332,,,0,100,,1331,,,0,100,,1330,,,0,100,,1329,,,0,100,,1328,,,0,100,,1327,,,0,100,,1326,,,0,100,,1325,,,0,100,,1324,,,0,100,,1323,,,0,100,,1322,,,0,100,,1321,,,0,86,,1320,,,0
1441601,'10801',705,,3315,,,0,30,,3314,,,0,70,,3316,,,0,30,,3317,,,0,70,,3318,,,0
1441601,'1201',705,,3321,,,0,30,,3322,,,0,70,,3323,,,0,30,,3320,,,0,70,,3319,,,0
