1400,'1',622,,2199,24,,,0,130,,2209,24,,,0,70,,2208,24,,,0,30,,2207,24,,,0,70,,2206,24,,,0,100,,2205,24,,,0,100,,2204,24,,,0,100,,2203,24,,,0,100,,2202,24,,,0,100,,2201,24,,,0,100,,2200,24,,,0,85,,2213,13,,,0,15,,2198,24,,,0,15,,2211,13,,,0,15,,2197,24,,,0,55,,2212,13,,,0,15,,2196,24,,,0,30,,2195,24,,,0,70,,2194,24,,,0,100,,2193,24,,,0,100,,2192,24,,,0,100,,2191,24,,,0,100,,2190,24,,,0
1400,'1201',1552,,2214,24,,,0
1400,'12801',1552,,2215,24,,,0
1400,'13001',1607,,2216,13,,,0
1400,'2',622,,2225,24,,,0,100,,2234,24,,,0,100,,2233,24,,,0,100,,2232,24,,,0,100,,2231,24,,,0,100,,2230,24,,,0,100,,2229,24,,,0,100,,2228,24,,,0,100,,2227,24,,,0,100,,2226,24,,,0,100,,2224,24,,,0,100,,2223,24,,,0,100,,2222,24,,,0,100,,2221,24,,,0,100,,2220,24,,,0,100,,2219,24,,,0,100,,2218,24,,,0,100,,2217,24,,,0
1400,'3',922,,2247,24,,,0,100,,2246,24,,,0,100,,2245,24,,,0,100,,2244,24,,,0,100,,2243,24,,,0,100,,2242,24,,,0,100,,2241,24,,,0,100,,2240,24,,,0,100,,2239,24,,,0,100,,2238,24,,,0,100,,2237,24,,,0,100,,2236,24,,,0,95,,2235,24,,,0
2501,'1',722,,3313,15,0,8 9 10,0,30,,3312,15,0,8 9 10,0,70,,3311,15,0,8 9 10,0,30,,3310,15,0,8 9 10,0,791,,3309,15,0,8 9 10,0,70,,3308,15,0,8 9 10,0,30,,3307,15,0,8 9 10,0,70,,3306,15,0,8 9 10,0
2501,'1201',1613,,3314,15,0,8 9 10,0
2501,'12801',1613,,3315,15,0,8 9 10,0
51400,'1',644,,5925,9,,,0
51401,'1',644,,5926,8,,,0
