100,4303,1,0
100,3621,2,0
100,3630,3,0
100,3627,4,0
100,3029,5,0
100,4357,6,0
100,4114,7,0
100,3885,8,0
100,3889,9,0
100,3888,10,0
100,3886,11,0
100,3983,12,0
100,5896,13,0
100,4066,14,0
100,4045,15,0
100,4047,16,0
100,4049,17,0
100,4051,18,0
100,4052,19,0
100,3969,20,0
100,4062,21,0
100,4042,22,0
100,3073,23,0
100,3276,24,0
100,3279,25,0
100,3281,26,0
100,5899,27,1
101,5412,1,0
101,3280,2,0
101,3278,3,0
101,3275,4,0
101,3072,5,0
101,4043,6,0
101,4041,7,0
101,4061,8,0
101,4371,9,0
101,4053,10,0
101,4050,11,0
101,4048,12,0
101,4046,13,0
101,4044,14,0
101,5824,15,0
101,5339,16,0
101,3179,17,0
101,3182,18,0
101,4302,19,0
101,3356,20,0
101,4301,21,0
101,4303,22,1
200,5413,1,0
200,3078,2,0
200,3077,3,0
200,3123,4,0
200,3083,5,0
200,3087,6,0
200,3089,7,0
200,3091,8,0
200,3093,9,0
200,3096,10,0
200,3097,11,0
200,3100,12,0
200,3101,13,0
200,3104,14,0
200,3106,15,0
200,3108,16,0
200,3110,17,0
200,3112,18,0
200,4014,19,0
200,4004,20,0
200,4003,21,0
200,3413,22,0
200,3973,23,0
200,3415,24,0
200,3533,25,0
200,3071,26,0
200,3501,27,0
200,3988,28,0
200,3118,29,0
200,3116,30,0
200,4169,31,0
200,3907,32,0
200,5912,33,1
201,5912,1,0
201,4174,2,0
201,3652,3,0
201,5731,4,0
201,5732,5,0
201,5733,6,0
201,5734,7,0
201,5730,8,0
201,5729,9,0
201,5735,10,0
201,5368,11,0
201,5736,12,0
201,3115,13,0
201,3113,14,0
201,3111,15,0
201,3109,16,0
201,3107,17,0
201,3105,18,0
201,3103,19,0
201,3102,20,0
201,3099,21,0
201,3098,22,0
201,3095,23,0
201,3094,24,0
201,3092,25,0
201,3088,26,0
201,3084,27,0
201,4287,28,0
201,3276,29,0
201,3279,30,0
201,3281,31,0
201,5413,32,0
201,5415,33,1
300,5415,1,0
300,3138,2,0
300,3139,3,0
300,5830,4,0
300,5831,5,0
300,5832,6,0
300,5833,7,0
300,5792,8,0
300,3189,9,0
300,4431,10,0
300,3190,11,0
300,4437,12,0
300,4438,13,0
300,3957,14,0
300,3935,15,0
300,4436,16,0
300,5714,17,0
300,5374,18,0
300,3497,19,1
301,3497,1,0
301,3495,2,0
301,5364,3,0
301,3494,4,0
301,3493,5,0
301,5715,6,0
301,4116,7,0
301,4158,8,0
301,5843,9,0
301,5800,10,0
301,5834,11,0
301,5835,12,0
301,5836,13,0
301,5837,14,0
301,3140,15,0
301,3076,16,0
301,3159,17,0
301,5414,18,1
401,5868,1,0
401,5869,2,0
401,5873,3,0
401,5599,4,0
401,3993,5,0
401,5597,6,0
401,3739,7,0
401,4166,8,0
401,4165,9,0
401,4442,10,0
401,4163,11,0
401,3187,12,0
401,3176,13,0
401,3294,14,0
401,3292,15,0
401,3586,16,0
401,5899,17,1
500,3168,1,0
500,3169,2,0
500,3586,3,0
500,5413,4,0
500,3143,5,0
500,3160,6,0
500,3162,7,0
500,4333,8,0
500,3158,9,0
500,3144,10,0
500,3146,11,0
500,3150,12,0
500,3154,13,0
500,5792,14,0
500,5793,15,0
500,3670,16,0
500,3133,17,0
500,3666,18,0
500,3654,19,0
500,3664,20,0
500,3661,21,0
500,3660,22,0
500,3658,23,0
500,5551,24,0
500,3193,25,0
500,3194,26,0
500,3500,27,0
500,3620,28,0
500,3650,29,0
500,3141,30,0
500,4169,31,0
500,3907,32,0
500,5911,33,0
500,4174,34,0
500,3069,35,0
500,4247,36,0
500,3843,37,0
500,3838,38,0
500,3847,39,0
500,3841,40,0
500,3840,41,0
500,3845,42,0
500,4361,43,0
500,5362,44,0
500,3839,45,1
501,3839,1,0
501,3195,2,0
501,3835,3,0
501,3762,4,0
501,5450,5,0
501,4392,6,0
501,4249,7,0
501,4202,8,0
501,4422,9,0
501,3907,10,0
501,5912,11,0
501,4174,12,0
501,5794,13,0
501,5795,14,0
501,5788,15,0
501,5796,16,0
501,5797,17,0
501,5798,18,0
501,5799,19,0
501,3657,20,0
501,3659,21,0
501,3662,22,0
501,3663,23,0
501,3653,24,0
501,3665,25,0
501,3667,26,0
501,3669,27,0
501,5801,28,0
501,5800,29,0
501,5804,30,0
501,3151,31,0
501,3147,32,0
501,3145,33,0
501,4332,34,0
501,3163,35,0
501,3161,36,0
501,3159,37,0
501,5413,38,0
501,5414,39,0
501,3293,40,0
501,3168,41,1
600,5900,1,0
600,3280,2,0
600,3278,3,0
600,3275,4,0
600,3072,5,0
600,4043,6,0
600,4041,7,0
600,4061,8,0
600,4371,9,0
600,4053,10,0
600,4050,11,0
600,4048,12,0
600,4046,13,0
600,4044,14,0
600,5824,15,0
600,4065,16,0
600,4059,17,0
600,4057,18,0
600,4055,19,0
600,4063,20,0
600,3198,21,0
600,3513,22,0
600,3508,23,0
600,3511,24,0
600,3514,25,0
600,5809,26,0
600,5810,27,0
600,5811,28,0
600,3806,29,0
600,5812,30,0
600,5606,31,0
600,5813,32,0
600,5814,33,0
600,5815,34,0
600,5825,35,0
600,5816,36,0
600,5817,37,0
600,5818,38,0
600,5819,39,0
600,5820,40,0
600,5454,41,0
600,5821,42,0
600,3829,43,0
600,5726,44,0
600,5906,45,0
600,3873,46,0
600,3875,47,0
600,4217,48,0
600,5721,49,0
600,5722,50,0
600,5612,51,0
600,5805,52,0
600,5826,53,0
600,5806,54,0
600,5807,55,0
600,5808,56,0
600,3315,57,0
600,4215,58,0
600,3353,59,0
600,3746,60,0
600,5742,61,0
600,5741,62,0
600,5903,63,0
600,4163,64,0
600,3187,65,0
600,3176,66,0
600,3174,67,0
600,3285,68,0
600,3283,69,0
600,5899,70,1
601,3314,1,0
601,4349,2,0
601,3313,3,0
601,3423,4,0
601,5728,5,0
601,3429,6,0
601,3427,7,0
601,4336,8,0
601,5821,9,0
601,3829,10,0
601,5726,11,0
601,5906,12,0
601,3873,13,0
601,3875,14,0
601,3426,15,0
601,3419,16,0
601,3588,17,0
601,3167,18,0
601,3165,19,0
601,3166,20,0
601,3188,21,0
601,3420,22,0
601,3428,23,0
601,5822,24,0
601,5607,25,0
601,5823,26,0
601,3510,27,0
601,3506,28,0
601,3507,29,0
601,3883,30,0
601,3416,31,0
601,3560,32,0
601,4016,33,0
601,5453,34,0
601,4064,35,0
601,4056,36,0
601,4058,37,0
601,4060,38,0
601,4066,39,0
601,4045,40,0
601,4047,41,0
601,4049,42,0
601,4051,43,0
601,4052,44,0
601,3969,45,0
601,4062,46,0
601,4042,47,0
601,3073,48,0
601,3276,49,0
601,3279,50,0
601,3281,51,0
601,5899,52,0
601,3282,53,0
601,3170,54,0
601,3172,55,0
601,3173,56,0
601,3175,57,0
601,3186,58,0
601,4162,59,0
601,5904,60,0
601,5391,61,0
601,5392,62,0
601,4161,63,0
601,3747,64,0
601,4487,65,0
601,4218,66,0
601,4002,67,1
700,5899,1,0
700,3807,2,0
700,4324,3,0
700,4325,4,0
700,4326,5,0
700,3241,6,0
700,3222,7,0
700,3224,8,0
700,3225,9,0
700,3229,10,0
700,3232,11,0
700,3622,12,0
700,3240,13,0
700,3233,14,0
700,3237,15,0
700,5764,16,0
700,5765,17,0
700,5766,18,0
700,5767,19,0
700,5710,20,0
700,3447,21,0
700,4383,22,0
700,4384,23,0
700,4385,24,0
700,4354,25,0
700,4316,26,0
700,4368,27,0
700,4320,28,0
700,4305,29,0
700,4307,30,0
700,4373,31,0
700,4321,32,0
700,5770,33,0
700,3526,34,0
700,3948,35,0
700,4176,36,0
700,4178,37,0
700,3907,38,0
700,5912,39,1
701,5912,1,0
701,4179,2,0
701,4177,3,0
701,4175,4,0
701,3527,5,0
701,3525,6,0
701,3524,7,0
701,3912,8,0
701,3913,9,0
701,3257,10,0
701,3255,11,0
701,3256,12,0
701,3258,13,0
701,4282,14,0
701,5768,15,0
701,5769,16,0
701,5785,17,0
701,5770,18,0
701,5771,19,0
701,5725,20,0
701,5772,21,0
701,3242,22,0
701,5782,23,0
701,3235,24,0
701,3238,25,0
701,3234,26,0
701,3239,27,0
701,3231,28,0
701,3230,29,0
701,3228,30,0
701,3226,31,0
701,3223,32,0
701,3221,33,0
701,4315,34,0
701,4313,35,0
701,5608,36,0
701,4312,37,0
701,4311,38,0
701,4310,39,0
701,3163,40,0
701,3161,41,0
701,3159,42,0
701,5412,43,1
800,4287,1,0
800,3276,2,0
800,3279,3,0
800,3281,4,0
800,5901,5,0
800,3078,6,0
800,3077,7,0
800,3345,8,0
800,3357,9,0
800,3333,10,0
800,3362,11,0
800,3330,12,0
800,3339,13,0
800,3321,14,0
800,3363,15,0
800,3349,16,0
800,3359,17,0
800,3328,18,0
800,3341,19,0
800,3354,20,0
800,5737,21,0
800,3351,22,0
800,3334,23,0
800,4448,24,0
800,3323,25,0
800,5557,26,0
800,5909,27,1
801,5910,1,0
801,5556,2,0
801,4172,3,0
801,3335,4,0
801,3352,5,0
801,3338,6,0
801,3355,7,0
801,3342,8,0
801,3329,9,0
801,3337,10,0
801,3360,11,0
801,3350,12,0
801,3327,13,0
801,5738,14,0
801,3340,15,0
801,3331,16,0
801,3324,17,0
801,3332,18,0
801,3358,19,0
801,3344,20,0
801,4287,21,0
801,3276,22,0
801,3279,23,0
801,3281,24,0
801,5901,25,1
900,5414,1,0
900,3280,2,0
900,3278,3,0
900,3275,4,0
900,4000,5,0
900,5663,6,0
900,5758,7,0
900,5759,8,0
900,5760,9,0
900,3474,10,0
900,3472,11,0
900,3470,12,0
900,3468,13,0
900,3063,14,0
900,3064,15,0
900,3067,16,0
900,3489,17,0
900,3487,18,0
900,3486,19,0
900,3491,20,0
900,3609,21,0
900,3608,22,0
900,5761,23,0
900,3606,24,0
900,3604,25,0
900,3499,26,0
900,3967,27,0
900,4219,28,0
900,3219,29,0
900,4390,30,0
900,4391,31,0
900,4492,32,0
900,3085,33,0
900,5384,34,0
900,5525,35,0
900,5571,36,0
900,5567,37,0
900,3762,38,0
900,3765,39,0
900,3758,40,0
900,3757,41,0
900,3759,42,0
900,4117,43,0
900,3994,44,0
900,4251,45,0
900,3069,46,0
900,4202,47,0
900,4422,48,0
900,3907,49,0
900,5912,50,1
901,5912,1,0
901,4174,2,0
901,4074,3,0
901,4054,4,0
901,3053,5,0
901,3707,6,0
901,4365,7,0
901,3756,8,0
901,5370,9,0
901,5449,10,0
901,4069,11,0
901,3197,12,0
901,5570,13,0
901,3213,14,0
901,5388,15,0
901,5389,16,0
901,5546,17,0
901,5383,18,0
901,3119,19,0
901,4072,20,0
901,5561,21,0
901,5562,22,0
901,5563,23,0
901,5564,24,0
901,5568,25,0
901,5565,26,0
901,3038,27,0
901,5739,28,0
901,3036,29,0
901,3034,30,0
901,3031,31,0
901,4001,32,0
901,3603,33,0
901,5762,34,0
901,5740,35,0
901,3607,36,0
901,3492,37,0
901,5753,38,0
901,3488,39,0
901,3068,40,0
901,3065,41,0
901,3467,42,0
901,3469,43,0
901,4344,44,0
901,3473,45,0
901,5752,46,0
901,5743,47,0
901,5754,48,0
901,5755,49,0
901,5756,50,0
901,3276,51,0
901,3279,52,0
901,3281,53,0
901,5415,54,1
1000,5413,1,0
1000,3078,2,0
1000,3077,3,0
1000,3123,4,0
1000,3083,5,0
1000,3087,6,0
1000,3089,7,0
1000,3091,8,0
1000,3093,9,0
1000,3096,10,0
1000,3097,11,0
1000,3100,12,0
1000,3101,13,0
1000,3104,14,0
1000,3106,15,0
1000,3108,16,0
1000,3110,17,0
1000,3112,18,0
1000,4014,19,0
1000,4004,20,0
1000,4003,21,0
1000,3413,22,0
1000,3973,23,0
1000,3415,24,0
1000,3533,25,0
1000,3071,26,0
1000,3501,27,0
1000,3988,28,0
1000,3118,29,0
1000,3116,30,0
1000,4169,31,0
1000,3907,32,0
1000,5912,33,1
1001,5912,1,0
1001,4174,2,0
1001,3652,3,0
1001,5731,4,0
1001,5732,5,0
1001,5733,6,0
1001,5734,7,0
1001,5730,8,0
1001,5729,9,0
1001,5735,10,0
1001,5368,11,0
1001,5736,12,0
1001,3115,13,0
1001,3113,14,0
1001,3111,15,0
1001,3109,16,0
1001,3107,17,0
1001,3105,18,0
1001,3103,19,0
1001,3102,20,0
1001,3099,21,0
1001,3098,22,0
1001,3095,23,0
1001,3094,24,0
1001,3092,25,0
1001,3090,26,0
1001,3088,27,0
1001,3084,28,0
1001,4287,29,0
1001,3276,30,0
1001,3279,31,0
1001,3281,32,0
1001,5413,33,1
1100,5415,1,0
1100,3199,2,0
1100,3201,3,0
1100,5558,4,0
1100,3727,5,0
1100,3725,6,0
1100,3723,7,0
1100,3721,8,0
1100,3309,9,0
1100,3311,10,0
1100,3305,11,0
1100,3303,12,0
1100,4419,13,0
1100,3273,14,0
1100,5372,15,0
1100,4425,16,0
1100,5656,17,0
1100,4397,18,0
1100,4398,19,0
1100,4399,20,0
1100,4396,21,0
1100,4386,22,0
1100,5560,23,0
1100,5827,24,0
1100,5828,25,0
1100,5829,26,0
1100,5404,27,0
1100,5405,28,0
1100,5406,29,0
1100,5407,30,0
1100,5408,31,0
1100,5409,32,0
1100,3684,33,0
1100,3995,34,0
1100,3434,35,0
1100,5400,36,0
1100,5653,37,0
1100,5844,38,1
1101,5844,1,0
1101,5401,2,0
1101,5840,3,0
1101,5642,4,0
1101,5643,5,0
1101,5644,6,0
1101,5645,7,0
1101,3288,8,0
1101,5627,9,0
1101,3443,10,0
1101,3446,11,0
1101,3445,12,0
1101,3444,13,0
1101,3442,14,0
1101,4394,15,0
1101,4395,16,0
1101,3268,17,0
1101,3483,18,0
1101,3250,19,0
1101,3249,20,0
1101,3247,21,0
1101,5750,22,0
1101,5700,23,0
1101,5657,24,0
1101,5655,25,0
1101,5654,26,0
1101,5373,27,0
1101,4433,28,0
1101,3304,29,0
1101,3306,30,0
1101,3312,31,0
1101,3310,32,0
1101,3722,33,0
1101,4366,34,0
1101,3726,35,0
1101,3209,36,0
1101,3202,37,0
1101,3200,38,0
1101,3283,39,0
1101,5415,40,0
1101,5414,41,1
1200,5412,1,0
1200,3282,2,0
1200,3171,3,0
1200,4370,4,0
1200,3727,5,0
1200,3725,6,0
1200,3723,7,0
1200,3721,8,0
1200,3309,9,0
1200,3311,10,0
1200,3305,11,0
1200,3303,12,0
1200,3301,13,0
1200,3775,14,0
1200,3774,15,0
1200,3777,16,0
1200,3771,17,0
1200,3399,18,0
1200,4480,19,0
1200,3409,20,0
1200,3405,21,0
1200,3403,22,0
1200,3400,23,0
1200,4447,24,0
1200,4446,25,0
1200,4292,26,0
1200,3441,27,0
1200,3440,28,0
1200,3985,29,0
1200,3717,30,0
1200,4108,31,0
1200,4107,32,0
1200,3998,33,0
1200,3433,34,0
1200,3435,35,0
1200,3616,36,0
1200,5846,37,0
1200,3926,38,0
1200,3928,39,0
1200,3755,40,0
1200,5847,41,0
1200,3731,42,0
1200,3732,43,0
1200,3736,44,0
1200,5908,45,1
1201,5908,1,0
1201,3733,2,0
1201,3754,3,0
1201,3925,4,0
1201,3927,5,0
1201,5848,6,0
1201,3619,7,0
1201,3438,8,0
1201,3431,9,0
1201,3996,10,0
1201,3997,11,0
1201,3430,12,0
1201,3436,13,0
1201,3432,14,0
1201,3439,15,0
1201,4293,16,0
1201,4445,17,0
1201,3407,18,0
1201,3401,19,0
1201,3402,20,0
1201,3406,21,0
1201,3410,22,0
1201,4227,23,0
1201,3772,24,0
1201,3778,25,0
1201,3773,26,0
1201,3776,27,0
1201,3302,28,0
1201,3304,29,0
1201,3306,30,0
1201,3312,31,0
1201,3310,32,0
1201,3722,33,0
1201,4366,34,0
1201,3726,35,0
1201,3437,36,0
1201,3978,37,0
1201,3285,38,0
1201,3283,39,0
1201,5897,40,1
1300,5453,1,0
1300,4064,2,0
1300,4056,3,0
1300,4058,4,0
1300,4060,5,0
1300,4066,6,0
1300,4045,7,0
1300,4047,8,0
1300,4049,9,0
1300,4051,10,0
1300,4052,11,0
1300,3969,12,0
1300,4062,13,0
1300,4042,14,0
1300,3051,15,0
1300,3918,16,0
1300,3914,17,0
1300,3546,18,0
1300,3541,19,0
1300,3544,20,0
1300,3542,21,0
1300,4149,22,0
1300,4140,23,0
1300,4162,24,0
1300,5903,25,0
1300,4076,26,0
1300,3787,27,0
1300,3991,28,0
1300,4328,29,0
1300,4379,30,0
1300,4378,31,0
1300,3992,32,0
1300,3532,33,0
1300,3737,34,0
1300,5907,35,0
1300,3733,36,0
1300,3754,37,0
1300,5852,38,0
1300,3700,39,0
1300,3709,40,0
1300,3706,41,0
1300,3708,42,0
1300,3713,43,0
1300,3904,44,1
1301,3904,1,0
1301,3596,2,0
1301,3602,3,0
1301,3598,4,0
1301,5853,5,0
1301,5854,6,0
1301,5428,7,0
1301,3644,8,0
1301,3641,9,0
1301,3734,10,0
1301,3731,11,0
1301,3732,12,0
1301,3736,13,0
1301,5908,14,0
1301,3735,15,0
1301,3531,16,0
1301,3993,17,0
1301,4374,18,0
1301,4375,19,0
1301,4329,20,0
1301,3990,21,0
1301,4343,22,0
1301,4077,23,0
1301,4078,24,0
1301,5742,25,0
1301,5741,26,0
1301,5904,27,0
1301,4163,28,0
1301,4154,29,0
1301,3543,30,0
1301,3545,31,0
1301,5851,32,0
1301,3547,33,0
1301,3915,34,0
1301,3917,35,0
1301,3056,36,0
1301,4043,37,0
1301,4041,38,0
1301,4061,39,0
1301,4371,40,0
1301,4053,41,0
1301,4050,42,0
1301,4048,43,0
1301,4046,44,0
1301,4044,45,0
1301,5824,46,0
1301,4065,47,0
1301,4059,48,0
1301,4057,49,0
1301,4055,50,0
1301,3688,51,0
1301,3504,52,0
1301,3505,53,0
1301,3512,54,0
1301,3509,55,0
1301,5453,56,1
1400,5415,1,0
1400,3199,2,0
1400,3201,3,0
1400,3287,4,0
1400,3523,5,0
1400,3273,6,0
1400,5380,7,0
1400,5381,8,0
1400,3479,9,0
1400,3274,10,0
1400,5379,11,0
1400,4221,12,0
1400,4220,13,0
1400,3793,14,0
1400,3538,15,0
1400,4266,16,0
1400,4006,17,0
1400,4007,18,0
1400,4008,19,0
1400,4009,20,0
1400,3812,21,0
1400,3808,22,0
1400,3811,23,0
1400,3299,24,0
1400,3459,25,0
1400,4216,26,0
1400,3460,27,0
1400,5602,28,1
1401,5602,1,0
1401,3710,2,0
1401,4372,3,0
1401,3485,4,0
1401,3809,5,0
1401,3296,6,0
1401,3999,7,0
1401,3300,8,0
1401,3801,9,0
1401,3803,10,0
1401,3805,11,0
1401,4380,12,0
1401,4382,13,0
1401,4441,14,0
1401,4381,15,0
1401,3810,16,0
1401,3522,17,0
1401,3520,18,0
1401,5416,19,0
1401,4093,20,0
1401,4263,21,0
1401,4434,22,0
1401,3728,23,0
1401,3729,24,0
1401,5382,25,0
1401,3697,26,0
1401,3477,27,0
1401,3683,28,0
1401,5373,29,0
1401,3289,30,0
1401,3290,31,0
1401,3209,32,0
1401,3202,33,0
1401,3200,34,0
1401,3283,35,0
1401,5415,36,1
1500,5913,1,0
1500,3164,2,0
1500,5413,3,1
1501,3164,1,0
1501,5913,2,1
1700,5904,1,0
1700,4163,2,0
1700,4154,3,0
1700,4155,4,0
1700,4142,5,0
1700,4125,6,0
1700,4123,7,0
1700,4120,8,0
1700,4118,9,0
1700,4147,10,0
1700,4136,11,0
1700,4134,12,0
1700,4132,13,0
1700,4131,14,0
1700,4127,15,0
1700,4152,16,0
1700,4145,17,0
1700,4143,18,0
1700,4137,19,0
1700,3370,20,0
1700,5678,21,0
1700,5676,22,0
1700,5680,23,0
1700,5682,24,0
1700,5485,25,0
1700,5683,26,0
1700,3466,27,0
1700,5626,28,0
1700,5483,29,0
1700,5532,30,0
1700,5531,31,0
1700,5675,32,0
1700,5674,33,0
1700,5520,34,0
1700,5554,35,0
1700,4345,36,0
1700,5333,37,0
1700,3714,38,1
1701,3714,1,0
1701,3715,2,0
1701,3716,3,0
1701,3719,4,0
1701,5475,5,0
1701,5476,6,0
1701,5482,7,0
1701,3465,8,0
1701,5681,9,0
1701,5679,10,0
1701,4156,11,0
1701,5677,12,0
1701,4150,13,0
1701,4138,14,0
1701,4144,15,0
1701,4146,16,0
1701,4153,17,0
1701,4128,18,0
1701,4130,19,0
1701,4133,20,0
1701,5518,21,0
1701,4135,22,0
1701,4148,23,0
1701,4119,24,0
1701,4121,25,0
1701,4124,26,0
1701,4126,27,0
1701,4141,28,0
1701,4139,29,0
1701,4149,30,0
1701,4140,31,0
1701,4162,32,0
1701,5904,33,1
1800,5909,1,0
1800,5751,2,0
1800,3372,3,0
1800,3382,4,0
1800,3378,5,0
1800,3389,6,0
1800,5429,7,0
1800,3375,8,0
1800,3374,9,0
1800,3366,10,0
1800,3386,11,0
1800,5757,12,0
1800,5744,13,0
1800,5745,14,0
1800,5746,15,0
1800,4030,16,0
1800,3911,17,0
1800,4472,18,0
1800,3910,19,0
1800,3909,20,0
1800,5747,21,0
1800,5748,22,0
1800,5749,23,0
1800,4479,24,0
1800,4417,25,0
1800,4416,26,0
1800,4413,27,0
1800,4414,28,0
1800,3001,29,0
1800,3003,30,0
1800,4228,31,0
1800,4229,32,0
1800,4231,33,0
1800,4232,34,0
1800,3007,35,0
1800,3006,36,0
1800,5427,37,0
1800,4078,38,0
1800,5742,39,0
1800,5741,40,0
1800,5904,41,1
1801,5904,1,0
1801,5391,2,0
1801,5392,3,0
1801,5393,4,0
1801,3008,5,0
1801,3005,6,0
1801,4234,7,0
1801,4230,8,0
1801,3002,9,0
1801,3004,10,0
1801,4410,11,0
1801,4411,12,0
1801,4412,13,0
1801,4415,14,0
1801,4418,15,0
1801,4033,16,0
1801,4035,17,0
1801,4031,18,0
1801,5458,19,0
1801,5459,20,0
1801,5460,21,0
1801,5461,22,0
1801,4196,23,0
1801,4199,24,0
1801,4197,25,0
1801,4198,26,0
1801,3822,27,0
1801,3387,28,0
1801,3367,29,0
1801,3379,30,0
1801,3376,31,0
1801,3365,32,0
1801,3377,33,0
1801,3381,34,0
1801,3371,35,0
1801,5909,36,1
1900,5910,1,0
1900,3380,2,0
1900,3369,3,0
1900,3579,4,0
1900,3429,5,0
1900,5432,6,0
1900,5433,7,0
1900,5434,8,0
1900,5435,9,0
1900,5821,10,0
1900,3829,11,0
1900,5726,12,0
1900,5906,13,0
1900,5855,14,0
1900,3844,15,0
1900,5856,16,0
1900,5857,17,0
1900,3639,18,0
1900,3631,19,0
1900,4010,20,0
1900,4011,21,0
1900,4013,22,0
1900,3688,23,0
1900,4337,24,0
1900,5859,25,0
1900,3885,26,0
1900,3889,27,0
1900,3888,28,0
1900,3886,29,0
1900,3884,30,0
1900,3898,31,0
1900,3895,32,0
1900,3892,33,0
1900,3891,34,0
1900,3074,35,0
1900,3075,36,0
1900,3076,37,0
1900,3159,38,0
1900,5412,39,1
1901,5897,1,0
1901,3078,2,0
1901,3077,3,0
1901,3890,4,0
1901,3893,5,0
1901,3220,6,0
1901,3896,7,0
1901,3897,8,0
1901,3024,9,0
1901,3026,10,0
1901,3027,11,0
1901,3028,12,0
1901,5456,13,0
1901,3986,14,0
1901,3157,15,0
1901,4167,16,0
1901,4081,17,0
1901,4168,18,0
1901,3638,19,0
1901,3632,20,0
1901,3640,21,0
1901,3626,22,0
1901,3634,23,0
1901,3636,24,0
1901,5858,25,0
1901,3878,26,0
1901,3970,27,0
1901,5905,28,0
1901,3873,29,0
1901,3875,30,0
1901,3874,31,0
1901,3872,32,0
1901,3871,33,0
1901,3422,34,0
1901,5721,35,0
1901,3578,36,0
1901,3390,37,0
1901,3368,38,0
1901,3383,39,0
1901,3388,40,0
1901,5910,41,1
2000,3164,1,0
2000,3078,2,0
2000,3077,3,0
2000,4484,4,0
2000,4485,5,0
2000,4486,6,0
2000,3984,7,0
2000,5524,8,1
2001,4484,1,0
2001,4485,2,0
2001,4486,3,0
2001,3984,4,0
2001,5524,5,0
2001,5490,6,0
2001,3885,7,0
2001,3074,8,0
2001,3075,9,0
2001,3076,10,0
2001,3159,11,0
2001,5898,12,1
2101,3704,1,0
2101,3701,2,0
2101,3705,3,0
2101,3702,4,0
2101,3703,5,0
2101,5763,6,0
2101,4304,7,0
2101,4095,8,0
2101,4105,9,0
2101,4103,10,0
2101,4101,11,0
2101,4097,12,0
2101,4410,13,0
2101,5742,14,0
2101,5741,15,0
2101,5903,16,1
2200,3164,1,0
2200,3143,2,0
2200,3160,3,0
2200,3162,4,0
2200,4324,5,0
2200,4325,6,0
2200,4326,7,0
2200,4314,8,0
2200,3241,9,0
2200,3222,10,0
2200,3224,11,0
2200,3225,12,0
2200,3229,13,0
2200,3232,14,0
2200,3622,15,0
2200,3240,16,0
2200,3233,17,0
2200,3237,18,0
2200,4005,19,0
2200,4015,20,0
2200,3690,21,0
2200,3691,22,0
2200,3692,23,0
2200,4129,24,0
2200,3262,25,0
2200,3261,26,0
2200,3551,27,0
2200,4071,28,0
2200,3236,29,0
2200,4354,30,0
2200,4316,31,0
2200,4368,32,0
2200,4320,33,0
2200,4305,34,0
2200,4307,35,0
2200,4373,36,0
2200,4321,37,0
2200,5770,38,0
2200,3526,39,0
2200,3948,40,0
2200,4176,41,0
2200,4178,42,0
2200,3907,43,0
2200,5911,44,1
2201,5912,1,0
2201,4179,2,0
2201,4177,3,0
2201,4175,4,0
2201,3527,5,0
2201,3525,6,0
2201,3524,7,0
2201,3912,8,0
2201,3913,9,0
2201,3257,10,0
2201,3255,11,0
2201,3256,12,0
2201,3258,13,0
2201,4282,14,0
2201,3490,15,0
2201,3503,16,0
2201,3263,17,0
2201,3260,18,0
2201,3259,19,0
2201,3689,20,0
2201,3685,21,0
2201,3264,22,0
2201,4019,23,0
2201,4018,24,0
2201,3235,25,0
2201,3238,26,0
2201,3234,27,0
2201,3239,28,0
2201,3231,29,0
2201,3230,30,0
2201,3228,31,0
2201,3226,32,0
2201,3223,33,0
2201,3221,34,0
2201,4315,35,0
2201,4313,36,0
2201,5608,37,0
2201,4312,38,0
2201,4311,39,0
2201,4310,40,0
2201,3163,41,0
2201,3161,42,0
2201,3159,43,0
2201,5902,44,1
2500,3459,1,0
2500,3461,2,0
2500,4164,3,0
2500,4029,4,0
2500,4028,5,0
2500,5592,6,0
2500,4089,7,0
2500,3346,8,0
2500,3347,9,0
2500,4086,10,0
2500,4087,11,0
2500,5584,12,0
2500,5590,13,0
2500,5589,14,0
2500,5588,15,1
2501,5588,1,0
2501,5587,2,0
2501,5586,3,0
2501,5585,4,0
2501,4213,5,0
2501,5581,6,0
2501,5579,7,0
2501,5577,8,0
2501,5575,9,0
2501,5573,10,0
2501,4381,11,0
2501,3804,12,0
2501,4440,13,0
2501,5866,14,0
2501,3802,15,0
2501,3812,16,0
2501,3808,17,0
2501,3811,18,0
2501,3299,19,0
2501,3459,20,1
2600,5904,1,0
2600,4076,2,0
2600,4077,3,0
2600,3008,4,0
2600,3005,5,0
2600,5391,6,0
2600,5392,7,0
2600,4161,8,0
2600,3001,9,0
2600,3003,10,0
2600,4228,11,0
2600,4229,12,0
2600,4231,13,0
2600,4232,14,0
2600,4233,15,0
2600,4235,16,0
2600,4236,17,0
2600,4239,18,0
2600,3013,19,0
2600,3019,20,0
2600,3011,21,0
2600,3021,22,0
2600,4352,23,0
2600,4407,24,0
2600,4408,25,0
2600,4409,26,0
2600,4404,27,0
2600,5773,28,0
2600,4457,29,0
2600,4458,30,0
2600,4460,31,0
2600,4309,32,0
2600,5888,33,1
2601,5888,1,0
2601,5889,2,0
2601,5872,3,0
2601,5605,4,0
2601,4460,5,0
2601,3023,6,0
2601,3015,7,0
2601,3020,8,0
2601,3022,9,0
2601,3010,10,0
2601,4241,11,0
2601,4240,12,0
2601,4237,13,0
2601,3007,14,0
2601,3006,15,0
2601,5427,16,0
2601,4078,17,0
2601,4234,18,0
2601,4230,19,0
2601,3002,20,0
2601,3004,21,0
2601,4410,22,0
2601,5742,23,0
2601,5741,24,0
2601,5904,25,1
2700,5904,1,0
2700,5391,2,0
2700,5392,3,0
2700,4161,4,0
2700,4106,5,0
2700,4096,6,0
2700,4100,7,0
2700,4102,8,0
2700,4104,9,0
2700,3623,10,0
2700,4358,11,0
2700,4432,12,0
2700,5595,13,0
2700,3696,14,0
2700,3929,15,0
2700,3813,16,0
2700,4281,17,0
2700,3152,18,0
2700,3153,19,0
2700,3149,20,0
2700,4160,21,0
2700,4194,22,0
2700,3155,23,0
2700,3156,24,0
2700,3617,25,0
2700,3900,26,0
2700,3901,27,0
2700,3902,28,0
2700,5491,29,0
2700,5493,30,0
2700,5497,31,0
2700,5705,32,0
2700,4195,33,1
2701,5705,1,0
2701,5707,2,0
2701,5709,3,0
2701,3482,4,0
2701,3481,5,0
2701,3921,6,0
2701,3137,7,0
2701,4195,8,0
2701,4254,9,0
2701,4327,10,0
2701,3148,11,0
2701,3286,12,0
2701,3307,13,0
2701,3694,14,0
2701,3695,15,0
2701,5599,16,0
2701,5763,17,0
2701,4304,18,0
2701,4095,19,0
2701,4105,20,0
2701,4103,21,0
2701,4101,22,0
2701,4097,23,0
2701,4410,24,0
2701,5742,25,0
2701,5741,26,0
2701,5904,27,1
3000,4318,1,0
3000,4098,2,0
3000,3283,3,0
3000,5897,4,0
3000,3143,5,0
3000,3160,6,0
3000,3162,7,0
3000,4325,8,0
3000,4314,9,0
3000,5373,10,0
3000,3532,11,0
3000,3737,12,0
3000,5907,13,0
3000,3733,14,0
3000,3754,15,0
3000,3925,16,0
3000,3927,17,0
3000,5848,18,0
3000,3618,19,0
3000,3752,20,0
3000,3700,21,0
3000,3709,22,0
3000,3706,23,0
3000,3708,24,0
3000,3713,25,0
3000,3904,26,1
3001,3904,1,0
3001,3596,2,0
3001,3602,3,0
3001,3598,4,0
3001,5853,5,0
3001,5854,6,0
3001,5428,7,0
3001,3644,8,0
3001,3641,9,0
3001,3734,10,0
3001,3731,11,0
3001,3732,12,0
3001,3736,13,0
3001,5908,14,0
3001,3735,15,0
3001,3531,16,0
3001,5372,17,0
3001,4315,18,0
3001,4312,19,0
3001,4318,20,0
3001,3283,21,0
3001,5897,22,1
3500,4318,1,0
3500,4098,2,0
3500,3283,3,0
3500,5897,4,0
3500,3143,5,0
3500,3160,6,0
3500,3162,7,0
3500,4325,8,0
3500,4314,9,0
3500,5373,10,0
3500,3532,11,0
3500,3737,12,0
3500,5907,13,0
3500,3733,14,0
3500,3730,15,0
3500,4423,16,0
3500,4424,17,0
3500,3646,18,0
3500,3643,19,0
3500,3645,20,0
3500,3648,21,0
3500,3671,22,0
3500,3395,23,0
3500,3396,24,0
3500,3393,25,0
3500,3601,26,0
3500,3594,27,0
3500,3591,28,1
3501,3591,1,0
3501,3597,2,0
3501,3593,3,0
3501,3903,4,0
3501,5891,5,0
3501,5892,6,0
3501,5893,7,0
3501,3734,8,0
3501,3731,9,0
3501,3732,10,0
3501,3736,11,0
3501,5908,12,0
3501,3735,13,0
3501,3531,14,0
3501,5372,15,0
3501,4315,16,0
3501,4312,17,0
3501,4318,18,1
4300,5899,1,0
4300,3282,2,0
4300,3170,3,0
4300,3172,4,0
4300,3173,5,0
4300,3175,6,0
4300,3186,7,0
4300,4162,8,0
4300,5904,9,0
4300,5391,10,0
4300,5392,11,0
4300,4161,12,0
4300,5569,13,0
4300,5596,14,0
4300,3992,15,0
4300,5598,16,0
4300,5781,17,0
4300,5775,18,0
4300,5344,19,0
4300,5713,20,0
4300,3900,21,0
4300,3901,22,0
4300,3902,23,0
4300,5491,24,0
4300,5493,25,0
4300,5497,26,0
4300,5705,27,1
4301,5705,1,0
4301,5707,2,0
4301,5709,3,0
4301,3482,4,0
4301,3481,5,0
4301,3484,6,0
4301,5868,7,1
4400,5899,1,0
4400,3282,2,0
4400,3170,3,0
4400,3172,4,0
4400,3173,5,0
4400,3175,6,0
4400,3186,7,0
4400,4162,8,0
4400,5904,9,0
4400,5391,10,0
4400,5392,11,0
4400,4161,12,0
4400,5569,13,0
4400,5596,14,0
4400,3992,15,0
4400,5598,16,0
4400,5781,17,0
4400,5775,18,0
4400,5344,19,0
4400,5774,20,0
4400,5526,21,0
4400,4289,22,0
4400,4290,23,0
4400,4291,24,0
4400,4296,25,0
4400,3454,26,0
4400,3457,27,0
4400,3458,28,1
4401,3458,1,0
4401,5867,2,0
4401,4255,3,0
4401,4253,4,0
4401,5363,5,0
4401,5868,6,1
4500,5899,1,0
4500,3282,2,0
4500,3170,3,0
4500,3172,4,0
4500,3173,5,0
4500,3175,6,0
4500,3186,7,0
4500,4162,8,0
4500,5904,9,0
4500,5391,10,0
4500,5392,11,0
4500,4161,12,0
4500,5569,13,0
4500,5596,14,0
4500,3992,15,0
4500,5598,16,0
4500,5781,17,0
4500,5775,18,0
4500,5344,19,0
4500,5371,20,0
4500,5863,21,0
4500,3018,22,0
4500,3963,23,0
4500,3960,24,0
4500,5894,25,0
4500,4363,26,0
4500,4451,27,0
4500,4452,28,0
4500,4453,29,0
4500,4454,30,0
4500,4455,31,0
4500,4463,32,1
4501,4463,1,0
4501,4464,2,0
4501,4465,3,0
4501,4466,4,0
4501,5601,5,0
4501,5603,6,0
4501,5604,7,0
4501,5895,8,0
4501,5498,9,0
4501,5890,10,0
4501,5868,11,1
5000,5904,1,0
5000,5391,2,0
5000,5392,3,0
5000,4161,4,0
5000,5557,5,0
5000,3877,6,0
5000,3348,7,0
5000,3361,8,0
5000,3196,9,0
5000,5875,10,0
5000,5877,11,0
5000,4022,12,0
5000,4295,13,0
5000,4300,14,0
5000,5593,15,0
5000,5594,16,0
5000,3936,17,0
5000,3939,18,0
5000,3937,19,0
5000,3938,20,0
5000,3934,21,1
5001,3934,1,0
5001,5387,2,0
5001,3529,3,0
5001,3530,4,0
5001,3528,5,0
5001,3789,6,0
5001,3580,7,0
5001,3582,8,0
5001,3820,9,0
5001,3817,10,0
5001,3823,11,0
5001,4364,12,0
5001,3819,13,0
5001,3629,14,0
5001,3343,15,0
5001,3975,16,0
5001,3605,17,0
5001,5556,18,0
5001,5742,19,0
5001,5741,20,0
5001,5904,21,1
5500,5904,1,0
5500,5391,2,0
5500,5392,3,0
5500,4161,4,0
5500,5557,5,0
5500,3877,6,0
5500,3348,7,0
5500,3361,8,0
5500,3196,9,0
5500,5875,10,0
5500,5877,11,0
5500,4022,12,0
5500,4295,13,0
5500,4300,14,0
5500,3818,15,0
5500,4223,16,0
5500,4224,17,0
5500,4225,18,0
5500,3686,19,0
5500,3933,20,0
5500,3931,21,0
5500,3932,22,0
5500,5882,23,0
5500,5883,24,0
5500,5884,25,0
5500,4246,26,0
5500,4248,27,1
5501,4248,1,0
5501,5452,2,0
5501,3243,3,0
5501,3244,4,0
5501,3790,5,0
5501,3245,6,0
5501,3789,7,0
5501,3580,8,0
5501,3582,9,0
5501,3820,10,0
5501,3817,11,0
5501,3823,12,0
5501,4364,13,0
5501,3819,14,0
5501,3629,15,0
5501,3343,16,0
5501,3975,17,0
5501,3605,18,0
5501,5556,19,0
5501,5742,20,0
5501,5741,21,0
5501,5904,22,1
6000,4208,1,0
6000,4203,2,0
6000,4210,3,0
6000,4205,4,0
6000,3277,5,0
6000,4200,6,0
6000,3907,7,0
6000,5912,8,0
6000,4174,9,0
6000,3142,10,0
6000,3136,11,0
6000,3132,12,0
6000,3128,13,0
6000,3968,14,0
6000,5835,15,0
6000,5837,16,0
6000,3140,17,0
6000,3076,18,0
6000,3159,19,0
6000,5902,20,0
6000,3282,21,0
6000,3170,22,0
6000,3172,23,0
6000,3173,24,0
6000,3175,25,0
6000,3186,26,0
6000,4162,27,0
6000,5903,28,1
6001,5903,1,0
6001,4163,2,0
6001,3187,3,0
6001,3176,4,0
6001,3174,5,0
6001,3285,6,0
6001,3283,7,0
6001,5900,8,0
6001,3126,9,0
6001,3138,10,0
6001,3139,11,0
6001,5830,12,0
6001,5876,13,0
6001,3017,14,0
6001,3127,15,0
6001,3131,16,0
6001,3135,17,0
6001,3141,18,0
6001,4169,19,0
6001,3907,20,0
6001,5911,21,0
6001,4179,22,0
6001,4177,23,0
6001,4175,24,0
6001,3947,25,0
6001,3946,26,0
6001,3955,27,0
6001,3951,28,0
6001,3952,29,0
6001,3585,30,0
6001,3583,31,0
6001,4208,32,1
6100,5465,1,0
6100,5661,2,0
6100,5660,3,0
6100,5664,4,0
6100,5625,5,0
6100,4169,6,0
6100,3907,7,0
6100,5912,8,0
6100,4174,9,0
6100,3142,10,0
6100,3136,11,0
6100,3132,12,0
6100,3128,13,0
6100,3968,14,0
6100,5835,15,0
6100,5837,16,0
6100,3140,17,0
6100,3076,18,0
6100,3159,19,0
6100,5902,20,0
6100,3282,21,0
6100,3170,22,0
6100,3172,23,0
6100,3173,24,0
6100,3175,25,0
6100,3186,26,0
6100,4162,27,0
6100,5903,28,0
6100,5900,29,0
6100,5911,30,1
6101,5911,1,0
6101,4174,2,0
6101,4362,3,0
6101,5662,4,0
6101,5465,5,1
6200,4243,1,0
6200,4244,2,0
6200,4242,3,0
6200,3114,4,0
6200,3120,5,0
6200,3124,6,0
6200,4249,7,0
6200,4202,8,0
6200,4422,9,0
6200,3907,10,0
6200,5912,11,0
6200,4174,12,0
6200,3142,13,0
6200,3136,14,0
6200,3132,15,0
6200,3128,16,0
6200,3968,17,0
6200,5835,18,0
6200,5837,19,0
6200,3140,20,0
6200,3076,21,0
6200,3159,22,0
6200,5902,23,0
6200,3282,24,0
6200,3170,25,0
6200,3172,26,0
6200,3173,27,0
6200,3175,28,0
6200,3186,29,0
6200,4162,30,0
6200,5903,31,0
6200,5900,32,1
6201,5903,1,0
6201,4163,2,0
6201,3187,3,0
6201,3176,4,0
6201,3174,5,0
6201,3285,6,0
6201,3283,7,0
6201,5900,8,0
6201,3126,9,0
6201,3138,10,0
6201,3139,11,0
6201,5830,12,0
6201,5876,13,0
6201,3017,14,0
6201,3127,15,0
6201,3131,16,0
6201,3135,17,0
6201,3141,18,0
6201,4169,19,0
6201,3907,20,0
6201,5911,21,0
6201,4174,22,0
6201,3069,23,0
6201,4247,24,0
6201,5862,25,0
6201,3117,26,0
6201,4069,27,0
6201,3119,28,0
6201,4072,29,0
6201,4338,30,0
6201,4334,31,0
6201,4335,32,0
6201,5426,33,0
6201,5864,34,0
6201,3798,35,0
6201,3800,36,0
6201,3799,37,0
6201,4212,38,0
6201,3745,39,0
6201,4243,40,1
6300,5533,1,0
6300,5535,2,0
6300,5537,3,0
6300,4080,4,0
6300,4082,5,0
6300,4083,6,0
6300,4084,7,0
6300,5633,8,0
6300,5631,9,0
6300,5517,10,0
6300,5552,11,0
6300,5538,12,0
6300,4284,13,0
6300,4283,14,0
6300,5767,15,0
6300,5710,16,0
6300,5711,17,0
6300,3851,18,0
6300,5718,19,0
6300,5719,20,0
6300,4178,21,0
6300,3907,22,0
6300,5911,23,1
6301,5903,1,0
6301,4163,2,0
6301,3187,3,0
6301,3176,4,0
6301,3174,5,0
6301,3285,6,0
6301,3283,7,0
6301,5900,8,0
6301,3126,9,0
6301,3138,10,0
6301,3139,11,0
6301,5830,12,0
6301,5876,13,0
6301,3017,14,0
6301,3127,15,0
6301,3131,16,0
6301,3135,17,0
6301,3141,18,0
6301,4169,19,0
6301,3907,20,0
6301,5911,21,0
6301,4179,22,0
6301,4177,23,0
6301,5720,24,0
6301,3849,25,0
6301,5723,26,0
6301,5724,27,0
6301,5725,28,0
6301,5712,29,0
6301,3537,30,0
6301,3549,31,0
6301,4265,32,0
6301,3690,33,0
6301,3691,34,0
6301,3692,35,0
6301,4129,36,0
6301,4021,37,0
6301,4023,38,0
6301,5533,39,1
6500,4208,1,0
6500,4203,2,0
6500,4210,3,0
6500,4205,4,0
6500,3277,5,0
6500,4200,6,0
6500,3907,7,0
6500,5912,8,0
6500,4174,9,0
6500,3142,10,0
6500,3136,11,0
6500,3132,12,0
6500,3128,13,0
6500,3968,14,0
6500,5835,15,0
6500,5837,16,0
6500,3140,17,0
6500,3076,18,0
6500,3159,19,0
6500,5902,20,0
6500,3282,21,0
6500,3170,22,0
6500,3172,23,0
6500,3173,24,0
6500,3175,25,0
6500,3186,26,0
6500,4162,27,0
6500,5903,28,1
6501,5903,1,0
6501,4163,2,0
6501,3187,3,0
6501,3176,4,0
6501,3174,5,0
6501,3285,6,0
6501,3283,7,0
6501,5900,8,0
6501,3126,9,0
6501,3138,10,0
6501,3139,11,0
6501,5830,12,0
6501,5876,13,0
6501,3017,14,0
6501,3127,15,0
6501,3131,16,0
6501,3135,17,0
6501,3141,18,0
6501,4169,19,0
6501,3907,20,0
6501,5911,21,0
6501,3908,22,0
6501,4085,23,0
6501,4092,24,0
6501,4090,25,0
6501,4088,26,0
6501,4091,27,0
6501,4094,28,0
6501,3748,29,0
6501,3749,30,0
6501,5703,31,0
6501,3750,32,0
6501,4211,33,0
6501,4208,34,1
8100,5909,1,0
8100,3380,2,0
8100,3369,3,0
8100,3579,4,0
8100,3590,5,0
8100,3373,6,0
8100,3554,7,0
8100,3556,8,0
8100,3571,9,0
8100,3559,10,0
8100,3814,11,0
8100,3568,12,0
8100,4181,13,0
8100,4183,14,0
8100,3979,15,0
8100,4186,16,0
8100,4191,17,0
8100,4189,18,0
8100,4449,19,0
8100,4188,20,0
8100,4193,21,0
8100,5904,22,1
8101,5904,1,0
8101,5431,2,0
8101,4192,3,0
8101,4187,4,0
8101,4450,5,0
8101,4180,6,0
8101,4190,7,0
8101,4185,8,0
8101,4184,9,0
8101,4182,10,0
8101,3569,11,0
8101,4032,12,0
8101,3561,13,0
8101,3572,14,0
8101,4348,15,0
8101,5355,16,0
8101,3578,17,0
8101,3390,18,0
8101,3368,19,0
8101,3383,20,0
8101,3388,21,0
8101,5910,22,0
8101,5909,23,1
8200,5909,1,0
8200,5751,2,0
8200,3372,3,0
8200,3382,4,0
8200,3378,5,0
8200,3389,6,0
8200,5332,7,0
8200,3418,8,0
8200,3425,9,0
8200,3867,10,0
8200,3855,11,0
8200,3860,12,0
8200,3857,13,0
8200,3863,14,0
8200,3858,15,0
8200,3861,16,0
8200,5787,17,0
8200,4191,18,0
8200,4189,19,0
8200,4449,20,0
8200,4188,21,0
8200,4193,22,0
8200,5904,23,1
8201,5904,1,0
8201,5431,2,0
8201,4192,3,0
8201,4187,4,0
8201,4450,5,0
8201,4180,6,0
8201,5802,7,0
8201,5786,8,0
8201,3864,9,0
8201,3859,10,0
8201,4369,11,0
8201,3856,12,0
8201,3865,13,0
8201,3866,14,0
8201,3868,15,0
8201,3424,16,0
8201,3417,17,0
8201,3062,18,0
8201,3365,19,0
8201,3377,20,0
8201,3381,21,0
8201,3371,22,0
8201,5910,23,0
8201,5909,24,1
8300,3466,1,0
8300,5626,2,0
8300,5667,3,0
8300,5665,4,0
8300,5669,5,0
8300,4323,6,0
8300,4020,7,0
8300,5472,8,0
8300,5519,9,0
8300,5473,10,0
8300,5906,11,0
8300,3740,12,0
8300,4348,13,0
8300,5355,14,0
8300,3578,15,0
8300,3390,16,0
8300,3368,17,0
8300,3383,18,0
8300,3388,19,0
8300,5910,20,1
8301,5909,1,0
8301,3380,2,0
8301,3369,3,0
8301,3579,4,0
8301,3590,5,0
8301,3373,6,0
8301,3554,7,0
8301,4222,8,0
8301,3392,9,0
8301,3830,10,0
8301,5726,11,0
8301,5905,12,0
8301,5466,13,0
8301,5467,14,0
8301,5468,15,0
8301,5469,16,0
8301,4036,17,0
8301,5874,18,0
8301,3977,19,0
8301,3972,20,0
8301,5668,21,0
8301,5482,22,0
8301,5684,23,0
8301,5683,24,0
8301,3466,25,1
8400,5909,1,0
8400,3769,2,0
8400,3768,3,0
8400,3794,4,0
8400,3795,5,0
8400,3348,6,0
8400,3361,7,0
8400,3364,8,0
8400,4037,9,0
8400,4387,10,0
8400,4388,11,0
8400,4039,12,0
8400,4109,13,0
8400,5614,14,1
8401,5614,1,0
8401,5615,2,0
8401,5616,3,0
8401,5617,4,0
8401,5618,5,0
8401,5619,6,0
8401,4388,7,0
8401,5789,8,0
8401,5790,9,0
8401,5791,10,0
8401,3343,11,0
8401,3975,12,0
8401,3796,13,0
8401,3766,14,0
8401,3388,15,0
8401,5910,16,0
8401,5909,17,1
8600,5909,1,0
8600,3380,2,0
8600,3369,3,0
8600,5845,4,0
8600,3817,5,0
8600,4022,6,0
8600,3178,7,0
8600,5878,8,0
8600,5879,9,0
8600,5880,10,0
8600,5613,11,0
8600,5881,12,0
8600,3183,13,0
8600,3129,14,0
8600,4246,15,0
8600,4248,16,0
8600,5452,17,0
8600,3130,18,0
8600,5803,19,1
8601,5803,1,0
8601,5395,2,0
8601,4489,3,0
8601,5396,4,0
8601,5397,5,0
8601,3086,6,0
8601,5398,7,0
8601,5882,8,0
8601,5883,9,0
8601,5884,10,0
8601,5885,11,0
8601,5886,12,0
8601,5887,13,0
8601,3284,14,0
8601,4298,15,0
8601,4294,16,0
8601,4295,17,0
8601,4300,18,0
8601,3390,19,0
8601,3368,20,0
8601,3383,21,0
8601,3388,22,0
8601,5910,23,0
8601,5909,24,1
51400,5898,1,0
51400,4314,2,0
51400,3804,3,0
51400,4440,4,0
51400,5866,5,0
51400,3802,6,0
51400,3812,7,0
51400,3808,8,0
51400,3811,9,0
51400,3299,10,0
51400,3459,11,0
51400,4216,12,0
51400,3460,13,0
51400,5602,14,0
51400,4164,15,0
51400,4029,16,0
51400,4028,17,0
51400,5592,18,0
51400,4089,19,0
51400,3346,20,0
51400,3347,21,0
51400,4086,22,0
51400,4087,23,0
51400,5584,24,0
51400,5590,25,0
51400,5589,26,0
51400,5588,27,1
51401,5898,1,0
51401,3532,2,0
51401,5907,3,0
51401,3735,4,0
51401,3812,5,0
51401,3808,6,0
51401,3811,7,0
51401,3299,8,0
51401,3809,9,0
51401,3296,10,0
51401,3999,11,0
51401,3300,12,0
51401,3801,13,0
51401,3803,14,0
51401,3805,15,0
51401,4380,16,0
51401,4382,17,0
51401,4441,18,0
51401,4381,19,1
80800,5899,1,0
80800,3168,2,0
80800,3739,3,1
80801,5480,1,0
80801,4149,2,0
80801,5635,3,0
80801,3169,4,0
80801,5899,5,1
